Level( 4, 6, 8, 5, 3, 9, 2, 1, 7, 5, 7, 1, 2, 8, 6, 9, 3, 4, 9, 2, 3, 1, 4, 7, 5, 6, 8, 8, 1, 6, 9, 2, 5, 4, 7, 3, 7, 4, 5, 3, 6, 8, 1, 9, 2, 2, 3, 9, 4, 7, 1, 8, 5, 6, 3, 5, 7, 8, 9, 4, 6, 2, 1, 1, 8, 2, 6, 5, 3, 7, 4, 9, 6, 9, 4, 7, 1, 2, 3, 8, 5 )
Visible( 1, 0, 1, 0, 0, 1, 0, 0, 0, 1, 0, 0, 0, 0, 0, 0, 0, 1, 1, 0, 0, 1, 0, 1, 1, 0, 0, 0, 1, 0, 0, 0, 0, 0, 0, 0, 0, 0, 0, 0, 1, 0, 0, 1, 0, 0, 1, 0, 0, 0, 1, 0, 0, 0, 0, 0, 0, 0, 1, 0, 0, 1, 1, 0, 0, 0, 1, 1, 0, 1, 0, 0, 1, 0, 0, 0, 0, 0, 0, 1, 0 )
Hint([7,6]+[0,2]+[4,2] add up to 12)
Hint([6,5]+[7,4]+[1,4] add up to 18)
Hint([4,3]+[6,2] add up to 5)
Hint([6,4]+[0,8] add up to 5)
Hint([5,0]+[3,4] add up to 10)
Hint([8,7]+[3,4] add up to 10)
Hint([1,0]+[3,6]+[5,5] add up to 12)
Hint([1,4]+[3,5]+[1,6] add up to 10)
Hint([6,3]+[0,6] add up to 5)
Hint([8,0]+[3,7]+[2,5] add up to 19)
