Level( 1, 8, 6, 2, 3, 9, 7, 5, 4, 3, 2, 4, 5, 1, 7, 8, 6, 9, 7, 9, 5, 8, 6, 4, 3, 2, 1, 9, 5, 1, 6, 8, 2, 4, 3, 7, 8, 4, 3, 9, 7, 5, 6, 1, 2, 6, 7, 2, 3, 4, 1, 5, 9, 8, 5, 6, 7, 1, 2, 8, 9, 4, 3, 2, 3, 8, 4, 9, 6, 1, 7, 5, 4, 1, 9, 7, 5, 3, 2, 8, 6 )
Visible( 0, 0, 0, 0, 1, 1, 0, 0, 0, 1, 0, 0, 1, 0, 0, 1, 0, 0, 0, 0, 0, 0, 0, 1, 0, 1, 1, 1, 0, 0, 0, 1, 1, 1, 0, 0, 0, 1, 0, 0, 0, 0, 0, 1, 1, 0, 1, 0, 0, 1, 0, 0, 0, 0, 1, 0, 0, 1, 0, 1, 1, 0, 1, 0, 0, 0, 0, 0, 0, 0, 0, 0, 0, 1, 0, 0, 0, 0, 0, 1, 0 )
Hint([7,2]+[8,4]+[4,2] add up to 7)
Hint([5,1]+[6,6]+[2,5] add up to 15)
Hint([5,0]+[5,3] add up to 9)
Hint([6,2]+[8,5] add up to 9)
Hint([5,1]+[3,4] add up to 14)
Hint([8,4]+[2,6] add up to 7)
Hint([1,0]+[3,2]+[4,2] add up to 19)
Hint([0,5]+[3,4]+[1,4] add up to 16)
Hint([6,6]+[0,5] add up to 13)
Hint([7,4]+[4,4]+[2,6] add up to 12)
