Level( 6, 4, 5, 8, 1, 9, 2, 7, 3, 3, 1, 9, 2, 4, 7, 8, 5, 6, 8, 7, 2, 5, 6, 3, 9, 4, 1, 1, 8, 3, 7, 9, 6, 4, 2, 5, 9, 5, 6, 4, 2, 8, 1, 3, 7, 4, 2, 7, 1, 3, 5, 6, 8, 9, 2, 6, 4, 3, 7, 1, 5, 9, 8, 7, 9, 8, 6, 5, 4, 3, 1, 2, 5, 3, 1, 9, 8, 2, 7, 6, 4 )
Visible( 0, 1, 1, 1, 0, 0, 1, 0, 0, 1, 0, 1, 0, 0, 0, 1, 0, 0, 0, 0, 0, 0, 1, 0, 0, 0, 1, 1, 0, 1, 0, 1, 0, 0, 0, 0, 0, 0, 0, 1, 0, 1, 0, 1, 0, 0, 1, 0, 0, 0, 0, 0, 1, 0, 0, 0, 0, 0, 0, 1, 1, 0, 0, 0, 0, 1, 0, 0, 1, 0, 0, 1, 1, 0, 0, 1, 0, 0, 0, 0, 0 )
Hint([7,3]+[8,4]+[4,0] add up to 7)
Hint([5,4]+[7,6]+[2,8] add up to 15)
Hint([4,0]+[5,8] add up to 1)
Hint([7,0]+[8,1] add up to 11)
Hint([5,5]+[4,2] add up to 9)
Hint([0,3]+[2,0] add up to 4)
Hint([2,0]+[3,0] add up to 11)
Hint([6,8]+[1,1] add up to 6)
Hint([0,2]+[8,5] add up to 15)
Hint([0,7]+[8,0]+[7,5] add up to 15)
