Level( 6, 5, 2, 4, 8, 3, 7, 9, 1, 8, 7, 9, 6, 5, 1, 4, 2, 3, 4, 3, 1, 9, 7, 2, 8, 5, 6, 5, 6, 7, 1, 2, 4, 3, 8, 9, 9, 8, 4, 3, 6, 7, 2, 1, 5, 2, 1, 3, 5, 9, 8, 6, 7, 4, 3, 4, 8, 2, 1, 9, 5, 6, 7, 1, 2, 6, 7, 3, 5, 9, 4, 8, 7, 9, 5, 8, 4, 6, 1, 3, 2 )
Visible( 0, 0, 0, 1, 1, 0, 0, 1, 0, 1, 0, 0, 0, 0, 1, 0, 0, 0, 0, 1, 1, 0, 0, 1, 0, 0, 0, 1, 0, 0, 1, 0, 0, 1, 0, 1, 0, 0, 1, 0, 1, 1, 1, 0, 0, 0, 0, 0, 0, 1, 1, 0, 0, 0, 1, 0, 1, 0, 0, 0, 1, 0, 0, 0, 1, 0, 0, 0, 0, 0, 0, 0, 0, 1, 1, 1, 0, 0, 0, 1, 0 )
Hint([7,5]+[0,5]+[4,7] add up to 9)
Hint([6,8]+[8,1]+[0,8] add up to 8)
Hint([5,2]+[6,6] add up to 5)
Hint([6,7]+[1,6] add up to 11)
Hint([6,2]+[4,5] add up to 15)
Hint([1,0]+[1,8] add up to 12)
Hint([2,0]+[3,7]+[5,5] add up to 14)
Hint([0,3]+[3,8]+[2,1] add up to 19)
Hint([7,3]+[0,2]+[7,2] add up to 14)
Hint([5,5]+[2,7]+[6,3] add up to 14)
