Level( 1, 2, 9, 3, 6, 8, 4, 5, 7, 8, 3, 4, 1, 5, 7, 2, 9, 6, 6, 5, 7, 4, 9, 2, 1, 3, 8, 2, 1, 5, 8, 3, 6, 9, 7, 4, 4, 9, 3, 7, 2, 1, 6, 8, 5, 7, 6, 8, 9, 4, 5, 3, 2, 1, 9, 4, 6, 5, 7, 3, 8, 1, 2, 5, 8, 2, 6, 1, 9, 7, 4, 3, 3, 7, 1, 2, 8, 4, 5, 6, 9 )
Visible( 0, 0, 0, 1, 0, 0, 1, 0, 0, 0, 0, 0, 1, 1, 1, 0, 1, 0, 0, 1, 0, 0, 0, 1, 0, 0, 1, 1, 0, 0, 0, 0, 0, 0, 0, 1, 0, 1, 1, 0, 0, 0, 1, 1, 0, 1, 0, 0, 1, 0, 1, 0, 0, 0, 1, 0, 1, 0, 0, 0, 0, 0, 1, 0, 0, 0, 0, 0, 0, 1, 0, 0, 0, 0, 0, 1, 1, 0, 0, 0, 0 )
Hint([7,8]+[1,8]+[5,5] add up to 15)
Hint([5,6]+[8,2]+[0,0] add up to 9)
Hint([6,4]+[6,4] add up to 10)
Hint([6,5]+[0,4] add up to 5)
Hint([6,2]+[4,8] add up to 7)
Hint([0,0]+[1,3] add up to 0)
Hint([1,6]+[4,8]+[6,1] add up to 11)
Hint([0,0]+[2,8]+[2,5] add up to 7)
Hint([7,1]+[8,0] add up to 14)
Hint([0,7]+[5,5]+[2,8] add up to 8)
