Level( 9, 8, 4, 7, 5, 6, 3, 1, 2, 2, 5, 6, 9, 1, 3, 7, 4, 8, 7, 1, 3, 2, 8, 4, 6, 5, 9, 4, 3, 9, 5, 6, 7, 2, 8, 1, 8, 7, 1, 4, 2, 9, 5, 6, 3, 5, 6, 2, 1, 3, 8, 4, 9, 7, 1, 2, 8, 3, 4, 5, 9, 7, 6, 6, 9, 5, 8, 7, 2, 1, 3, 4, 3, 4, 7, 6, 9, 1, 8, 2, 5 )
Visible( 1, 0, 0, 0, 0, 0, 1, 0, 1, 0, 0, 0, 0, 1, 0, 0, 1, 0, 0, 0, 1, 0, 1, 1, 0, 1, 0, 0, 0, 0, 0, 1, 1, 0, 0, 0, 0, 1, 0, 0, 0, 0, 0, 0, 0, 1, 1, 0, 0, 0, 0, 1, 0, 0, 0, 0, 1, 1, 0, 0, 0, 1, 1, 0, 0, 0, 0, 0, 1, 1, 0, 1, 1, 0, 0, 0, 0, 0, 0, 1, 0 )
Hint([7,4]+[0,4]+[4,1] add up to 12)
Hint([5,3]+[7,2]+[1,0] add up to 17)
Hint([5,0]+[5,3] add up to 11)
Hint([7,6]+[1,4] add up to 12)
Hint([7,4]+[4,0] add up to 9)
Hint([1,1]+[2,4] add up to 4)
Hint([2,6]+[4,4]+[4,8] add up to 16)
Hint([0,5]+[3,8]+[2,6] add up to 16)
Hint([7,8]+[1,3] add up to 3)
Hint([8,2]+[4,2]+[1,7] add up to 23)
