Level( 7, 9, 4, 3, 8, 5, 1, 2, 6, 1, 8, 6, 4, 7, 2, 5, 9, 3, 2, 3, 5, 6, 1, 9, 4, 8, 7, 9, 5, 3, 1, 6, 8, 7, 4, 2, 4, 6, 2, 5, 9, 7, 3, 1, 8, 8, 7, 1, 2, 4, 3, 9, 6, 5, 6, 2, 9, 7, 3, 1, 8, 5, 4, 5, 1, 7, 8, 2, 4, 6, 3, 9, 3, 4, 8, 9, 5, 6, 2, 7, 1 )
Visible( 0, 0, 0, 1, 0, 0, 0, 0, 1, 0, 0, 1, 1, 1, 0, 1, 0, 0, 1, 0, 0, 0, 0, 1, 1, 0, 0, 0, 1, 1, 1, 0, 1, 0, 0, 0, 0, 0, 0, 0, 0, 0, 0, 0, 0, 0, 1, 1, 0, 1, 0, 0, 0, 0, 1, 0, 0, 0, 0, 0, 0, 0, 0, 0, 0, 0, 0, 1, 0, 0, 1, 0, 0, 0, 0, 1, 0, 1, 1, 0, 1 )
Hint([6,5]+[0,1]+[3,4] add up to 12)
Hint([7,6]+[8,2]+[1,3] add up to 14)
Hint([4,8]+[7,1] add up to 12)
Hint([7,2]+[8,0] add up to 12)
Hint([5,7]+[5,7] add up to 6)
Hint([0,3]+[2,5] add up to 8)
Hint([2,7]+[5,8]+[6,6] add up to 18)
Hint([0,6]+[3,0]+[8,7] add up to 15)
Hint([8,8]+[1,2] add up to 2)
Hint([0,8]+[5,8]+[3,0] add up to 9)
