Level( 8, 7, 3, 2, 5, 1, 6, 9, 4, 9, 4, 5, 8, 7, 6, 3, 1, 2, 1, 2, 6, 9, 4, 3, 7, 8, 5, 6, 8, 9, 3, 2, 7, 4, 5, 1, 4, 5, 7, 6, 1, 9, 2, 3, 8, 3, 1, 2, 4, 8, 5, 9, 6, 7, 2, 6, 4, 1, 3, 8, 5, 7, 9, 7, 9, 1, 5, 6, 2, 8, 4, 3, 5, 3, 8, 7, 9, 4, 1, 2, 6 )
Visible( 0, 0, 1, 0, 0, 0, 0, 1, 0, 0, 0, 0, 0, 1, 0, 0, 0, 0, 0, 1, 0, 1, 0, 0, 0, 1, 1, 1, 0, 0, 0, 1, 0, 0, 0, 0, 1, 0, 0, 0, 0, 1, 0, 1, 0, 0, 1, 0, 0, 0, 1, 0, 0, 0, 0, 0, 1, 1, 0, 0, 0, 0, 1, 0, 1, 0, 1, 0, 0, 1, 1, 0, 1, 1, 0, 1, 0, 0, 0, 0, 1 )
Hint([7,0]+[8,6]+[5,4] add up to 24)
Hint([6,6]+[8,5]+[1,6] add up to 15)
Hint([5,0]+[5,0] add up to 0)
Hint([6,1]+[8,4] add up to 9)
Hint([6,7]+[5,5] add up to 11)
Hint([8,2]+[2,4] add up to 10)
Hint([1,4]+[4,5]+[4,0] add up to 15)
Hint([0,6]+[3,1] add up to 8)
Hint([1,4]+[7,7] add up to 7)
Hint([6,5]+[8,7] add up to 10)
