Level( 3, 4, 5, 6, 2, 1, 7, 9, 8, 9, 2, 6, 7, 8, 4, 1, 3, 5, 8, 7, 1, 9, 5, 3, 2, 4, 6, 2, 8, 3, 1, 7, 5, 4, 6, 9, 5, 9, 7, 4, 6, 8, 3, 2, 1, 6, 1, 4, 3, 9, 2, 5, 8, 7, 4, 6, 9, 2, 1, 7, 8, 5, 3, 7, 3, 8, 5, 4, 9, 6, 1, 2, 1, 5, 2, 8, 3, 6, 9, 7, 4 )
Visible( 0, 1, 0, 0, 0, 0, 0, 0, 0, 1, 0, 1, 0, 0, 0, 0, 1, 1, 0, 1, 0, 0, 1, 0, 1, 0, 0, 0, 1, 0, 1, 0, 1, 0, 1, 0, 0, 0, 1, 0, 1, 1, 0, 0, 0, 0, 1, 0, 1, 0, 0, 1, 0, 1, 0, 0, 0, 0, 0, 0, 0, 0, 0, 0, 0, 0, 0, 1, 1, 0, 0, 1, 1, 0, 0, 1, 0, 0, 1, 1, 0 )
Hint([7,1]+[8,5]+[5,7] add up to 16)
Hint([6,6]+[8,5]+[1,5] add up to 13)
Hint([4,1]+[5,3] add up to 11)
Hint([7,1]+[8,6] add up to 4)
Hint([5,7]+[5,3] add up to 12)
Hint([8,7]+[3,7] add up to 5)
Hint([1,8]+[5,5]+[5,4] add up to 12)
Hint([0,0]+[2,2]+[0,8] add up to 2)
Hint([8,8]+[1,2] add up to 9)
Hint([7,8]+[5,5]+[2,6] add up to 15)
