Level( 6, 5, 9, 7, 1, 8, 2, 3, 4, 4, 3, 1, 5, 6, 2, 7, 8, 9, 7, 8, 2, 4, 9, 3, 5, 6, 1, 5, 1, 7, 3, 2, 4, 8, 9, 6, 8, 9, 6, 1, 7, 5, 3, 4, 2, 2, 4, 3, 6, 8, 9, 1, 5, 7, 1, 7, 4, 8, 3, 6, 9, 2, 5, 9, 6, 8, 2, 5, 7, 4, 1, 3, 3, 2, 5, 9, 4, 1, 6, 7, 8 )
Visible( 1, 1, 0, 1, 0, 0, 0, 0, 0, 0, 0, 0, 0, 0, 1, 0, 0, 0, 0, 0, 1, 0, 1, 1, 1, 0, 0, 0, 1, 0, 1, 1, 0, 0, 0, 1, 1, 1, 0, 0, 0, 0, 1, 0, 0, 0, 0, 0, 0, 0, 1, 0, 0, 0, 0, 0, 1, 0, 0, 0, 0, 1, 1, 0, 1, 0, 0, 1, 0, 0, 1, 0, 1, 0, 0, 0, 1, 0, 0, 0, 1 )
Hint([6,3]+[8,2]+[3,0] add up to 13)
Hint([6,6]+[8,0]+[0,7] add up to 19)
Hint([5,8]+[7,8] add up to 6)
Hint([7,0]+[8,0] add up to 5)
Hint([7,6]+[5,8] add up to 1)
Hint([0,3]+[2,6] add up to 7)
Hint([1,7]+[5,0]+[3,2] add up to 15)
Hint([8,4]+[3,3]+[0,0] add up to 8)
Hint([7,3]+[0,8]+[0,6] add up to 10)
Hint([5,4]+[1,5] add up to 7)
