Level( B, E, 0, 9, 2, 4, 5, F, 6, D, 1, 8, 3, 7, C, A, D, 5, 7, 6, 8, 3, A, C, 4, E, F, B, 0, 2, 1, 9, 3, 8, 1, A, 9, B, 6, 7, 5, 2, 0, C, D, E, 4, F, 2, 4, F, C, 0, E, D, 1, 9, A, 7, 3, B, 8, 6, 5, F, C, E, 0, B, 6, 7, 2, A, 9, D, 5, 8, 1, 3, 4, 8, 9, B, D, A, C, F, E, 1, 4, 3, 7, 2, 6, 5, 0, 7, 6, 2, 4, 1, 8, 3, 5, 0, B, C, F, E, 9, A, D, 5, 3, A, 1, 4, D, 0, 9, 2, 8, 6, E, C, F, B, 7, E, 2, 6, 7, C, 0, 4, B, F, 5, 9, D, A, 3, 8, 1, C, D, 3, F, E, 7, 9, A, 8, 1, B, 6, 4, 5, 0, 2, 9, 1, 4, B, 3, 5, 8, 6, C, 0, 2, A, 7, D, F, E, A, 0, 5, 8, F, 2, 1, D, 3, 7, E, 4, 6, C, 9, B, 1, 7, D, E, 5, F, C, 8, B, 6, A, 0, 9, 4, 2, 3, 0, B, 8, 5, D, 1, 2, 3, 7, C, 4, 9, F, A, E, 6, 4, F, 9, 2, 6, A, E, 0, D, 3, 8, 1, 5, B, 7, C, 6, A, C, 3, 7, 9, B, 4, E, F, 5, 2, 1, 0, D, 8 )
Visible( 1, 1, 0, 0, 0, 1, 1, 0, 0, 1, 1, 1, 0, 1, 0, 1, 1, 0, 0, 0, 1, 0, 0, 1, 1, 0, 0, 1, 0, 0, 1, 0, 0, 0, 0, 1, 0, 0, 0, 1, 1, 1, 0, 1, 0, 0, 0, 0, 1, 0, 0, 1, 0, 0, 0, 1, 0, 1, 1, 0, 1, 0, 1, 0, 1, 0, 1, 0, 0, 0, 1, 0, 0, 1, 1, 0, 1, 1, 1, 0, 1, 0, 1, 0, 1, 1, 0, 0, 1, 0, 1, 0, 1, 0, 0, 0, 0, 1, 0, 0, 0, 0, 1, 1, 1, 1, 1, 0, 1, 1, 0, 1, 0, 1, 1, 1, 0, 0, 1, 0, 1, 1, 1, 0, 1, 1, 1, 0, 0, 1, 1, 0, 0, 1, 0, 0, 0, 0, 0, 1, 0, 0, 1, 1, 1, 0, 0, 0, 0, 0, 1, 1, 0, 1, 1, 0, 0, 0, 1, 0, 1, 1, 0, 1, 1, 0, 1, 0, 1, 1, 0, 0, 1, 0, 1, 1, 1, 0, 1, 0, 1, 1, 1, 0, 0, 1, 0, 1, 0, 0, 0, 1, 0, 1, 1, 1, 0, 1, 1, 1, 1, 1, 1, 1, 0, 0, 0, 1, 0, 0, 0, 0, 0, 1, 0, 0, 0, 0, 1, 0, 1, 0, 1, 0, 0, 0, 0, 0, 0, 0, 0, 1, 1, 0, 1, 0, 0, 1, 0, 1, 1, 0, 1, 0, 1, 1, 1, 1, 0, 0, 0, 0, 1, 0, 0, 0 )
Hint([12,5]+[15,11]+[9,6] add up to 24)
Hint([13,5]+[12,3]+[1,15] add up to 27)
Hint([10,13]+[13,10] add up to 17)
Hint([12,12]+[2,11] add up to 14)
Hint([9,1]+[6,6] add up to 17)
Hint([1,11]+[6,8] add up to 4)
Hint([1,15]+[9,12]+[9,4] add up to 25)
Hint([1,4]+[4,0]+[15,15] add up to 22)
Hint([11,12]+[2,3] add up to 15)
Hint([13,4]+[7,0]+[1,1] add up to 21)
