Level( D, E, 2, 5, B, 6, 9, 3, F, 7, 8, 4, A, C, 0, 1, F, 0, B, 8, C, 1, 7, A, D, 3, E, 6, 2, 4, 5, 9, C, 6, 7, 3, 8, 0, 4, 2, 9, 1, A, 5, D, B, E, F, 1, A, 9, 4, 5, D, E, F, 2, 0, C, B, 8, 3, 6, 7, A, 8, 3, 7, D, B, 0, 4, 6, 2, F, 1, C, 5, 9, E, 4, C, 0, 1, F, A, 3, 7, E, 5, 9, D, B, 6, 8, 2, 9, B, F, 6, 2, E, 1, 5, 8, C, 7, 0, 3, D, A, 4, 2, D, 5, E, 9, 8, C, 6, 4, A, B, 3, 1, F, 7, 0, 8, 5, A, F, 3, 9, B, 0, C, E, D, 2, 7, 1, 4, 6, 6, 7, E, 0, 4, 2, D, 1, 3, 8, 5, 9, F, A, B, C, 3, 9, 1, 2, E, F, A, C, B, 6, 4, 7, 5, 0, D, 8, B, 4, D, C, 7, 5, 6, 8, 0, F, 1, A, E, 9, 2, 3, E, 1, 4, B, A, C, F, D, 7, 9, 6, 8, 0, 2, 3, 5, 7, 2, 8, 9, 6, 3, 5, B, 1, D, 0, F, 4, E, C, A, 0, 3, C, A, 1, 4, 8, 9, 5, B, 2, E, 6, 7, F, D, 5, F, 6, D, 0, 7, 2, E, A, 4, 3, C, 9, 8, 1, B )
Visible( 0, 1, 1, 0, 1, 1, 1, 0, 1, 1, 0, 0, 0, 0, 1, 0, 1, 1, 0, 0, 1, 0, 0, 1, 1, 0, 0, 1, 0, 1, 0, 0, 0, 0, 1, 0, 1, 0, 1, 0, 0, 0, 1, 1, 1, 0, 0, 1, 1, 0, 0, 0, 1, 1, 1, 1, 1, 0, 1, 0, 1, 1, 0, 1, 1, 0, 0, 0, 0, 1, 1, 1, 1, 0, 0, 1, 0, 0, 0, 0, 1, 0, 1, 1, 0, 1, 1, 0, 1, 0, 0, 0, 0, 0, 0, 1, 1, 0, 0, 1, 0, 0, 0, 1, 1, 0, 0, 0, 0, 0, 1, 0, 0, 0, 1, 0, 0, 0, 0, 1, 1, 1, 1, 0, 0, 0, 1, 0, 1, 0, 1, 1, 1, 0, 0, 1, 0, 0, 1, 0, 0, 1, 1, 1, 0, 0, 1, 0, 0, 0, 1, 0, 0, 0, 1, 1, 0, 1, 0, 0, 1, 0, 1, 0, 0, 1, 1, 1, 1, 1, 1, 1, 1, 0, 0, 0, 1, 1, 1, 1, 1, 0, 0, 1, 0, 1, 0, 1, 0, 0, 0, 0, 1, 0, 1, 1, 0, 0, 0, 0, 0, 1, 0, 0, 0, 1, 0, 1, 0, 1, 0, 0, 1, 1, 1, 1, 1, 1, 0, 0, 0, 0, 0, 1, 0, 0, 1, 0, 1, 1, 0, 1, 0, 1, 1, 0, 0, 0, 0, 1, 1, 1, 0, 0, 0, 0, 0, 0, 0, 0, 1, 1, 0, 1, 0, 0 )
Hint([11,10]+[1,2]+[6,6] add up to 14)
Hint([11,7]+[13,6]+[2,2] add up to 23)
Hint([7,9]+[12,8] add up to 8)
Hint([11,7]+[0,0] add up to 16)
Hint([10,0]+[6,13] add up to 13)
Hint([14,1]+[3,9] add up to 5)
Hint([2,13]+[9,12]+[9,5] add up to 22)
Hint([3,6]+[5,3]+[0,10] add up to 22)
Hint([12,13]+[2,7] add up to 9)
Hint([0,6]+[8,12]+[4,10] add up to 30)
