Level( 9, 3, 5, 4, 6, 7, 2, 8, 1, 1, 7, 6, 2, 8, 9, 5, 4, 3, 8, 4, 2, 3, 1, 5, 6, 7, 9, 5, 6, 1, 7, 3, 8, 4, 9, 2, 2, 8, 3, 9, 5, 4, 7, 1, 6, 4, 9, 7, 1, 2, 6, 3, 5, 8, 3, 1, 9, 5, 4, 2, 8, 6, 7, 7, 5, 8, 6, 9, 3, 1, 2, 4, 6, 2, 4, 8, 7, 1, 9, 3, 5 )
Visible( 0, 0, 1, 0, 0, 0, 0, 1, 0, 0, 0, 1, 0, 1, 0, 0, 0, 1, 0, 1, 0, 0, 0, 1, 0, 0, 0, 1, 0, 1, 1, 0, 0, 0, 1, 0, 0, 0, 0, 1, 0, 1, 1, 0, 0, 0, 0, 0, 0, 0, 0, 0, 0, 1, 1, 1, 0, 0, 0, 0, 0, 0, 1, 0, 0, 1, 0, 0, 0, 0, 0, 1, 0, 1, 1, 0, 0, 1, 0, 0, 0 )
Hint([6,6]+[0,2]+[3,0] add up to 17)
Hint([5,0]+[6,8]+[2,6] add up to 22)
Hint([6,2]+[6,5] add up to 7)
Hint([6,6]+[1,1] add up to 13)
Hint([5,4]+[4,3] add up to 5)
Hint([8,7]+[3,3] add up to 9)
Hint([2,2]+[3,0]+[3,7] add up to 9)
Hint([1,5]+[3,0]+[8,0] add up to 11)
Hint([7,8]+[1,3]+[7,0] add up to 14)
Hint([4,1]+[1,2]+[5,0] add up to 16)
