Level( 3, 4, 6, 2, 1, 9, 7, 5, 8, 2, 1, 5, 8, 4, 7, 9, 3, 6, 9, 8, 7, 6, 5, 3, 2, 4, 1, 5, 6, 2, 9, 3, 4, 1, 8, 7, 1, 7, 3, 5, 8, 2, 4, 6, 9, 8, 9, 4, 7, 6, 1, 5, 2, 3, 4, 2, 9, 3, 7, 8, 6, 1, 5, 7, 5, 8, 1, 2, 6, 3, 9, 4, 6, 3, 1, 4, 9, 5, 8, 7, 2 )
Visible( 0, 0, 1, 0, 0, 1, 0, 1, 0, 1, 1, 0, 1, 0, 0, 0, 0, 0, 0, 0, 0, 0, 0, 0, 0, 1, 1, 1, 0, 0, 1, 0, 1, 0, 0, 1, 0, 0, 0, 1, 0, 0, 0, 0, 0, 1, 0, 1, 1, 1, 0, 1, 0, 0, 0, 0, 1, 0, 0, 0, 0, 0, 0, 0, 0, 0, 0, 1, 1, 0, 1, 0, 0, 1, 1, 0, 0, 0, 0, 0, 0 )
Hint([8,5]+[0,7]+[5,4] add up to 9)
Hint([5,7]+[8,6]+[2,4] add up to 11)
Hint([5,0]+[5,1] add up to 14)
Hint([7,1]+[8,5] add up to 4)
Hint([6,8]+[5,4] add up to 8)
Hint([0,5]+[3,4] add up to 11)
Hint([1,4]+[4,2]+[4,7] add up to 11)
Hint([1,0]+[2,5]+[1,8] add up to 8)
Hint([8,0]+[8,2] add up to 7)
Hint([7,5]+[5,2]+[1,8] add up to 5)
