Level( 4, 6, 2, 5, 3, 8, 9, 1, 7, 5, 8, 1, 2, 7, 9, 3, 4, 6, 9, 3, 7, 1, 4, 6, 5, 8, 2, 3, 7, 8, 9, 2, 1, 4, 6, 5, 2, 4, 6, 3, 8, 5, 1, 7, 9, 1, 5, 9, 4, 6, 7, 8, 2, 3, 7, 2, 4, 8, 5, 3, 6, 9, 1, 8, 9, 3, 6, 1, 2, 7, 5, 4, 6, 1, 5, 7, 9, 4, 2, 3, 8 )
Visible( 0, 0, 1, 0, 0, 1, 0, 0, 1, 0, 0, 0, 0, 0, 0, 0, 1, 0, 0, 0, 0, 0, 0, 1, 1, 1, 0, 1, 0, 0, 1, 0, 1, 0, 1, 0, 0, 0, 0, 1, 1, 0, 0, 0, 0, 1, 1, 0, 0, 1, 0, 0, 0, 0, 1, 0, 0, 0, 0, 0, 0, 0, 1, 0, 0, 0, 0, 0, 0, 1, 0, 0, 1, 0, 0, 0, 1, 1, 0, 1, 1 )
Hint([8,4]+[0,2]+[4,8] add up to 24)
Hint([5,3]+[7,2]+[1,4] add up to 10)
Hint([6,0]+[5,2] add up to 13)
Hint([7,1]+[8,1] add up to 8)
Hint([5,5]+[4,6] add up to 10)
Hint([0,6]+[3,5] add up to 9)
Hint([2,6]+[4,2]+[4,7] add up to 6)
Hint([8,1]+[2,7]+[2,2] add up to 13)
Hint([7,1]+[8,8]+[8,8] add up to 17)
Hint([4,0]+[0,0] add up to 5)
