Level( 4, 7, 2, 5, 6, 3, 9, 1, 8, 3, 8, 1, 9, 7, 4, 2, 5, 6, 6, 5, 9, 8, 2, 1, 7, 4, 3, 1, 6, 3, 7, 5, 9, 8, 2, 4, 5, 2, 7, 4, 3, 8, 6, 9, 1, 9, 4, 8, 6, 1, 2, 3, 7, 5, 7, 9, 6, 3, 4, 5, 1, 8, 2, 8, 1, 4, 2, 9, 6, 5, 3, 7, 2, 3, 5, 1, 8, 7, 4, 6, 9 )
Visible( 0, 1, 0, 1, 0, 0, 1, 0, 0, 1, 0, 1, 0, 1, 0, 1, 0, 0, 1, 0, 0, 0, 1, 0, 0, 0, 1, 0, 0, 1, 0, 0, 1, 0, 0, 0, 0, 0, 0, 1, 0, 0, 1, 0, 1, 1, 0, 1, 0, 0, 0, 0, 0, 0, 0, 0, 0, 0, 0, 0, 0, 0, 1, 0, 1, 0, 1, 1, 1, 0, 0, 1, 0, 0, 1, 0, 0, 0, 0, 0, 0 )
Hint([6,0]+[8,6]+[5,8] add up to 15)
Hint([6,5]+[7,7]+[2,2] add up to 12)
Hint([4,3]+[6,6] add up to 4)
Hint([5,7]+[1,6] add up to 13)
Hint([7,0]+[3,0] add up to 4)
Hint([8,6]+[3,2] add up to 8)
Hint([2,1]+[3,0]+[3,2] add up to 11)
Hint([0,6]+[3,4]+[1,4] add up to 10)
Hint([6,3]+[0,0] add up to 10)
Hint([7,7]+[5,7]+[2,5] add up to 14)
