Level( 9, 4, 3, 6, 5, 7, 1, 8, 2, 7, 5, 1, 9, 8, 2, 6, 4, 3, 8, 2, 6, 1, 4, 3, 9, 5, 7, 1, 3, 4, 2, 9, 5, 7, 6, 8, 6, 8, 5, 3, 7, 4, 2, 1, 9, 2, 9, 7, 8, 1, 6, 5, 3, 4, 5, 6, 2, 7, 3, 8, 4, 9, 1, 4, 1, 8, 5, 2, 9, 3, 7, 6, 3, 7, 9, 4, 6, 1, 8, 2, 5 )
Visible( 0, 0, 1, 0, 0, 0, 0, 0, 0, 1, 0, 1, 0, 0, 0, 0, 1, 0, 0, 0, 0, 0, 0, 1, 1, 1, 0, 1, 0, 0, 1, 0, 1, 0, 0, 0, 0, 0, 0, 1, 1, 0, 0, 0, 1, 0, 1, 0, 0, 0, 0, 1, 0, 0, 0, 1, 0, 1, 0, 0, 1, 0, 0, 0, 0, 1, 1, 0, 0, 0, 1, 1, 0, 0, 0, 0, 1, 0, 0, 1, 0 )
Hint([7,1]+[8,8]+[5,6] add up to 14)
Hint([5,5]+[7,1]+[0,4] add up to 13)
Hint([6,0]+[5,4] add up to 3)
Hint([7,3]+[0,1] add up to 11)
Hint([7,6]+[5,6] add up to 15)
Hint([8,5]+[3,7] add up to 7)
Hint([1,2]+[3,1]+[4,3] add up to 17)
Hint([8,6]+[3,6]+[1,8] add up to 12)
Hint([8,7]+[1,2] add up to 6)
Hint([0,2]+[4,2]+[1,6] add up to 15)
