Level( E, 6, B, 9, F, 4, 0, 1, 7, 2, D, 5, 3, 8, C, A, 0, 4, A, 2, 3, B, 7, 5, 8, 1, 9, C, 6, F, E, D, D, C, 1, 8, 9, E, 6, 2, 0, F, 3, A, B, 7, 5, 4, 5, F, 3, 7, 8, A, D, C, 4, 6, E, B, 0, 1, 2, 9, 2, D, E, C, 4, 1, 3, 8, 5, 7, A, 6, F, 9, B, 0, 4, 5, 6, 1, 0, D, B, A, 2, 9, 8, F, C, E, 7, 3, 8, A, 7, 0, 6, 2, F, 9, B, 3, C, E, 1, 4, D, 5, 9, B, F, 3, E, C, 5, 7, D, 4, 1, 0, 2, A, 6, 8, A, E, 8, F, D, 5, 9, 3, C, B, 6, 4, 7, 2, 0, 1, 3, 9, 2, 5, A, 6, C, E, F, 0, 7, 1, 8, D, 4, B, 7, 0, 4, D, B, 8, 1, F, A, E, 2, 3, 5, 6, 9, C, B, 1, C, 6, 2, 7, 4, 0, 9, D, 5, 8, E, 3, A, F, 1, 3, D, 4, C, 9, 8, 6, E, 5, 0, 2, A, B, F, 7, 6, 2, 5, B, 7, 0, A, 4, 1, 8, F, D, 9, C, 3, E, F, 8, 9, A, 5, 3, E, D, 6, C, B, 7, 4, 0, 1, 2, C, 7, 0, E, 1, F, 2, B, 3, A, 4, 9, D, 5, 8, 6 )
Visible( 1, 0, 0, 1, 0, 0, 0, 1, 1, 1, 1, 0, 0, 1, 0, 0, 1, 1, 0, 1, 1, 0, 1, 1, 1, 1, 0, 1, 0, 0, 0, 0, 1, 0, 0, 1, 0, 1, 1, 1, 1, 1, 1, 0, 1, 1, 1, 1, 0, 1, 1, 0, 1, 0, 0, 1, 1, 1, 0, 0, 1, 1, 0, 1, 0, 0, 0, 1, 0, 0, 1, 0, 0, 1, 0, 0, 0, 0, 0, 1, 1, 1, 1, 0, 0, 0, 0, 0, 0, 0, 1, 0, 0, 0, 0, 0, 0, 1, 1, 0, 0, 1, 1, 0, 0, 0, 0, 1, 0, 1, 1, 0, 1, 1, 0, 0, 0, 0, 0, 1, 0, 0, 1, 1, 1, 0, 0, 1, 1, 1, 1, 0, 0, 0, 0, 0, 1, 0, 1, 0, 1, 0, 1, 0, 0, 0, 1, 0, 1, 0, 0, 1, 0, 1, 0, 0, 1, 1, 0, 0, 0, 1, 0, 1, 0, 0, 1, 1, 1, 0, 0, 1, 1, 0, 1, 0, 0, 1, 0, 1, 1, 1, 1, 0, 0, 0, 1, 0, 1, 0, 0, 0, 1, 1, 0, 0, 1, 1, 0, 0, 0, 1, 1, 1, 1, 1, 0, 1, 0, 0, 0, 0, 1, 0, 1, 1, 0, 1, 1, 1, 1, 1, 0, 1, 0, 0, 0, 0, 1, 0, 0, 0, 0, 0, 1, 0, 1, 1, 1, 0, 0, 1, 0, 0, 1, 1, 0, 0, 1, 1, 0, 0, 1, 1, 0, 0 )
Hint([15,10]+[1,7]+[7,6] add up to 32)
Hint([13,4]+[12,12]+[4,5] add up to 19)
Hint([8,14]+[13,9] add up to 19)
Hint([11,4]+[15,0] add up to 16)
Hint([12,5]+[7,8] add up to 15)
Hint([2,3]+[3,12] add up to 7)
Hint([4,15]+[9,12]+[9,9] add up to 6)
Hint([2,2]+[4,12]+[3,12] add up to 17)
Hint([13,10]+[1,2] add up to 18)
Hint([15,9]+[8,11]+[4,9] add up to 30)
