Level( 5, 6, 1, 2, 4, 7, 3, 8, 9, 3, 2, 8, 9, 6, 1, 5, 4, 7, 4, 7, 9, 8, 5, 3, 6, 1, 2, 8, 5, 3, 6, 1, 2, 7, 9, 4, 6, 1, 7, 4, 8, 9, 2, 5, 3, 2, 9, 4, 3, 7, 5, 1, 6, 8, 1, 3, 5, 7, 9, 4, 8, 2, 6, 7, 4, 6, 5, 2, 8, 9, 3, 1, 9, 8, 2, 1, 3, 6, 4, 7, 5 )
Visible( 1, 0, 0, 1, 1, 1, 0, 0, 0, 0, 1, 1, 0, 1, 0, 0, 0, 0, 1, 0, 0, 0, 0, 0, 1, 0, 0, 0, 1, 0, 0, 0, 0, 1, 0, 0, 0, 0, 0, 0, 1, 0, 1, 0, 0, 0, 0, 1, 0, 0, 0, 0, 1, 1, 0, 0, 1, 1, 0, 0, 0, 0, 0, 0, 0, 1, 0, 0, 1, 0, 1, 1, 0, 0, 0, 1, 1, 0, 0, 1, 0 )
Hint([8,7]+[1,7]+[5,1] add up to 3)
Hint([5,5]+[7,4]+[1,0] add up to 13)
Hint([4,5]+[6,4] add up to 7)
Hint([7,4]+[0,3] add up to 11)
Hint([5,1]+[3,4] add up to 3)
Hint([0,4]+[2,0] add up to 5)
Hint([2,3]+[4,2] add up to 6)
Hint([6,5]+[0,7] add up to 6)
Hint([1,7]+[0,1] add up to 5)
Hint([8,7]+[8,5]+[8,4] add up to 9)
