Level( 2, 3, 8, 1, 5, 7, 9, 6, 4, 5, 7, 6, 4, 8, 9, 3, 1, 2, 9, 1, 4, 2, 3, 6, 5, 8, 7, 1, 8, 9, 7, 2, 4, 6, 3, 5, 4, 6, 5, 3, 9, 1, 2, 7, 8, 3, 2, 7, 8, 6, 5, 4, 9, 1, 6, 9, 2, 5, 7, 8, 1, 4, 3, 8, 4, 3, 9, 1, 2, 7, 5, 6, 7, 5, 1, 6, 4, 3, 8, 2, 9 )
Visible( 0, 0, 0, 0, 1, 0, 1, 0, 1, 1, 0, 0, 0, 1, 1, 1, 0, 0, 0, 0, 1, 0, 0, 0, 0, 0, 1, 1, 0, 0, 1, 0, 1, 0, 0, 1, 1, 1, 0, 0, 1, 0, 0, 0, 1, 0, 1, 0, 0, 0, 1, 0, 0, 0, 0, 1, 0, 0, 0, 0, 0, 1, 0, 0, 1, 1, 0, 0, 1, 1, 0, 0, 0, 0, 0, 0, 0, 0, 1, 0, 1 )
Hint([7,2]+[8,4]+[4,1] add up to 21)
Hint([6,0]+[6,2]+[1,2] add up to 12)
Hint([4,5]+[6,6] add up to 5)
Hint([6,1]+[8,3] add up to 6)
Hint([6,5]+[5,5] add up to 7)
Hint([8,7]+[3,6] add up to 9)
Hint([1,2]+[3,4]+[4,3] add up to 3)
Hint([1,4]+[3,2]+[0,6] add up to 11)
Hint([6,2]+[8,8] add up to 12)
Hint([8,5]+[5,5] add up to 4)
