Level( 4, 9, 3, 5, 1, 6, 2, 7, 8, 1, 5, 8, 2, 3, 7, 9, 6, 4, 2, 6, 7, 8, 9, 4, 1, 3, 5, 8, 4, 6, 9, 7, 2, 3, 5, 1, 9, 3, 5, 4, 8, 1, 6, 2, 7, 7, 2, 1, 6, 5, 3, 4, 8, 9, 3, 8, 4, 7, 2, 9, 5, 1, 6, 6, 7, 2, 1, 4, 5, 8, 9, 3, 5, 1, 9, 3, 6, 8, 7, 4, 2 )
Visible( 0, 0, 0, 1, 0, 0, 0, 1, 0, 0, 1, 0, 0, 0, 0, 0, 0, 1, 1, 0, 0, 0, 1, 1, 1, 1, 0, 0, 1, 0, 0, 0, 1, 0, 0, 0, 1, 0, 0, 0, 0, 1, 0, 0, 0, 1, 0, 0, 1, 1, 0, 0, 0, 0, 1, 0, 1, 1, 0, 1, 0, 0, 1, 0, 0, 0, 0, 1, 0, 0, 0, 1, 0, 1, 0, 0, 0, 0, 1, 0, 1 )
Hint([6,5]+[0,5]+[4,2] add up to 17)
Hint([7,7]+[8,6]+[2,7] add up to 14)
Hint([5,0]+[5,0] add up to 10)
Hint([7,5]+[0,2] add up to 8)
Hint([6,0]+[3,0] add up to 5)
Hint([8,1]+[2,5] add up to 3)
Hint([1,4]+[4,0]+[3,6] add up to 8)
Hint([0,4]+[3,5]+[1,3] add up to 16)
Hint([7,3]+[0,6]+[8,2] add up to 10)
Hint([5,0]+[0,1]+[4,4] add up to 12)
