Level( 8, 7, 3, 4, 2, 5, 9, 6, 1, 6, 1, 5, 7, 9, 8, 2, 4, 3, 2, 9, 4, 1, 3, 6, 5, 8, 7, 5, 8, 2, 3, 6, 1, 7, 9, 4, 7, 6, 1, 9, 4, 2, 3, 5, 8, 3, 4, 9, 8, 5, 7, 1, 2, 6, 1, 2, 7, 5, 8, 4, 6, 3, 9, 9, 5, 8, 6, 1, 3, 4, 7, 2, 4, 3, 6, 2, 7, 9, 8, 1, 5 )
Visible( 0, 0, 0, 0, 0, 0, 0, 1, 1, 0, 0, 0, 0, 1, 0, 0, 0, 0, 1, 1, 1, 0, 0, 1, 0, 0, 0, 0, 1, 0, 0, 0, 0, 0, 0, 1, 1, 0, 0, 0, 0, 1, 0, 0, 1, 0, 1, 1, 0, 0, 1, 0, 0, 0, 0, 0, 1, 0, 1, 1, 0, 0, 0, 0, 1, 0, 0, 1, 0, 0, 0, 0, 0, 0, 0, 1, 0, 0, 1, 1, 1 )
Hint([6,4]+[0,6]+[5,4] add up to 3)
Hint([5,5]+[8,4]+[1,2] add up to 21)
Hint([5,8]+[7,3] add up to 16)
Hint([7,7]+[1,0] add up to 12)
Hint([5,4]+[4,3] add up to 6)
Hint([1,1]+[1,8] add up to 2)
Hint([3,5]+[4,8]+[5,5] add up to 19)
Hint([8,8]+[4,0]+[8,3] add up to 8)
Hint([7,0]+[8,5]+[8,7] add up to 11)
Hint([4,6]+[2,3] add up to 8)
