Level( 9, 5, 8, 7, 6, 1, 2, 3, 4, 2, 6, 7, 5, 4, 3, 8, 1, 9, 3, 4, 1, 8, 2, 9, 6, 7, 5, 8, 7, 2, 3, 9, 5, 4, 6, 1, 5, 1, 4, 6, 7, 8, 9, 2, 3, 6, 3, 9, 4, 1, 2, 7, 5, 8, 1, 2, 6, 9, 5, 4, 3, 8, 7, 7, 9, 3, 1, 8, 6, 5, 4, 2, 4, 8, 5, 2, 3, 7, 1, 9, 6 )
Visible( 0, 1, 1, 0, 0, 0, 1, 1, 0, 0, 0, 1, 0, 0, 0, 0, 0, 1, 0, 0, 0, 0, 0, 0, 1, 0, 0, 0, 0, 0, 0, 0, 1, 0, 0, 0, 0, 0, 1, 1, 0, 0, 0, 1, 0, 1, 0, 1, 1, 0, 0, 0, 0, 0, 1, 0, 1, 0, 1, 0, 0, 0, 1, 0, 0, 0, 0, 1, 0, 0, 0, 0, 1, 0, 0, 0, 1, 1, 0, 1, 0 )
Hint([7,7]+[1,0]+[3,6] add up to 15)
Hint([5,3]+[7,5]+[1,1] add up to 13)
Hint([5,8]+[7,1] add up to 6)
Hint([5,6]+[1,0] add up to 7)
Hint([6,3]+[4,3] add up to 11)
Hint([8,2]+[2,6] add up to 9)
Hint([2,1]+[3,8]+[6,1] add up to 14)
Hint([8,3]+[3,1]+[0,6] add up to 4)
Hint([6,4]+[0,2] add up to 10)
Hint([0,3]+[4,3]+[1,5] add up to 17)
