Level( 1, 3, 7, 4, 2, 6, 8, 9, 5, 2, 9, 6, 3, 5, 8, 4, 1, 7, 4, 5, 8, 1, 9, 7, 2, 6, 3, 5, 7, 4, 8, 3, 1, 9, 2, 6, 3, 6, 1, 9, 4, 2, 7, 5, 8, 9, 8, 2, 7, 6, 5, 1, 3, 4, 7, 2, 9, 6, 8, 3, 5, 4, 1, 8, 4, 3, 5, 1, 9, 6, 7, 2, 6, 1, 5, 2, 7, 4, 3, 8, 9 )
Visible( 0, 0, 1, 1, 0, 1, 0, 0, 1, 0, 0, 0, 1, 0, 1, 1, 0, 0, 0, 0, 0, 0, 1, 0, 0, 1, 0, 0, 0, 0, 1, 0, 0, 1, 1, 1, 0, 0, 1, 0, 1, 0, 0, 0, 0, 0, 0, 0, 0, 0, 0, 0, 1, 0, 0, 0, 1, 0, 0, 0, 1, 0, 1, 0, 1, 0, 0, 0, 0, 0, 0, 0, 1, 0, 0, 1, 1, 1, 0, 0, 0 )
Hint([8,0]+[8,5]+[4,3] add up to 9)
Hint([6,2]+[7,5]+[1,3] add up to 9)
Hint([6,3]+[6,0] add up to 15)
Hint([7,3]+[0,8] add up to 6)
Hint([5,7]+[5,4] add up to 9)
Hint([0,8]+[4,3] add up to 7)
Hint([2,4]+[4,6]+[5,1] add up to 14)
Hint([8,8]+[4,7] add up to 8)
Hint([8,7]+[8,6] add up to 1)
Hint([7,5]+[8,1] add up to 8)
