Level( 4, C, 5, 2, 6, 8, 9, E, D, 1, A, B, 3, 7, 0, F, 0, 1, E, 3, 5, B, 4, A, 2, 7, C, F, 9, 6, D, 8, A, B, 8, D, 7, F, C, 0, E, 9, 3, 6, 1, 5, 4, 2, F, 7, 6, 9, 1, 2, 3, D, 5, 0, 4, 8, B, E, A, C, C, F, 0, 6, E, 5, D, 8, 9, B, 1, 4, A, 2, 3, 7, B, 3, A, 5, 4, 0, 1, C, 8, E, 2, 7, D, F, 9, 6, 1, 2, D, 7, 9, 3, A, B, F, C, 6, 5, 8, 4, E, 0, 9, E, 4, 8, 2, 7, F, 6, 0, A, D, 3, 5, C, 1, B, 6, 8, F, 4, B, C, 5, 1, A, 3, 0, 2, E, 9, 7, D, E, D, 9, A, 8, 4, 7, F, C, 5, B, 1, 6, 0, 2, 3, 2, 0, 1, B, 3, 6, E, 9, 7, 4, 8, D, F, A, C, 5, 7, 5, 3, C, A, D, 0, 2, 6, F, E, 9, 4, B, 8, 1, 8, 4, C, 0, F, A, 6, 5, 1, D, 7, E, 2, 3, B, 9, 5, 6, 2, E, 0, 1, B, 3, 4, 8, 9, C, 7, D, F, A, D, 9, B, 1, C, E, 2, 7, 3, 6, F, A, 0, 8, 5, 4, 3, A, 7, F, D, 9, 8, 4, B, 2, 5, 0, C, 1, 6, E )
Visible( 0, 0, 0, 0, 0, 0, 0, 0, 0, 0, 1, 0, 1, 0, 1, 0, 1, 0, 1, 1, 1, 1, 0, 0, 1, 0, 0, 1, 0, 0, 1, 0, 1, 1, 0, 1, 0, 0, 1, 0, 1, 0, 1, 1, 1, 0, 1, 0, 1, 1, 1, 1, 0, 0, 0, 0, 0, 0, 1, 1, 1, 1, 0, 1, 0, 1, 0, 1, 1, 1, 0, 0, 0, 0, 1, 1, 0, 0, 0, 1, 1, 1, 0, 1, 0, 0, 1, 1, 0, 0, 0, 0, 1, 1, 0, 1, 0, 1, 0, 0, 1, 0, 0, 0, 0, 0, 1, 1, 1, 0, 0, 0, 1, 0, 0, 1, 0, 0, 1, 0, 1, 1, 1, 0, 1, 1, 0, 1, 0, 0, 1, 0, 1, 0, 0, 0, 1, 1, 0, 0, 0, 0, 1, 0, 1, 1, 1, 1, 1, 0, 0, 0, 0, 0, 0, 0, 0, 1, 1, 0, 1, 1, 0, 1, 1, 0, 0, 1, 1, 0, 0, 1, 1, 1, 0, 1, 0, 0, 0, 1, 0, 1, 0, 1, 0, 0, 1, 1, 0, 1, 0, 1, 0, 0, 0, 0, 1, 0, 0, 0, 0, 1, 0, 0, 0, 0, 1, 1, 0, 0, 1, 1, 0, 0, 0, 1, 0, 1, 1, 0, 0, 0, 0, 1, 1, 0, 1, 0, 0, 1, 1, 0, 1, 0, 0, 0, 1, 1, 0, 0, 1, 0, 1, 0, 1, 0, 1, 1, 0, 1, 0, 1, 1, 0, 1, 0 )
Hint([14,8]+[0,5]+[7,10] add up to 27)
Hint([11,13]+[15,15]+[5,7] add up to 33)
Hint([8,12]+[12,13] add up to 8)
Hint([13,6]+[0,3] add up to 19)
Hint([12,15]+[10,8] add up to 12)
Hint([15,9]+[5,12] add up to 13)
Hint([4,15]+[9,15]+[10,7] add up to 28)
Hint([0,0]+[3,12]+[3,12] add up to 4)
Hint([10,6]+[0,8] add up to 12)
Hint([12,11]+[9,9]+[3,5] add up to 14)
