Level( 2, 5, A, D, 4, 9, 7, 6, F, E, 3, B, 0, C, 1, 8, 0, 4, 3, F, E, C, 8, 5, D, 6, 1, 2, 9, A, B, 7, C, 1, 6, 7, F, B, 2, 0, 9, 5, A, 8, 3, 4, D, E, 9, 8, E, B, D, A, 1, 3, 4, 7, C, 0, 6, 2, 5, F, 7, D, 1, 8, 9, 0, 5, A, 2, 3, E, C, 4, 6, F, B, 5, 0, 2, 6, B, 1, 3, E, A, 4, 9, F, 7, 8, C, D, A, F, 9, E, 7, 4, C, 8, 0, B, D, 6, 5, 3, 2, 1, 4, 3, B, C, 2, D, 6, F, 5, 8, 7, 1, E, 0, A, 9, E, C, 4, 9, 5, 6, B, D, 8, 1, 2, A, F, 7, 3, 0, 1, B, 8, 0, 3, 2, F, 4, C, 9, 5, 7, D, E, 6, A, 3, 2, D, 5, A, 7, 0, 1, E, F, 6, 4, 8, B, 9, C, F, 6, 7, A, C, 8, E, 9, B, D, 0, 3, 1, 5, 4, 2, D, A, 0, 2, 6, 3, 4, 7, 1, C, 8, 9, B, F, E, 5, 6, 9, 5, 3, 1, F, A, C, 7, 0, B, E, 2, D, 8, 4, 8, E, C, 4, 0, 5, 9, B, 3, 2, F, D, A, 1, 7, 6, B, 7, F, 1, 8, E, D, 2, 6, A, 4, 5, C, 9, 0, 3 )
Visible( 1, 0, 0, 0, 0, 0, 1, 1, 0, 0, 0, 1, 0, 0, 0, 0, 0, 1, 1, 1, 0, 0, 0, 1, 1, 0, 0, 1, 1, 0, 0, 1, 0, 1, 1, 1, 1, 0, 0, 1, 0, 1, 1, 0, 1, 0, 1, 0, 0, 0, 1, 1, 0, 0, 1, 1, 1, 0, 1, 0, 0, 0, 1, 1, 0, 0, 1, 1, 0, 0, 0, 0, 0, 1, 0, 1, 0, 0, 0, 1, 1, 1, 1, 1, 1, 0, 0, 1, 0, 1, 1, 0, 1, 1, 1, 0, 0, 0, 1, 0, 0, 0, 1, 1, 0, 0, 1, 1, 0, 0, 1, 0, 0, 0, 1, 1, 1, 0, 0, 1, 1, 1, 0, 0, 1, 0, 0, 1, 1, 1, 1, 0, 1, 0, 1, 1, 0, 0, 0, 0, 0, 0, 0, 1, 0, 0, 1, 1, 1, 0, 1, 0, 0, 1, 1, 1, 0, 1, 0, 1, 1, 1, 1, 0, 0, 0, 1, 1, 0, 1, 0, 0, 1, 1, 1, 1, 0, 1, 1, 0, 0, 0, 1, 1, 1, 0, 0, 0, 1, 0, 0, 1, 0, 0, 1, 0, 0, 1, 0, 0, 1, 0, 1, 1, 1, 1, 1, 1, 1, 1, 0, 0, 1, 0, 0, 0, 1, 0, 0, 1, 1, 0, 1, 0, 0, 0, 0, 1, 0, 0, 1, 0, 1, 0, 1, 1, 1, 0, 1, 1, 1, 0, 0, 0, 1, 0, 0, 1, 1, 0, 1, 0, 1, 1, 0, 0 )
Hint([12,10]+[1,15]+[10,7] add up to 22)
Hint([11,6]+[13,3]+[1,2] add up to 9)
Hint([10,14]+[13,11] add up to 20)
Hint([12,3]+[15,3] add up to 21)
Hint([10,2]+[6,3] add up to 11)
Hint([0,4]+[4,3] add up to 20)
Hint([4,7]+[7,13]+[10,8] add up to 16)
Hint([15,9]+[6,14]+[3,4] add up to 27)
Hint([14,0]+[14,6]+[13,14] add up to 4)
Hint([7,11]+[4,2] add up to 24)
