Level( 8, 9, 4, 2, 6, 1, 3, 5, 7, 6, 1, 3, 5, 9, 7, 2, 4, 8, 5, 2, 7, 4, 3, 8, 1, 9, 6, 3, 7, 1, 8, 2, 9, 4, 6, 5, 2, 6, 8, 1, 4, 5, 7, 3, 9, 4, 5, 9, 6, 7, 3, 8, 2, 1, 7, 3, 6, 9, 1, 2, 5, 8, 4, 1, 4, 5, 3, 8, 6, 9, 7, 2, 9, 8, 2, 7, 5, 4, 6, 1, 3 )
Visible( 0, 1, 0, 0, 0, 0, 0, 1, 1, 0, 0, 0, 0, 1, 1, 0, 0, 0, 0, 1, 0, 0, 1, 0, 0, 0, 0, 0, 0, 1, 1, 0, 0, 1, 0, 0, 0, 1, 0, 0, 0, 0, 1, 0, 1, 1, 0, 0, 1, 0, 1, 0, 0, 1, 1, 1, 0, 0, 1, 0, 0, 1, 0, 0, 0, 0, 0, 1, 0, 0, 0, 0, 0, 0, 0, 0, 0, 1, 0, 1, 0 )
Hint([8,1]+[8,5]+[4,5] add up to 13)
Hint([7,2]+[7,1]+[0,7] add up to 11)
Hint([4,1]+[5,6] add up to 9)
Hint([7,3]+[0,7] add up to 5)
Hint([6,3]+[4,2] add up to 5)
Hint([1,7]+[3,6] add up to 11)
Hint([3,1]+[3,8]+[5,6] add up to 11)
Hint([0,1]+[2,6]+[1,2] add up to 11)
Hint([6,4]+[0,8]+[0,4] add up to 15)
Hint([4,8]+[2,3]+[5,3] add up to 12)
