Level( 7, 2, 4, 1, 3, 6, 8, 9, 5, 6, 8, 9, 2, 7, 5, 1, 4, 3, 1, 3, 5, 9, 4, 8, 2, 6, 7, 9, 6, 3, 7, 8, 4, 5, 2, 1, 5, 7, 1, 6, 2, 3, 4, 8, 9, 2, 4, 8, 5, 1, 9, 3, 7, 6, 3, 5, 2, 8, 6, 7, 9, 1, 4, 4, 1, 7, 3, 9, 2, 6, 5, 8, 8, 9, 6, 4, 5, 1, 7, 3, 2 )
Visible( 0, 0, 1, 1, 0, 0, 0, 0, 0, 1, 0, 0, 0, 1, 1, 1, 0, 0, 0, 0, 1, 0, 0, 1, 0, 0, 0, 0, 0, 1, 0, 0, 0, 0, 1, 0, 0, 1, 0, 1, 0, 0, 0, 1, 0, 0, 0, 0, 0, 0, 0, 0, 0, 1, 0, 0, 0, 0, 0, 1, 0, 1, 1, 0, 0, 0, 1, 0, 0, 1, 0, 0, 1, 0, 0, 1, 1, 1, 1, 0, 0 )
Hint([8,8]+[1,2]+[4,3] add up to 10)
Hint([6,3]+[7,5]+[1,0] add up to 11)
Hint([5,1]+[5,2] add up to 11)
Hint([7,1]+[8,1] add up to 5)
Hint([7,4]+[4,1] add up to 13)
Hint([1,4]+[2,3] add up to 8)
Hint([1,3]+[4,2]+[4,3] add up to 15)
Hint([0,1]+[2,0]+[0,3] add up to 16)
Hint([7,4]+[0,7]+[8,1] add up to 12)
Hint([5,8]+[3,2]+[5,7] add up to 9)
