Level( E, B, A, C, 1, 3, 6, F, 2, 8, 9, 7, D, 0, 5, 4, 8, 7, 4, 6, 5, D, A, 0, F, E, 3, B, C, 2, 1, 9, D, 1, 2, 3, 9, B, C, 7, A, 5, 0, 4, 6, E, 8, F, 0, 5, F, 9, 2, E, 4, 8, D, 1, C, 6, 3, B, A, 7, 9, 8, 7, D, 6, 0, 3, C, 4, B, 1, 5, 2, F, E, A, 4, E, 0, 1, F, 5, 2, A, 8, 6, 7, 9, B, 3, C, D, 3, A, 5, 2, D, 1, 8, B, E, C, F, 0, 9, 4, 7, 6, F, 6, C, B, 7, 4, 9, E, 3, A, D, 2, 8, 5, 0, 1, 1, 3, 8, A, 0, 2, 5, 6, 7, 4, E, D, F, C, 9, B, 7, 0, 6, 5, 8, C, B, 9, 1, F, 2, 3, 4, A, D, E, B, 4, 9, F, E, A, 7, D, C, 0, 6, 8, 5, 1, 3, 2, 2, C, D, E, 4, F, 1, 3, 5, 9, B, A, 0, 7, 6, 8, A, D, B, 7, C, 9, F, 5, 0, 2, 8, E, 1, 6, 4, 3, C, F, 3, 4, A, 6, D, 2, 9, 7, 5, 1, E, 8, B, 0, 6, 2, 1, 0, 3, 8, E, 4, B, D, A, C, 7, 9, F, 5, 5, 9, E, 8, B, 7, 0, 1, 6, 3, 4, F, A, D, 2, C )
Visible( 0, 0, 1, 1, 0, 1, 1, 1, 0, 0, 0, 0, 1, 0, 0, 1, 1, 1, 0, 0, 0, 0, 0, 0, 0, 0, 0, 0, 1, 1, 1, 0, 0, 1, 0, 1, 0, 0, 1, 1, 1, 1, 0, 0, 0, 1, 0, 0, 1, 1, 1, 0, 0, 0, 1, 0, 1, 1, 0, 0, 0, 0, 0, 1, 1, 0, 0, 0, 0, 1, 1, 0, 1, 1, 0, 1, 0, 0, 1, 1, 0, 0, 1, 0, 0, 0, 1, 0, 0, 0, 1, 0, 1, 0, 0, 1, 0, 0, 1, 1, 1, 1, 0, 1, 1, 0, 1, 0, 1, 1, 0, 0, 1, 1, 0, 1, 0, 0, 0, 1, 1, 0, 1, 0, 1, 1, 1, 0, 1, 0, 0, 1, 0, 0, 1, 0, 1, 1, 0, 0, 0, 0, 0, 0, 1, 1, 1, 0, 0, 0, 1, 1, 0, 0, 1, 1, 1, 0, 0, 0, 1, 0, 0, 0, 1, 0, 0, 0, 0, 0, 1, 0, 0, 1, 0, 0, 0, 1, 1, 1, 1, 0, 0, 0, 0, 1, 0, 0, 1, 0, 1, 1, 0, 0, 1, 0, 1, 1, 0, 0, 1, 1, 0, 1, 1, 1, 0, 0, 1, 1, 1, 1, 0, 1, 1, 0, 0, 0, 1, 0, 0, 0, 1, 1, 0, 0, 1, 1, 1, 0, 1, 0, 0, 1, 0, 0, 1, 1, 1, 0, 1, 0, 0, 1, 0, 0, 1, 1, 0, 1, 1, 0, 0, 0, 1, 0 )
Hint([14,14]+[2,12]+[9,6] add up to 38)
Hint([9,5]+[12,2]+[1,15] add up to 21)
Hint([11,6]+[11,10] add up to 8)
Hint([9,6]+[0,6] add up to 15)
Hint([12,10]+[9,9] add up to 20)
Hint([0,6]+[4,12] add up to 15)
Hint([5,14]+[9,13]+[10,8] add up to 29)
Hint([15,11]+[6,10]+[2,1] add up to 19)
Hint([14,0]+[14,1]+[12,5] add up to 17)
Hint([10,2]+[2,2]+[8,14] add up to 13)
