Level( C, F, E, 2, 9, D, 7, B, A, 4, 8, 0, 6, 5, 3, 1, B, 1, 7, 5, 6, A, 0, C, 9, 2, D, 3, 4, F, E, 8, A, 9, 8, 3, E, 4, 2, 1, F, 5, 6, C, B, 0, 7, D, 0, D, 6, 4, 8, 5, F, 3, E, B, 1, 7, A, C, 9, 2, 2, B, 3, 0, D, F, 9, 8, 6, E, 7, 5, 1, 4, C, A, 5, 4, A, 1, 7, 3, B, 0, D, F, C, 2, 9, 8, 6, E, 7, E, C, 9, 4, 6, A, 5, B, 8, 0, 1, D, 2, F, 3, F, 6, D, 8, 2, C, 1, E, 4, 3, A, 9, 0, B, 5, 7, 4, 8, B, C, 0, E, 3, F, 1, 7, 5, 6, 2, D, A, 9, 6, 5, 1, F, C, 2, D, 4, 3, A, 9, 8, 7, E, 0, B, 3, 7, 0, A, B, 1, 5, 9, 2, D, 4, E, F, 6, 8, C, D, 2, 9, E, A, 8, 6, 7, 0, C, B, F, 5, 3, 1, 4, 9, 3, F, D, 5, 7, C, A, 8, 0, 2, B, E, 1, 4, 6, 1, C, 4, B, F, 0, E, 2, 7, 6, 3, A, 8, 9, D, 5, E, A, 5, 6, 1, B, 8, D, C, 9, F, 4, 3, 7, 2, 0, 8, 0, 2, 7, 3, 9, 4, 6, 5, 1, E, D, C, A, B, F )
Visible( 0, 1, 1, 0, 1, 0, 1, 1, 0, 0, 1, 1, 0, 0, 0, 0, 0, 1, 1, 0, 0, 1, 0, 0, 1, 1, 1, 1, 0, 0, 0, 1, 0, 0, 0, 0, 1, 0, 1, 0, 0, 1, 0, 0, 0, 1, 0, 1, 1, 1, 1, 1, 1, 1, 1, 0, 1, 0, 0, 0, 0, 1, 1, 1, 1, 0, 0, 1, 1, 1, 0, 0, 0, 1, 1, 0, 1, 1, 0, 0, 0, 0, 1, 0, 0, 1, 1, 0, 0, 0, 0, 0, 0, 1, 1, 1, 1, 0, 0, 0, 0, 0, 1, 0, 0, 0, 0, 0, 0, 0, 0, 1, 0, 0, 0, 1, 0, 0, 1, 0, 1, 1, 1, 1, 1, 0, 1, 0, 1, 1, 1, 0, 1, 0, 1, 0, 1, 0, 0, 0, 1, 1, 0, 0, 0, 1, 1, 0, 1, 1, 0, 0, 1, 1, 0, 1, 0, 0, 0, 0, 1, 0, 0, 1, 1, 0, 1, 1, 0, 0, 1, 0, 0, 0, 0, 1, 1, 1, 1, 0, 0, 0, 0, 0, 1, 1, 0, 0, 0, 1, 1, 1, 1, 1, 0, 0, 1, 0, 1, 1, 1, 1, 1, 0, 1, 1, 0, 0, 0, 0, 0, 1, 1, 0, 1, 0, 0, 0, 1, 0, 0, 0, 1, 0, 0, 0, 1, 0, 1, 0, 0, 0, 1, 1, 0, 0, 1, 0, 1, 0, 1, 1, 0, 1, 0, 0, 1, 0, 0, 0, 1, 0, 1, 1, 0, 0 )
Hint([13,14]+[2,12]+[9,0] add up to 26)
Hint([10,7]+[13,10]+[3,2] add up to 19)
Hint([11,10]+[12,0] add up to 20)
Hint([11,2]+[15,8] add up to 21)
Hint([12,10]+[9,4] add up to 29)
Hint([0,11]+[6,6] add up to 23)
Hint([4,5]+[6,7]+[8,13] add up to 15)
Hint([2,8]+[6,3]+[0,13] add up to 27)
Hint([13,5]+[0,9] add up to 14)
Hint([0,2]+[6,14]+[5,6] add up to 24)
