Level( 6, 1, 3, 4, 9, 2, 7, 5, 8, 8, 9, 7, 3, 5, 6, 1, 4, 2, 4, 5, 2, 1, 8, 7, 9, 6, 3, 5, 7, 1, 2, 3, 8, 4, 9, 6, 2, 6, 4, 9, 1, 5, 8, 3, 7, 9, 3, 8, 6, 7, 4, 5, 2, 1, 7, 2, 5, 8, 6, 9, 3, 1, 4, 1, 4, 9, 7, 2, 3, 6, 8, 5, 3, 8, 6, 5, 4, 1, 2, 7, 9 )
Visible( 0, 0, 1, 0, 0, 1, 1, 1, 0, 0, 0, 1, 1, 0, 1, 0, 0, 0, 1, 0, 0, 1, 0, 0, 0, 0, 0, 0, 0, 1, 0, 1, 0, 0, 1, 0, 0, 0, 1, 0, 0, 1, 1, 0, 1, 0, 0, 0, 1, 0, 0, 1, 0, 0, 0, 1, 0, 0, 0, 0, 0, 1, 0, 0, 0, 0, 0, 0, 0, 1, 0, 0, 0, 1, 0, 0, 1, 1, 0, 0, 1 )
Hint([6,3]+[8,5]+[4,6] add up to 8)
Hint([7,1]+[6,0]+[0,3] add up to 13)
Hint([4,5]+[6,6] add up to 8)
Hint([5,1]+[8,4] add up to 11)
Hint([7,7]+[5,0] add up to 8)
Hint([8,3]+[2,0] add up to 7)
Hint([3,5]+[4,1] add up to 9)
Hint([6,5]+[1,6] add up to 5)
Hint([1,4]+[0,4] add up to 6)
Hint([8,1]+[7,6]+[8,8] add up to 9)
