Level( 4, 7, 3, 6, 9, 2, 1, 5, 8, 2, 5, 1, 3, 4, 8, 7, 6, 9, 9, 8, 6, 7, 5, 1, 3, 2, 4, 8, 1, 5, 9, 6, 3, 2, 4, 7, 7, 9, 2, 1, 8, 4, 6, 3, 5, 3, 6, 4, 5, 2, 7, 8, 9, 1, 6, 3, 8, 4, 1, 5, 9, 7, 2, 5, 2, 9, 8, 7, 6, 4, 1, 3, 1, 4, 7, 2, 3, 9, 5, 8, 6 )
Visible( 0, 0, 1, 1, 0, 0, 0, 0, 0, 0, 0, 1, 0, 0, 1, 1, 0, 0, 0, 0, 0, 1, 0, 0, 0, 0, 1, 1, 0, 0, 0, 0, 1, 0, 0, 0, 0, 1, 0, 0, 0, 0, 0, 0, 1, 0, 1, 0, 1, 1, 0, 0, 0, 1, 0, 0, 0, 1, 0, 1, 0, 0, 0, 0, 1, 0, 0, 1, 0, 0, 1, 0, 0, 1, 0, 0, 0, 1, 0, 1, 0 )
Hint([6,3]+[0,6]+[5,2] add up to 6)
Hint([5,4]+[7,6]+[2,5] add up to 12)
Hint([6,8]+[7,0] add up to 8)
Hint([6,5]+[0,4] add up to 13)
Hint([7,4]+[4,5] add up to 3)
Hint([1,7]+[3,8] add up to 2)
Hint([2,0]+[3,2]+[4,7] add up to 14)
Hint([8,6]+[3,4]+[1,6] add up to 3)
Hint([8,2]+[8,3] add up to 9)
Hint([0,4]+[4,6]+[2,3] add up to 10)
