Level( 8, 1, 5, 4, 2, 3, 6, 7, 9, 2, 9, 4, 7, 8, 6, 1, 3, 5, 3, 6, 7, 5, 9, 1, 2, 4, 8, 6, 4, 2, 8, 1, 5, 3, 9, 7, 1, 3, 9, 2, 4, 7, 8, 5, 6, 5, 7, 8, 6, 3, 9, 4, 1, 2, 4, 5, 1, 9, 6, 8, 7, 2, 3, 9, 8, 3, 1, 7, 2, 5, 6, 4, 7, 2, 6, 3, 5, 4, 9, 8, 1 )
Visible( 0, 0, 1, 0, 0, 0, 1, 0, 0, 1, 0, 1, 0, 0, 0, 0, 0, 0, 0, 1, 0, 0, 1, 0, 0, 0, 0, 0, 0, 0, 1, 1, 1, 0, 1, 0, 1, 0, 0, 0, 1, 0, 0, 0, 0, 0, 1, 0, 0, 0, 0, 1, 0, 1, 0, 0, 0, 0, 0, 1, 1, 1, 0, 1, 0, 0, 1, 0, 0, 0, 0, 0, 1, 1, 1, 0, 0, 1, 0, 0, 1 )
Hint([7,0]+[8,1]+[3,5] add up to 15)
Hint([7,3]+[7,8]+[2,1] add up to 18)
Hint([5,5]+[6,4] add up to 15)
Hint([6,4]+[0,6] add up to 10)
Hint([6,1]+[4,2] add up to 8)
Hint([0,0]+[1,7] add up to 14)
Hint([2,8]+[5,8]+[6,6] add up to 14)
Hint([0,7]+[4,0]+[8,7] add up to 12)
Hint([6,3]+[0,8] add up to 8)
Hint([7,5]+[4,6]+[2,8] add up to 10)
