Level( 6, 2, 7, 1, 8, 3, 4, 9, 5, 5, 9, 3, 2, 6, 4, 1, 7, 8, 4, 1, 8, 5, 9, 7, 3, 6, 2, 8, 6, 4, 9, 3, 2, 7, 5, 1, 9, 3, 5, 6, 7, 1, 2, 8, 4, 2, 7, 1, 4, 5, 8, 6, 3, 9, 7, 5, 2, 3, 4, 9, 8, 1, 6, 1, 8, 9, 7, 2, 6, 5, 4, 3, 3, 4, 6, 8, 1, 5, 9, 2, 7 )
Visible( 0, 0, 1, 1, 0, 0, 1, 0, 0, 1, 0, 0, 1, 1, 0, 0, 1, 0, 0, 1, 0, 1, 0, 0, 0, 0, 0, 0, 0, 1, 0, 1, 0, 1, 0, 1, 0, 0, 0, 0, 0, 0, 0, 0, 0, 0, 0, 0, 0, 0, 1, 1, 0, 1, 0, 0, 0, 1, 0, 1, 0, 0, 1, 0, 1, 1, 0, 0, 0, 1, 1, 0, 0, 0, 0, 0, 1, 0, 0, 0, 0 )
Hint([6,4]+[0,1]+[3,0] add up to 5)
Hint([6,0]+[6,5]+[1,6] add up to 12)
Hint([4,5]+[6,1] add up to 4)
Hint([5,8]+[1,4] add up to 6)
Hint([5,5]+[5,4] add up to 7)
Hint([0,1]+[1,3] add up to 9)
Hint([2,4]+[4,0]+[3,2] add up to 15)
Hint([0,1]+[2,1]+[0,7] add up to 6)
Hint([6,0]+[8,7] add up to 5)
Hint([0,2]+[4,6]+[2,8] add up to 11)
