Level( 9, 6, 2, 5, 3, 8, 4, 1, 7, 3, 5, 1, 6, 4, 7, 8, 9, 2, 8, 4, 7, 1, 9, 2, 3, 6, 5, 5, 9, 6, 2, 8, 1, 7, 4, 3, 7, 1, 4, 9, 5, 3, 6, 2, 8, 2, 8, 3, 7, 6, 4, 9, 5, 1, 1, 3, 8, 4, 2, 9, 5, 7, 6, 6, 7, 9, 3, 1, 5, 2, 8, 4, 4, 2, 5, 8, 7, 6, 1, 3, 9 )
Visible( 1, 0, 1, 1, 0, 0, 1, 0, 1, 0, 0, 0, 0, 0, 1, 0, 0, 0, 1, 1, 0, 0, 0, 0, 0, 0, 1, 0, 0, 0, 0, 1, 1, 0, 0, 0, 0, 1, 0, 0, 0, 0, 1, 0, 0, 0, 0, 1, 0, 0, 0, 0, 1, 0, 0, 1, 0, 0, 0, 1, 0, 0, 0, 1, 0, 0, 1, 0, 0, 1, 0, 0, 1, 0, 0, 0, 0, 0, 0, 0, 1 )
Hint([7,8]+[1,8]+[5,0] add up to 10)
Hint([5,8]+[8,4]+[1,0] add up to 17)
Hint([4,4]+[6,1] add up to 11)
Hint([7,8]+[1,2] add up to 5)
Hint([5,4]+[4,5] add up to 7)
Hint([8,7]+[3,2] add up to 3)
Hint([2,3]+[3,2]+[4,3] add up to 12)
Hint([8,8]+[4,6]+[1,8] add up to 10)
Hint([7,6]+[1,5] add up to 13)
Hint([8,4]+[4,8]+[2,6] add up to 20)
