Level( 8, 5, 9, 6, 7, 1, 2, 3, 4, 2, 7, 3, 8, 4, 5, 1, 6, 9, 6, 4, 1, 9, 3, 2, 7, 8, 5, 4, 3, 8, 2, 1, 9, 6, 5, 7, 1, 2, 7, 5, 6, 4, 8, 9, 3, 5, 9, 6, 7, 8, 3, 4, 2, 1, 7, 6, 5, 1, 9, 8, 3, 4, 2, 9, 1, 4, 3, 2, 6, 5, 7, 8, 3, 8, 2, 4, 5, 7, 9, 1, 6 )
Visible( 0, 0, 0, 0, 0, 0, 0, 0, 0, 0, 0, 1, 0, 0, 1, 0, 1, 0, 0, 0, 1, 1, 0, 0, 1, 0, 1, 1, 0, 0, 0, 0, 0, 1, 0, 0, 0, 0, 1, 1, 0, 0, 1, 1, 0, 0, 0, 0, 1, 0, 1, 0, 0, 0, 0, 1, 0, 1, 1, 0, 0, 1, 1, 0, 0, 0, 0, 1, 0, 0, 0, 0, 0, 1, 0, 1, 0, 0, 0, 0, 0 )
Hint([8,0]+[8,4]+[4,0] add up to 11)
Hint([6,8]+[8,4]+[1,5] add up to 18)
Hint([4,6]+[7,3] add up to 12)
Hint([6,8]+[1,7] add up to 8)
Hint([5,5]+[5,6] add up to 9)
Hint([8,3]+[2,7] add up to 9)
Hint([1,6]+[4,7]+[5,5] add up to 8)
Hint([1,1]+[2,6]+[1,0] add up to 14)
Hint([7,4]+[0,6]+[8,3] add up to 20)
Hint([5,6]+[2,1]+[4,2] add up to 11)
