Level( 7, 2, 3, 4, 5, 9, 8, 6, 1, 5, 1, 6, 8, 7, 3, 4, 2, 9, 4, 9, 8, 1, 6, 2, 3, 7, 5, 8, 4, 7, 2, 9, 5, 6, 1, 3, 3, 5, 1, 6, 4, 7, 9, 8, 2, 9, 6, 2, 3, 1, 8, 7, 5, 4, 2, 7, 5, 9, 8, 4, 1, 3, 6, 6, 8, 9, 5, 3, 1, 2, 4, 7, 1, 3, 4, 7, 2, 6, 5, 9, 8 )
Visible( 0, 0, 1, 1, 0, 0, 0, 0, 0, 0, 1, 0, 0, 1, 0, 0, 0, 1, 0, 0, 0, 0, 0, 1, 0, 0, 0, 0, 0, 0, 0, 1, 0, 1, 0, 0, 0, 0, 0, 0, 0, 1, 1, 0, 0, 0, 1, 1, 1, 0, 0, 0, 1, 0, 1, 0, 0, 0, 1, 0, 0, 1, 0, 0, 0, 1, 0, 0, 0, 0, 1, 1, 0, 0, 1, 0, 0, 1, 1, 0, 0 )
Hint([8,0]+[8,2]+[3,1] add up to 11)
Hint([5,6]+[8,5]+[1,4] add up to 10)
Hint([4,0]+[5,8] add up to 9)
Hint([7,0]+[8,6] add up to 10)
Hint([7,8]+[5,7] add up to 8)
Hint([8,3]+[2,5] add up to 3)
Hint([1,3]+[3,1]+[3,7] add up to 14)
Hint([1,6]+[3,0]+[8,0] add up to 9)
Hint([8,3]+[0,1]+[6,1] add up to 9)
Hint([3,8]+[2,1]+[5,1] add up to 13)
