Level( 4, 7, 6, 8, 2, 9, 1, 3, 5, 1, 8, 3, 5, 7, 6, 2, 4, 9, 9, 5, 2, 3, 4, 1, 7, 6, 8, 8, 6, 1, 2, 9, 5, 4, 7, 3, 5, 3, 7, 4, 6, 8, 9, 1, 2, 2, 4, 9, 1, 3, 7, 8, 5, 6, 3, 9, 8, 7, 5, 4, 6, 2, 1, 6, 2, 4, 9, 1, 3, 5, 8, 7, 7, 1, 5, 6, 8, 2, 3, 9, 4 )
Visible( 0, 1, 0, 0, 0, 0, 0, 0, 1, 1, 0, 0, 1, 0, 0, 1, 1, 1, 0, 0, 1, 1, 0, 0, 0, 0, 0, 0, 0, 0, 0, 0, 1, 1, 0, 0, 0, 0, 1, 0, 0, 0, 0, 0, 1, 0, 1, 0, 1, 1, 0, 1, 0, 1, 1, 0, 1, 0, 0, 1, 0, 0, 0, 1, 1, 0, 0, 0, 0, 0, 0, 0, 0, 0, 0, 1, 0, 0, 0, 1, 0 )
Hint([8,8]+[1,7]+[5,4] add up to 11)
Hint([5,2]+[7,1]+[0,6] add up to 5)
Hint([4,8]+[7,4] add up to 7)
Hint([6,7]+[1,0] add up to 10)
Hint([6,2]+[4,7] add up to 6)
Hint([8,6]+[3,2] add up to 2)
Hint([2,6]+[4,1]+[4,2] add up to 16)
Hint([0,2]+[2,5]+[1,6] add up to 24)
Hint([8,0]+[8,3] add up to 6)
Hint([0,1]+[3,7]+[2,1] add up to 10)
