Level( 9, 6, 5, 7, 1, 2, 4, 8, 3, 7, 2, 4, 3, 6, 8, 5, 1, 9, 1, 3, 8, 5, 9, 4, 7, 6, 2, 8, 7, 2, 1, 4, 3, 9, 5, 6, 3, 1, 6, 8, 5, 9, 2, 4, 7, 4, 5, 9, 2, 7, 6, 1, 3, 8, 2, 9, 1, 6, 8, 5, 3, 7, 4, 6, 4, 7, 9, 3, 1, 8, 2, 5, 5, 8, 3, 4, 2, 7, 6, 9, 1 )
Visible( 1, 0, 0, 0, 0, 0, 0, 1, 1, 1, 0, 0, 1, 1, 1, 1, 1, 0, 0, 0, 0, 1, 0, 0, 0, 0, 0, 0, 0, 1, 1, 1, 0, 0, 0, 1, 1, 0, 0, 0, 0, 0, 1, 0, 0, 0, 1, 1, 0, 0, 0, 1, 1, 0, 0, 0, 0, 0, 1, 0, 0, 1, 0, 0, 0, 0, 0, 0, 0, 0, 0, 0, 0, 0, 1, 1, 1, 0, 0, 0, 0 )
Hint([7,4]+[0,2]+[4,1] add up to 8)
Hint([7,5]+[8,4]+[1,0] add up to 13)
Hint([4,8]+[7,2] add up to 6)
Hint([5,6]+[1,3] add up to 10)
Hint([6,5]+[4,6] add up to 7)
Hint([1,2]+[2,1] add up to 5)
Hint([1,4]+[4,4]+[4,4] add up to 8)
Hint([0,8]+[4,7]+[2,4] add up to 11)
Hint([8,6]+[0,5] add up to 6)
Hint([8,4]+[4,1]+[1,7] add up to 14)
