Level( 6, 9, 4, 7, 8, 2, 3, 1, 5, 7, 8, 5, 3, 6, 1, 2, 4, 9, 2, 1, 3, 4, 5, 9, 6, 7, 8, 5, 6, 2, 9, 1, 7, 8, 3, 4, 9, 4, 1, 8, 3, 5, 7, 6, 2, 3, 7, 8, 6, 2, 4, 9, 5, 1, 1, 3, 6, 2, 4, 8, 5, 9, 7, 8, 5, 9, 1, 7, 3, 4, 2, 6, 4, 2, 7, 5, 9, 6, 1, 8, 3 )
Visible( 0, 0, 0, 1, 1, 1, 0, 0, 0, 0, 0, 0, 1, 1, 0, 0, 0, 1, 0, 0, 1, 1, 0, 0, 0, 0, 0, 1, 0, 1, 0, 0, 0, 1, 0, 1, 0, 1, 0, 1, 1, 0, 0, 1, 0, 1, 1, 0, 0, 0, 0, 0, 1, 0, 0, 0, 0, 0, 0, 1, 1, 0, 0, 0, 1, 1, 0, 0, 0, 1, 0, 1, 1, 0, 0, 0, 0, 0, 0, 0, 0 )
Hint([6,8]+[1,4]+[4,2] add up to 7)
Hint([5,0]+[6,8]+[2,7] add up to 9)
Hint([5,6]+[7,6] add up to 15)
Hint([6,0]+[8,0] add up to 6)
Hint([6,8]+[5,4] add up to 4)
Hint([8,7]+[3,6] add up to 6)
Hint([2,7]+[5,4]+[4,0] add up to 19)
Hint([0,6]+[3,8] add up to 4)
Hint([0,1]+[6,3] add up to 13)
Hint([6,8]+[0,7] add up to 7)
