Level( 5, 3, 7, 1, A, 6, D, 8, 9, 0, 2, C, B, F, 4, E, 8, 6, 9, A, 5, 4, C, 2, F, 7, B, E, D, 0, 3, 1, D, B, 4, C, E, 0, F, 1, 8, A, 5, 3, 9, 2, 7, 6, 2, F, E, 0, 9, 7, B, 3, 1, D, 4, 6, 5, 8, A, C, 4, 1, C, 9, F, 2, 7, 6, 0, E, 8, 5, 3, D, B, A, 7, E, 6, 2, D, A, 1, 9, B, F, 3, 4, 8, C, 0, 5, F, 5, 8, 3, C, B, 0, 4, 6, 9, D, A, E, 7, 1, 2, A, D, 0, B, 8, E, 3, 5, 7, 1, C, 2, 4, 6, 9, F, B, A, D, 4, 0, C, 5, E, 3, 6, F, 1, 7, 9, 2, 8, 0, 7, 3, E, 1, F, 4, A, 2, 5, 9, 8, 6, B, C, D, 9, 2, F, 8, 3, D, 6, B, 4, C, E, 7, 1, A, 5, 0, 6, C, 1, 5, 2, 9, 8, 7, A, B, 0, D, F, 3, E, 4, E, 0, 2, F, 6, 5, 9, C, D, 3, 1, B, A, 4, 8, 7, 1, 9, A, 7, B, 8, E, 0, C, 4, 6, F, 2, 5, D, 3, 3, 4, B, 6, 7, 1, 2, D, 5, 8, A, 0, C, E, F, 9, C, 8, 5, D, 4, 3, A, F, E, 2, 7, 9, 0, 1, 6, B )
Visible( 0, 0, 1, 1, 0, 1, 1, 1, 1, 0, 0, 0, 1, 0, 1, 1, 1, 1, 0, 1, 1, 1, 0, 0, 0, 0, 1, 1, 1, 0, 1, 0, 0, 0, 0, 0, 1, 0, 0, 0, 1, 0, 0, 1, 0, 1, 1, 0, 1, 1, 0, 0, 0, 0, 0, 1, 1, 0, 0, 0, 0, 1, 0, 0, 1, 0, 1, 0, 1, 1, 1, 0, 1, 1, 1, 1, 1, 0, 0, 0, 0, 1, 0, 0, 0, 0, 0, 0, 0, 1, 1, 1, 0, 0, 1, 1, 0, 1, 0, 1, 0, 1, 0, 0, 1, 1, 1, 0, 0, 0, 0, 1, 0, 1, 1, 1, 0, 0, 1, 1, 0, 0, 1, 0, 0, 0, 0, 1, 1, 0, 0, 0, 1, 1, 1, 0, 0, 1, 0, 1, 0, 0, 1, 0, 0, 1, 1, 0, 0, 1, 1, 0, 0, 0, 0, 1, 1, 1, 0, 1, 0, 0, 1, 0, 0, 1, 1, 0, 1, 1, 0, 0, 0, 1, 0, 0, 1, 0, 0, 0, 1, 0, 0, 1, 0, 0, 1, 1, 0, 0, 0, 0, 0, 0, 0, 0, 0, 1, 0, 1, 0, 1, 0, 0, 1, 1, 1, 1, 1, 0, 0, 0, 0, 0, 0, 0, 1, 0, 0, 1, 1, 0, 0, 0, 0, 1, 1, 0, 1, 0, 0, 1, 0, 0, 1, 0, 1, 1, 0, 0, 0, 0, 0, 1, 0, 1, 0, 0, 0, 1, 0, 1, 0, 1, 0, 1 )
Hint([14,5]+[15,7]+[7,1] add up to 17)
Hint([12,14]+[15,12]+[4,0] add up to 29)
Hint([11,6]+[11,8] add up to 11)
Hint([13,5]+[0,10] add up to 21)
Hint([11,8]+[8,5] add up to 12)
Hint([2,1]+[3,4] add up to 18)
Hint([4,14]+[9,10]+[9,0] add up to 19)
Hint([15,1]+[4,1] add up to 6)
Hint([0,11]+[13,9] add up to 17)
Hint([15,13]+[0,3] add up to 5)
