Level( 8, 5, 7, 6, 1, 9, 2, 4, 3, 1, 3, 9, 7, 2, 4, 6, 5, 8, 4, 2, 6, 5, 8, 3, 1, 7, 9, 6, 4, 8, 9, 3, 2, 7, 1, 5, 3, 7, 5, 8, 6, 1, 4, 9, 2, 2, 9, 1, 4, 7, 5, 8, 3, 6, 9, 8, 3, 2, 4, 7, 5, 6, 1, 7, 1, 2, 3, 5, 6, 9, 8, 4, 5, 6, 4, 1, 9, 8, 3, 2, 7 )
Visible( 1, 1, 0, 1, 1, 1, 0, 0, 0, 0, 0, 0, 1, 1, 1, 0, 0, 0, 0, 0, 0, 0, 0, 0, 0, 0, 0, 0, 0, 0, 1, 0, 0, 0, 1, 0, 1, 0, 0, 0, 1, 0, 1, 1, 0, 1, 0, 0, 0, 0, 1, 1, 0, 0, 0, 0, 1, 0, 1, 0, 1, 0, 0, 0, 0, 0, 0, 0, 0, 1, 1, 0, 0, 1, 0, 0, 0, 1, 0, 0, 1 )
Hint([6,1]+[8,2]+[4,6] add up to 16)
Hint([5,6]+[8,5]+[1,6] add up to 18)
Hint([5,2]+[5,8] add up to 9)
Hint([6,8]+[1,4] add up to 8)
Hint([6,1]+[3,2] add up to 9)
Hint([8,1]+[2,3] add up to 14)
Hint([3,5]+[4,2]+[4,7] add up to 14)
Hint([8,0]+[2,8]+[2,1] add up to 13)
Hint([6,6]+[1,2]+[7,7] add up to 12)
Hint([5,2]+[1,0] add up to 6)
