Level( 7, 1, 6, 8, 2, 3, 4, 5, 9, 2, 8, 4, 9, 1, 5, 3, 6, 7, 5, 9, 3, 7, 4, 6, 8, 2, 1, 4, 3, 8, 2, 7, 9, 6, 1, 5, 1, 7, 2, 5, 6, 4, 9, 8, 3, 9, 6, 5, 1, 3, 8, 2, 7, 4, 8, 5, 1, 4, 9, 2, 7, 3, 6, 3, 2, 9, 6, 5, 7, 1, 4, 8, 6, 4, 7, 3, 8, 1, 5, 9, 2 )
Visible( 0, 1, 0, 0, 0, 0, 0, 1, 0, 0, 0, 0, 1, 0, 0, 0, 1, 0, 1, 0, 0, 1, 0, 1, 0, 0, 0, 0, 0, 1, 0, 0, 0, 0, 1, 0, 1, 1, 0, 1, 0, 1, 1, 0, 0, 0, 0, 0, 0, 0, 1, 0, 0, 0, 0, 0, 0, 1, 0, 1, 0, 1, 1, 0, 0, 1, 0, 0, 1, 1, 0, 0, 1, 0, 0, 0, 1, 0, 0, 0, 1 )
Hint([8,4]+[0,4]+[4,0] add up to 3)
Hint([6,2]+[7,7]+[2,6] add up to 10)
Hint([4,4]+[6,5] add up to 6)
Hint([7,5]+[0,1] add up to 7)
Hint([5,0]+[3,1] add up to 10)
Hint([1,4]+[2,4] add up to 7)
Hint([2,8]+[5,6]+[5,0] add up to 9)
Hint([0,4]+[3,6] add up to 3)
Hint([1,4]+[7,4] add up to 13)
Hint([8,1]+[7,3] add up to 6)
