Level( 9, 6, 3, 7, 8, 5, 4, 1, 2, 1, 5, 7, 2, 4, 6, 9, 8, 3, 8, 2, 4, 1, 3, 9, 7, 5, 6, 4, 9, 1, 3, 2, 8, 6, 7, 5, 7, 3, 2, 5, 6, 4, 1, 9, 8, 5, 8, 6, 9, 1, 7, 2, 3, 4, 6, 4, 9, 8, 5, 1, 3, 2, 7, 2, 7, 5, 4, 9, 3, 8, 6, 1, 3, 1, 8, 6, 7, 2, 5, 4, 9 )
Visible( 0, 1, 0, 0, 0, 0, 0, 0, 1, 0, 0, 1, 0, 1, 0, 0, 0, 1, 0, 0, 0, 0, 1, 1, 0, 1, 0, 1, 0, 1, 0, 0, 1, 1, 0, 0, 0, 0, 0, 0, 0, 0, 1, 0, 0, 1, 1, 0, 0, 0, 0, 0, 1, 0, 0, 1, 0, 0, 1, 0, 0, 0, 0, 0, 0, 0, 0, 0, 0, 1, 1, 0, 1, 1, 0, 0, 0, 1, 0, 0, 1 )
Hint([6,6]+[0,2]+[4,3] add up to 10)
Hint([6,7]+[8,6]+[2,0] add up to 15)
Hint([5,2]+[6,2] add up to 14)
Hint([6,0]+[8,1] add up to 5)
Hint([6,0]+[3,4] add up to 7)
Hint([1,2]+[2,0] add up to 3)
Hint([2,8]+[5,7] add up to 9)
Hint([4,3]+[0,3]+[2,5] add up to 9)
Hint([1,6]+[7,7] add up to 8)
Hint([7,0]+[7,0] add up to 0)
