Level( 9, 5, 8, 6, 7, 3, 4, 1, 2, 7, 6, 4, 5, 2, 1, 8, 9, 3, 3, 1, 2, 4, 9, 8, 5, 7, 6, 1, 9, 5, 3, 8, 2, 6, 4, 7, 2, 3, 6, 7, 1, 4, 9, 5, 8, 8, 4, 7, 9, 5, 6, 2, 3, 1, 5, 8, 1, 2, 4, 7, 3, 6, 9, 4, 2, 3, 1, 6, 9, 7, 8, 5, 6, 7, 9, 8, 3, 5, 1, 2, 4 )
Visible( 0, 0, 0, 1, 1, 0, 0, 0, 0, 0, 0, 1, 0, 0, 0, 0, 1, 1, 0, 1, 0, 0, 1, 1, 0, 0, 0, 1, 0, 1, 0, 0, 1, 0, 1, 1, 0, 0, 0, 0, 0, 0, 0, 0, 1, 0, 0, 1, 0, 0, 0, 0, 0, 0, 1, 0, 0, 1, 0, 0, 0, 1, 0, 0, 0, 1, 0, 1, 0, 0, 0, 0, 1, 1, 0, 0, 1, 0, 1, 0, 0 )
Hint([7,4]+[0,2]+[4,6] add up to 9)
Hint([5,7]+[8,3]+[1,4] add up to 16)
Hint([5,5]+[6,5] add up to 6)
Hint([6,0]+[8,0] add up to 4)
Hint([5,3]+[4,2] add up to 9)
Hint([0,7]+[3,3] add up to 5)
Hint([2,7]+[5,8]+[6,1] add up to 13)
Hint([0,8]+[4,4]+[1,8] add up to 11)
Hint([6,0]+[8,6] add up to 11)
Hint([0,4]+[4,6]+[2,8] add up to 12)
