Level( 6, 7, 5, 1, 4, 2, 8, 9, 3, 8, 4, 3, 6, 7, 9, 1, 5, 2, 9, 2, 1, 3, 8, 5, 7, 4, 6, 3, 5, 2, 7, 6, 4, 9, 1, 8, 7, 6, 8, 9, 5, 1, 3, 2, 4, 4, 1, 9, 2, 3, 8, 6, 7, 5, 1, 8, 6, 5, 2, 7, 4, 3, 9, 2, 3, 7, 4, 9, 6, 5, 8, 1, 5, 9, 4, 8, 1, 3, 2, 6, 7 )
Visible( 1, 1, 0, 0, 0, 0, 0, 0, 0, 0, 0, 1, 1, 0, 1, 0, 1, 0, 0, 1, 0, 0, 0, 0, 1, 1, 0, 0, 0, 1, 0, 0, 0, 0, 0, 0, 1, 0, 0, 0, 1, 0, 0, 0, 0, 1, 0, 0, 0, 0, 1, 1, 1, 0, 0, 1, 0, 1, 0, 1, 0, 0, 1, 0, 0, 0, 0, 0, 1, 0, 0, 1, 0, 1, 0, 0, 0, 0, 1, 0, 0 )
Hint([8,0]+[8,0]+[3,4] add up to 12)
Hint([5,3]+[7,5]+[1,2] add up to 10)
Hint([5,2]+[6,4] add up to 6)
Hint([5,6]+[0,0] add up to 11)
Hint([7,5]+[4,4] add up to 10)
Hint([0,5]+[3,6] add up to 7)
Hint([1,7]+[5,0]+[3,6] add up to 7)
Hint([0,8]+[4,1]+[0,7] add up to 11)
Hint([7,8]+[1,4] add up to 10)
Hint([0,2]+[4,8]+[3,4] add up to 16)
