Level( 3, 2, 9, 6, 4, 1, 5, 7, 8, 8, 4, 7, 5, 9, 3, 6, 2, 1, 5, 1, 6, 8, 7, 2, 9, 3, 4, 6, 7, 3, 9, 2, 8, 1, 4, 5, 2, 8, 1, 4, 3, 5, 7, 6, 9, 9, 5, 4, 1, 6, 7, 2, 8, 3, 4, 3, 2, 7, 1, 9, 8, 5, 6, 1, 6, 5, 2, 8, 4, 3, 9, 7, 7, 9, 8, 3, 5, 6, 4, 1, 2 )
Visible( 0, 0, 0, 1, 1, 0, 0, 1, 1, 0, 0, 1, 1, 0, 0, 0, 0, 1, 0, 0, 1, 0, 0, 1, 0, 0, 0, 1, 0, 0, 1, 0, 1, 1, 0, 0, 0, 1, 0, 0, 1, 0, 0, 0, 0, 0, 0, 1, 0, 0, 0, 0, 0, 0, 0, 0, 0, 1, 0, 0, 0, 1, 1, 1, 0, 0, 0, 0, 0, 1, 0, 0, 0, 0, 0, 1, 1, 0, 1, 0, 0 )
Hint([7,3]+[0,3]+[4,2] add up to 14)
Hint([5,2]+[7,4]+[1,5] add up to 10)
Hint([6,0]+[5,5] add up to 10)
Hint([7,8]+[1,7] add up to 5)
Hint([6,1]+[3,8] add up to 7)
Hint([0,3]+[2,7] add up to 9)
Hint([2,5]+[4,5]+[5,0] add up to 8)
Hint([0,3]+[3,8] add up to 7)
Hint([0,5]+[7,7] add up to 16)
Hint([7,3]+[8,3] add up to 7)
