Level( 2, 3, 5, 9, 4, 6, 7, 1, 8, 7, 9, 8, 1, 3, 5, 4, 6, 2, 4, 6, 1, 2, 8, 7, 9, 3, 5, 8, 7, 3, 4, 1, 9, 2, 5, 6, 9, 5, 6, 8, 7, 2, 1, 4, 3, 1, 4, 2, 5, 6, 3, 8, 7, 9, 6, 8, 9, 7, 5, 4, 3, 2, 1, 5, 1, 7, 3, 2, 8, 6, 9, 4, 3, 2, 4, 6, 9, 1, 5, 8, 7 )
Visible( 0, 0, 0, 0, 0, 1, 0, 0, 1, 0, 1, 0, 0, 0, 1, 0, 1, 0, 0, 0, 0, 1, 0, 0, 0, 0, 1, 0, 0, 1, 1, 0, 0, 0, 0, 1, 0, 0, 1, 0, 1, 0, 1, 0, 1, 0, 1, 0, 0, 1, 0, 1, 0, 0, 0, 1, 0, 1, 0, 0, 1, 0, 0, 1, 0, 1, 0, 0, 0, 0, 1, 0, 0, 1, 0, 0, 1, 0, 0, 0, 0 )
Hint([7,3]+[8,6]+[5,6] add up to 7)
Hint([5,6]+[8,8]+[2,5] add up to 10)
Hint([4,8]+[7,6] add up to 9)
Hint([5,0]+[8,2] add up to 9)
Hint([6,6]+[5,2] add up to 8)
Hint([0,4]+[2,7] add up to 14)
Hint([1,6]+[4,5]+[5,0] add up to 17)
Hint([1,4]+[3,1] add up to 4)
Hint([8,1]+[6,8] add up to 5)
Hint([8,3]+[8,1] add up to 6)
