Level( B, D, 9, C, 6, 4, A, F, E, 0, 7, 3, 1, 8, 2, 5, 5, 1, F, A, 3, 2, E, 8, C, 4, 9, B, 7, 0, D, 6, 4, 8, 7, 2, C, 5, 0, B, D, 6, 1, A, F, 9, 3, E, 0, 6, E, 3, 7, D, 9, 1, 8, F, 2, 5, B, 4, A, C, 2, 7, D, B, 1, F, 6, C, 0, 3, 8, E, 4, 5, 9, A, 9, E, 4, 6, 8, B, 5, 0, 7, C, A, D, 2, 1, F, 3, A, F, 0, 1, D, 9, 2, 3, 4, 5, B, 6, C, E, 7, 8, C, 3, 5, 8, E, 7, 4, A, 9, 1, F, 2, 6, B, 0, D, 6, 4, A, 9, B, 0, 3, 5, 1, 2, E, C, D, F, 8, 7, F, 5, 8, 0, 2, 6, 7, D, A, B, 3, 4, 9, C, E, 1, D, 2, B, 7, A, 1, C, E, F, 9, 6, 8, 0, 3, 5, 4, 3, C, 1, E, 4, 8, F, 9, 5, 7, D, 0, A, 2, 6, B, 7, 0, C, D, 5, E, B, 6, 2, 8, 4, 9, 3, A, 1, F, 1, 9, 3, 5, F, C, 8, 4, 6, A, 0, 7, E, D, B, 2, E, B, 2, 4, 0, A, 1, 7, 3, D, 5, F, 8, 6, C, 9, 8, A, 6, F, 9, 3, D, 2, B, E, C, 1, 5, 7, 4, 0 )
Visible( 1, 0, 0, 1, 1, 1, 0, 0, 1, 1, 0, 0, 1, 1, 0, 0, 0, 0, 0, 1, 0, 1, 0, 1, 0, 1, 1, 0, 0, 1, 1, 0, 0, 0, 0, 1, 1, 0, 0, 1, 0, 0, 0, 0, 1, 0, 1, 0, 0, 1, 0, 0, 0, 1, 1, 1, 0, 0, 1, 0, 0, 0, 0, 1, 1, 1, 0, 0, 0, 0, 0, 1, 1, 1, 0, 1, 0, 1, 1, 1, 0, 0, 1, 1, 0, 1, 0, 0, 0, 1, 0, 0, 1, 1, 0, 0, 0, 1, 1, 0, 0, 0, 0, 0, 1, 1, 0, 1, 1, 0, 0, 1, 0, 0, 1, 1, 0, 0, 0, 1, 0, 1, 0, 1, 1, 1, 1, 0, 1, 0, 0, 0, 0, 0, 0, 1, 1, 0, 0, 0, 1, 1, 0, 1, 1, 0, 0, 0, 1, 1, 0, 0, 1, 0, 0, 1, 1, 0, 1, 0, 1, 1, 1, 1, 0, 1, 0, 1, 1, 0, 1, 0, 0, 0, 1, 0, 1, 0, 1, 0, 0, 0, 0, 0, 0, 1, 1, 0, 0, 0, 1, 0, 0, 0, 0, 1, 1, 1, 1, 1, 1, 1, 0, 0, 0, 0, 0, 0, 0, 0, 1, 0, 0, 1, 1, 1, 1, 1, 0, 1, 0, 1, 0, 0, 0, 0, 1, 0, 0, 1, 0, 1, 0, 1, 1, 1, 0, 1, 1, 0, 1, 0, 1, 1, 0, 1, 1, 0, 1, 0, 0, 0, 0, 0, 0, 1 )
Hint([14,11]+[1,2]+[6,12] add up to 25)
Hint([11,10]+[14,3]+[1,3] add up to 24)
Hint([10,3]+[10,3] add up to 4)
Hint([12,0]+[14,3] add up to 11)
Hint([13,10]+[9,11] add up to 10)
Hint([1,7]+[4,7] add up to 17)
Hint([3,6]+[7,2]+[7,7] add up to 22)
Hint([1,6]+[5,1]+[0,15] add up to 25)
Hint([11,1]+[14,10] add up to 16)
Hint([13,12]+[9,4]+[2,14] add up to 15)
