Level( 6, 2, 9, 4, 7, 1, 3, 8, 5, 1, 4, 7, 5, 8, 3, 6, 9, 2, 3, 5, 8, 9, 6, 2, 7, 4, 1, 7, 6, 3, 1, 9, 8, 2, 5, 4, 2, 1, 4, 3, 5, 6, 9, 7, 8, 9, 8, 5, 7, 2, 4, 1, 3, 6, 8, 9, 1, 2, 3, 5, 4, 6, 7, 5, 7, 2, 6, 4, 9, 8, 1, 3, 4, 3, 6, 8, 1, 7, 5, 2, 9 )
Visible( 1, 0, 0, 0, 0, 0, 0, 1, 1, 0, 0, 1, 0, 1, 0, 0, 1, 0, 0, 0, 1, 0, 1, 1, 0, 0, 0, 0, 0, 0, 0, 0, 0, 1, 1, 1, 0, 1, 0, 0, 0, 0, 0, 0, 1, 0, 0, 0, 1, 1, 0, 1, 0, 0, 1, 0, 0, 1, 1, 1, 0, 1, 0, 0, 0, 0, 0, 0, 0, 0, 0, 0, 1, 1, 0, 0, 0, 1, 0, 0, 0 )
Hint([7,4]+[0,7]+[5,8] add up to 16)
Hint([5,8]+[8,7]+[2,2] add up to 15)
Hint([6,7]+[7,1] add up to 15)
Hint([6,2]+[8,7] add up to 8)
Hint([6,6]+[5,0] add up to 3)
Hint([0,7]+[3,7] add up to 9)
Hint([2,2]+[3,1]+[4,7] add up to 14)
Hint([0,6]+[3,6]+[1,6] add up to 16)
Hint([7,6]+[0,1] add up to 5)
Hint([8,7]+[5,8]+[3,0] add up to 11)
