Level( 7, 1, 4, 2, 3, 8, 9, 5, 6, 5, 8, 9, 4, 7, 6, 3, 2, 1, 2, 3, 6, 9, 1, 5, 7, 8, 4, 9, 7, 3, 6, 2, 4, 8, 1, 5, 6, 4, 5, 7, 8, 1, 2, 3, 9, 8, 2, 1, 3, 5, 9, 4, 6, 7, 3, 5, 8, 1, 4, 7, 6, 9, 2, 4, 9, 2, 5, 6, 3, 1, 7, 8, 1, 6, 7, 8, 9, 2, 5, 4, 3 )
Visible( 1, 0, 0, 0, 0, 1, 0, 0, 1, 0, 0, 1, 1, 1, 0, 0, 1, 0, 0, 0, 1, 0, 1, 0, 0, 0, 1, 0, 0, 0, 0, 0, 0, 0, 0, 0, 0, 0, 1, 0, 0, 0, 1, 0, 0, 1, 1, 0, 1, 0, 0, 0, 0, 0, 0, 0, 0, 1, 0, 0, 0, 1, 1, 1, 1, 0, 1, 0, 0, 1, 0, 1, 0, 0, 1, 0, 0, 0, 1, 0, 0 )
Hint([6,5]+[0,2]+[4,2] add up to 4)
Hint([5,6]+[8,3]+[1,6] add up to 14)
Hint([4,7]+[7,5] add up to 10)
Hint([6,8]+[1,7] add up to 12)
Hint([5,5]+[4,5] add up to 12)
Hint([1,5]+[3,0] add up to 2)
Hint([1,1]+[3,0] add up to 8)
Hint([4,4]+[0,1] add up to 11)
Hint([0,1]+[8,4] add up to 12)
Hint([0,7]+[8,4]+[8,1] add up to 11)
