Level( 7, 2, 8, 6, 4, 1, 3, 5, 9, 1, 5, 6, 9, 3, 8, 2, 4, 7, 9, 4, 3, 7, 5, 2, 6, 8, 1, 5, 7, 4, 1, 8, 6, 9, 2, 3, 2, 3, 9, 4, 7, 5, 1, 6, 8, 8, 6, 1, 3, 2, 9, 5, 7, 4, 3, 8, 2, 5, 1, 7, 4, 9, 6, 4, 9, 5, 8, 6, 3, 7, 1, 2, 6, 1, 7, 2, 9, 4, 8, 3, 5 )
Visible( 0, 1, 0, 0, 0, 0, 1, 0, 0, 0, 0, 0, 1, 0, 1, 0, 0, 1, 1, 1, 0, 1, 0, 0, 0, 0, 1, 1, 0, 0, 0, 1, 1, 0, 0, 1, 0, 0, 0, 0, 1, 0, 1, 0, 0, 0, 1, 1, 1, 0, 1, 1, 0, 0, 0, 0, 0, 0, 0, 1, 1, 1, 0, 1, 0, 1, 1, 0, 1, 0, 0, 1, 0, 0, 0, 0, 0, 0, 0, 0, 0 )
Hint([8,1]+[8,3]+[4,3] add up to 15)
Hint([7,3]+[7,8]+[2,0] add up to 10)
Hint([5,7]+[7,5] add up to 8)
Hint([7,8]+[1,7] add up to 10)
Hint([5,3]+[4,0] add up to 8)
Hint([8,1]+[2,3] add up to 9)
Hint([1,2]+[3,3]+[4,8] add up to 11)
Hint([1,5]+[3,8]+[2,4] add up to 14)
Hint([8,3]+[0,4] add up to 3)
Hint([8,1]+[3,2]+[1,5] add up to 17)
