Level( 3, 8, 2, 1, 4, 7, 9, 6, 5, 7, 5, 9, 2, 8, 6, 3, 4, 1, 6, 4, 1, 9, 5, 3, 7, 2, 8, 5, 1, 7, 6, 2, 8, 4, 3, 9, 2, 3, 8, 4, 9, 1, 5, 7, 6, 4, 9, 6, 3, 7, 5, 8, 1, 2, 8, 6, 4, 7, 1, 9, 2, 5, 3, 9, 7, 3, 5, 6, 2, 1, 8, 4, 1, 2, 5, 8, 3, 4, 6, 9, 7 )
Visible( 0, 1, 1, 0, 0, 0, 1, 0, 0, 1, 0, 0, 0, 0, 0, 0, 1, 0, 1, 0, 1, 0, 0, 0, 0, 0, 0, 0, 0, 0, 1, 0, 0, 0, 0, 0, 0, 1, 0, 1, 1, 0, 0, 0, 1, 0, 0, 0, 0, 0, 1, 1, 1, 1, 0, 1, 0, 0, 0, 0, 0, 1, 0, 0, 0, 1, 0, 0, 1, 0, 0, 0, 0, 0, 0, 0, 1, 0, 1, 0, 0 )
Hint([8,5]+[0,8]+[5,0] add up to 7)
Hint([6,1]+[6,3]+[1,7] add up to 11)
Hint([4,4]+[6,4] add up to 12)
Hint([6,5]+[0,6] add up to 14)
Hint([6,6]+[5,0] add up to 7)
Hint([8,0]+[1,3] add up to 4)
Hint([3,8]+[5,3]+[4,8] add up to 16)
Hint([8,8]+[4,5]+[1,0] add up to 19)
Hint([7,0]+[8,4]+[7,0] add up to 15)
Hint([3,3]+[1,1]+[4,8] add up to 11)
