Level( 8, 6, 3, 4, 5, 2, 9, 7, 1, 4, 2, 9, 3, 1, 7, 6, 5, 8, 5, 7, 1, 9, 8, 6, 4, 2, 3, 6, 1, 7, 5, 4, 9, 8, 3, 2, 3, 4, 5, 2, 6, 8, 1, 9, 7, 9, 8, 2, 7, 3, 1, 5, 4, 6, 1, 5, 4, 8, 7, 3, 2, 6, 9, 2, 3, 6, 1, 9, 4, 7, 8, 5, 7, 9, 8, 6, 2, 5, 3, 1, 4 )
Visible( 0, 1, 0, 0, 0, 0, 0, 0, 0, 1, 0, 0, 0, 0, 1, 1, 0, 0, 1, 0, 1, 1, 0, 0, 0, 0, 1, 0, 0, 1, 0, 1, 0, 1, 0, 0, 0, 0, 1, 0, 0, 1, 0, 1, 0, 0, 1, 0, 0, 0, 1, 0, 0, 1, 0, 0, 0, 0, 0, 0, 0, 0, 0, 1, 0, 1, 0, 1, 0, 0, 0, 1, 0, 1, 0, 0, 1, 0, 0, 1, 0 )
Hint([7,4]+[0,3]+[4,0] add up to 17)
Hint([5,7]+[8,3]+[1,7] add up to 6)
Hint([5,5]+[6,2] add up to 3)
Hint([7,8]+[1,5] add up to 7)
Hint([5,5]+[4,7] add up to 8)
Hint([0,0]+[1,6] add up to 11)
Hint([1,5]+[4,0]+[3,6] add up to 18)
Hint([0,8]+[4,2]+[0,1] add up to 16)
Hint([6,2]+[8,5]+[8,0] add up to 8)
Hint([3,7]+[2,8]+[6,1] add up to 12)
