Level( 0, 8, D, F, E, A, C, 3, 9, 4, B, 7, 1, 6, 2, 5, 7, 4, B, E, 2, 1, 6, 8, 3, C, 5, F, D, 0, 9, A, 2, C, A, 5, 0, 9, F, B, 6, D, 1, 8, 4, 3, 7, E, 9, 6, 1, 3, 4, 5, D, 7, A, 0, E, 2, C, F, B, 8, 6, F, 2, B, 3, C, E, D, 0, 8, 9, A, 7, 5, 4, 1, A, 9, E, D, B, 8, 2, F, 7, 1, 4, 5, 6, C, 0, 3, 8, 1, 5, 7, A, 0, 9, 4, 2, 3, 6, C, E, B, F, D, 3, 0, 4, C, 5, 6, 7, 1, B, F, D, E, A, 9, 8, 2, 1, B, F, 0, 9, D, 5, C, E, A, 8, 6, 2, 4, 3, 7, 4, E, 7, A, 8, 3, B, 2, 1, 9, F, 0, 5, D, C, 6, D, 3, 6, 9, 7, 4, 1, A, C, 5, 2, B, F, 8, E, 0, 5, 2, C, 8, 6, F, 0, E, D, 7, 3, 4, 9, 1, A, B, E, 5, 3, 6, F, 7, A, 9, 8, B, C, D, 0, 2, 1, 4, F, D, 8, 1, C, E, 4, 0, 5, 2, A, 3, B, 7, 6, 9, C, A, 0, 2, 1, B, 3, 5, 4, 6, 7, 9, 8, E, D, F, B, 7, 9, 4, D, 2, 8, 6, F, E, 0, 1, 3, A, 5, C )
Visible( 0, 1, 0, 1, 1, 0, 1, 0, 0, 0, 1, 0, 1, 0, 1, 0, 1, 0, 0, 0, 0, 0, 1, 0, 0, 1, 0, 0, 0, 0, 0, 0, 1, 0, 0, 1, 0, 1, 0, 0, 1, 1, 1, 0, 0, 1, 0, 0, 0, 1, 1, 1, 0, 0, 0, 1, 0, 1, 1, 1, 0, 0, 1, 0, 1, 1, 1, 0, 1, 1, 0, 0, 1, 0, 0, 0, 0, 1, 1, 1, 0, 0, 0, 0, 1, 0, 0, 1, 1, 0, 0, 0, 1, 0, 0, 1, 0, 1, 1, 1, 0, 1, 0, 0, 1, 0, 0, 0, 1, 0, 0, 1, 1, 0, 0, 1, 1, 1, 1, 0, 0, 0, 0, 0, 1, 1, 1, 0, 1, 0, 1, 0, 1, 1, 1, 0, 0, 0, 0, 1, 0, 1, 1, 0, 1, 1, 1, 0, 1, 0, 0, 0, 1, 1, 0, 0, 0, 1, 1, 1, 1, 1, 0, 1, 0, 0, 1, 1, 0, 1, 0, 0, 1, 1, 0, 1, 1, 0, 1, 0, 1, 1, 0, 0, 1, 1, 0, 1, 0, 0, 0, 0, 1, 0, 1, 0, 1, 0, 1, 1, 1, 0, 0, 0, 1, 0, 1, 1, 0, 1, 1, 1, 0, 1, 0, 0, 1, 0, 1, 0, 0, 0, 0, 1, 0, 0, 1, 1, 0, 0, 1, 1, 1, 0, 0, 0, 1, 0, 0, 0, 0, 1, 1, 0, 0, 0, 1, 1, 0, 0, 0, 1, 1, 1, 1, 1 )
Hint([11,7]+[0,0]+[6,2] add up to 29)
Hint([10,9]+[14,7]+[2,6] add up to 28)
Hint([9,12]+[12,6] add up to 25)
Hint([12,8]+[1,8] add up to 13)
Hint([9,12]+[9,15] add up to 25)
Hint([1,8]+[5,10] add up to 15)
Hint([1,2]+[6,2]+[7,4] add up to 40)
Hint([0,8]+[6,13]+[3,8] add up to 5)
Hint([14,1]+[15,3] add up to 17)
Hint([15,3]+[7,9]+[4,15] add up to 23)
