Level( 5, 7, 9, 3, 1, 6, 0, 8, F, 2, 4, B, A, C, D, E, D, 0, C, A, F, B, E, 9, 8, 1, 7, 3, 6, 4, 5, 2, B, 4, 1, F, D, C, 2, 5, E, A, 6, 0, 9, 8, 7, 3, E, 8, 6, 2, 7, 3, A, 4, 5, D, C, 9, F, B, 0, 1, 2, B, 7, 1, 6, 5, 4, C, 9, 0, D, F, E, 3, 8, A, 6, F, 8, E, 0, A, 9, B, C, 5, 3, 1, 4, 7, 2, D, 9, 3, 0, D, E, 2, 7, 1, A, 8, B, 4, C, F, 6, 5, 4, A, 5, C, 3, D, 8, F, 6, 7, E, 2, 0, 9, 1, B, F, E, A, 0, B, 9, C, 2, D, 3, 8, 5, 7, 1, 4, 6, 1, 9, D, 4, 5, 7, F, 3, B, 6, 0, E, 2, A, C, 8, C, 5, 2, 8, 4, E, 6, D, 1, 9, A, 7, B, 0, 3, F, 3, 6, B, 7, A, 8, 1, 0, 2, 4, F, C, 5, D, E, 9, 0, 2, F, 9, C, 1, D, E, 4, B, 5, 8, 3, 6, A, 7, 8, C, 4, 5, 9, F, 3, 6, 7, E, 1, A, D, 2, B, 0, A, 1, E, 6, 2, 0, B, 7, 3, C, 9, D, 8, 5, F, 4, 7, D, 3, B, 8, 4, 5, A, 0, F, 2, 6, 1, E, 9, C )
Visible( 0, 0, 0, 0, 1, 0, 1, 1, 0, 0, 1, 1, 0, 0, 1, 0, 0, 0, 0, 1, 0, 0, 1, 0, 0, 0, 1, 0, 1, 0, 0, 1, 0, 0, 1, 1, 0, 0, 1, 0, 1, 0, 0, 0, 0, 0, 1, 0, 0, 1, 1, 1, 1, 1, 1, 1, 0, 1, 0, 1, 0, 0, 0, 1, 1, 1, 0, 1, 1, 1, 0, 1, 1, 0, 0, 1, 0, 0, 0, 1, 1, 1, 0, 1, 0, 0, 0, 1, 1, 0, 1, 1, 0, 0, 0, 1, 0, 1, 1, 0, 0, 1, 0, 1, 0, 0, 0, 0, 1, 0, 0, 0, 1, 0, 0, 1, 1, 0, 1, 1, 1, 0, 0, 1, 1, 0, 1, 0, 0, 1, 1, 0, 0, 0, 0, 0, 1, 0, 0, 1, 1, 1, 0, 0, 0, 0, 1, 0, 0, 1, 1, 1, 1, 0, 1, 0, 1, 0, 0, 1, 1, 1, 0, 1, 0, 1, 0, 0, 0, 1, 0, 1, 1, 1, 0, 0, 0, 0, 0, 1, 0, 0, 1, 0, 1, 1, 1, 0, 1, 1, 1, 1, 0, 1, 0, 0, 0, 0, 0, 1, 1, 1, 0, 1, 1, 1, 1, 0, 1, 1, 0, 0, 1, 0, 0, 0, 0, 1, 1, 0, 0, 0, 1, 0, 1, 0, 0, 1, 1, 0, 0, 1, 1, 0, 1, 0, 1, 1, 0, 0, 0, 0, 0, 1, 0, 0, 1, 1, 1, 1, 0, 0, 0, 1, 0, 0 )
Hint([13,3]+[15,3]+[6,12] add up to 25)
Hint([9,15]+[15,13]+[4,9] add up to 20)
Hint([10,4]+[10,13] add up to 14)
Hint([11,3]+[15,11] add up to 18)
Hint([13,4]+[7,5] add up to 14)
Hint([0,8]+[5,7] add up to 28)
Hint([5,4]+[6,6]+[8,14] add up to 15)
Hint([1,3]+[4,1]+[0,2] add up to 34)
Hint([13,15]+[2,1]+[12,1] add up to 32)
Hint([7,8]+[3,4]+[9,6] add up to 11)
