Level( E, D, B, 9, F, C, 2, 0, 1, 6, 7, 4, A, 8, 3, 5, F, 1, A, 0, 4, B, 5, 6, E, 3, 8, 2, 9, C, D, 7, 4, 2, 3, 7, 1, D, 8, 9, 0, 5, A, C, F, E, 6, B, 8, C, 6, 5, E, A, 7, 3, B, D, 9, F, 4, 2, 0, 1, 9, 7, C, 8, 2, 6, 0, 1, 3, F, 5, B, E, 4, A, D, 3, A, 5, F, 7, E, 4, 8, 6, 9, D, 0, 2, 1, B, C, 0, E, D, 2, 3, F, C, B, 4, 7, 1, A, 6, 9, 5, 8, 6, B, 1, 4, 9, 5, D, A, 2, 8, C, E, 3, 7, F, 0, 7, 5, 2, 1, 8, 3, A, 4, F, C, 0, 6, B, D, E, 9, D, 8, 0, 3, C, 9, F, E, A, 1, B, 5, 7, 6, 2, 4, C, 9, F, A, 6, 2, B, 7, 8, 4, E, D, 0, 5, 1, 3, B, 4, E, 6, D, 0, 1, 5, 7, 2, 3, 9, C, F, 8, A, 5, 6, 7, E, 0, 1, 3, 2, C, A, 4, 8, D, B, 9, F, 2, 3, 4, B, 5, 8, 6, D, 9, 0, F, 7, 1, A, C, E, A, 0, 8, C, B, 7, 9, F, D, E, 2, 1, 5, 3, 4, 6, 1, F, 9, D, A, 4, E, C, 5, B, 6, 3, 8, 0, 7, 2 )
Visible( 0, 1, 0, 0, 0, 1, 0, 1, 0, 1, 0, 0, 0, 0, 1, 1, 1, 1, 0, 0, 1, 0, 0, 1, 0, 0, 1, 1, 1, 0, 0, 1, 0, 0, 0, 1, 0, 0, 0, 1, 1, 0, 1, 1, 0, 0, 0, 0, 0, 0, 1, 0, 0, 1, 1, 0, 0, 0, 0, 0, 1, 1, 1, 0, 1, 1, 0, 1, 0, 1, 1, 0, 0, 1, 0, 1, 0, 0, 1, 0, 1, 1, 1, 0, 1, 0, 0, 0, 1, 0, 1, 1, 1, 0, 1, 0, 1, 0, 0, 1, 1, 1, 0, 0, 0, 0, 0, 0, 0, 0, 0, 0, 1, 1, 0, 0, 1, 0, 1, 1, 1, 0, 0, 0, 0, 0, 0, 1, 0, 1, 0, 1, 1, 1, 1, 1, 0, 0, 0, 0, 0, 1, 0, 1, 0, 1, 1, 1, 1, 0, 1, 1, 1, 1, 0, 1, 1, 0, 1, 1, 0, 0, 0, 0, 1, 0, 1, 1, 1, 0, 1, 1, 0, 1, 0, 0, 1, 1, 1, 1, 1, 0, 1, 1, 0, 1, 0, 0, 1, 1, 0, 1, 1, 1, 1, 0, 0, 0, 0, 0, 1, 1, 1, 0, 0, 0, 1, 0, 0, 0, 1, 1, 1, 1, 1, 1, 1, 1, 1, 1, 1, 0, 0, 1, 1, 1, 0, 0, 1, 0, 1, 1, 0, 0, 0, 1, 0, 0, 1, 1, 1, 1, 0, 1, 0, 1, 1, 1, 0, 0, 0, 1, 0, 0, 0, 0 )
Hint([13,1]+[14,8]+[8,0] add up to 27)
Hint([11,15]+[15,2]+[1,11] add up to 18)
Hint([7,14]+[13,4] add up to 19)
Hint([11,11]+[1,10] add up to 18)
Hint([11,0]+[6,1] add up to 9)
Hint([15,9]+[5,9] add up to 13)
Hint([1,11]+[8,12]+[9,5] add up to 25)
Hint([2,4]+[5,3]+[0,14] add up to 32)
Hint([14,1]+[15,9] add up to 17)
Hint([1,4]+[7,9]+[4,1] add up to 25)
