Level( 9, 8, 1, 6, 4, 2, 3, 5, 7, 7, 3, 4, 5, 8, 9, 6, 1, 2, 6, 5, 2, 7, 1, 3, 9, 8, 4, 8, 1, 3, 2, 9, 5, 4, 7, 6, 5, 4, 6, 1, 3, 7, 8, 2, 9, 2, 7, 9, 8, 6, 4, 1, 3, 5, 4, 2, 8, 3, 7, 6, 5, 9, 1, 3, 9, 7, 4, 5, 1, 2, 6, 8, 1, 6, 5, 9, 2, 8, 7, 4, 3 )
Visible( 0, 0, 0, 1, 0, 0, 0, 0, 0, 0, 0, 1, 1, 0, 1, 0, 1, 0, 1, 0, 1, 0, 0, 0, 0, 1, 0, 0, 0, 0, 0, 0, 0, 0, 0, 0, 0, 1, 0, 1, 1, 0, 0, 1, 1, 1, 0, 0, 0, 0, 0, 0, 0, 1, 0, 0, 0, 0, 1, 0, 1, 0, 0, 1, 1, 0, 0, 0, 0, 0, 0, 1, 0, 0, 0, 1, 1, 0, 1, 0, 0 )
Hint([8,6]+[0,4]+[4,8] add up to 5)
Hint([6,6]+[8,8]+[2,2] add up to 7)
Hint([6,5]+[6,0] add up to 2)
Hint([7,2]+[0,6] add up to 10)
Hint([7,2]+[4,3] add up to 15)
Hint([0,1]+[2,6] add up to 13)
Hint([2,5]+[4,5]+[5,4] add up to 19)
Hint([1,7]+[4,0]+[0,7] add up to 13)
Hint([7,1]+[8,7] add up to 7)
Hint([7,8]+[5,6]+[2,0] add up to 8)
