Level( 2, 5, 3, 6, 8, 7, 4, 1, 9, 6, 9, 4, 5, 1, 3, 8, 7, 2, 7, 8, 1, 4, 9, 2, 6, 5, 3, 5, 1, 9, 3, 7, 6, 2, 8, 4, 4, 3, 2, 8, 5, 1, 7, 9, 6, 8, 7, 6, 2, 4, 9, 1, 3, 5, 1, 2, 7, 9, 3, 4, 5, 6, 8, 9, 6, 5, 1, 2, 8, 3, 4, 7, 3, 4, 8, 7, 6, 5, 9, 2, 1 )
Visible( 0, 1, 1, 1, 0, 0, 0, 0, 1, 0, 0, 0, 0, 0, 0, 0, 0, 1, 1, 0, 0, 0, 0, 1, 0, 0, 1, 0, 0, 1, 0, 0, 0, 0, 0, 1, 0, 0, 1, 1, 1, 0, 0, 1, 0, 0, 0, 0, 0, 0, 0, 1, 0, 0, 0, 0, 0, 0, 0, 1, 0, 1, 1, 1, 0, 0, 0, 1, 0, 1, 0, 0, 0, 1, 1, 1, 0, 0, 0, 0, 0 )
Hint([7,1]+[8,4]+[4,2] add up to 19)
Hint([7,2]+[7,1]+[0,4] add up to 13)
Hint([4,0]+[5,0] add up to 13)
Hint([6,5]+[0,2] add up to 6)
Hint([6,1]+[4,6] add up to 9)
Hint([0,5]+[3,2] add up to 10)
Hint([2,3]+[3,7]+[5,0] add up to 14)
Hint([8,1]+[2,8] add up to 8)
Hint([8,2]+[6,3] add up to 3)
Hint([6,3]+[8,7] add up to 7)
