Level( 5, 4, 3, 2, 8, 7, 1, 9, 6, 7, 8, 1, 9, 3, 6, 5, 4, 2, 6, 9, 2, 1, 5, 4, 8, 7, 3, 1, 2, 7, 3, 4, 5, 6, 8, 9, 8, 5, 9, 6, 7, 1, 2, 3, 4, 4, 3, 6, 8, 9, 2, 7, 1, 5, 3, 1, 5, 7, 2, 9, 4, 6, 8, 2, 6, 8, 4, 1, 3, 9, 5, 7, 9, 7, 4, 5, 6, 8, 3, 2, 1 )
Visible( 1, 0, 1, 1, 0, 0, 0, 1, 0, 0, 0, 0, 1, 0, 1, 0, 1, 1, 0, 0, 0, 0, 0, 0, 1, 0, 0, 0, 1, 1, 0, 1, 0, 0, 0, 0, 0, 0, 0, 0, 0, 0, 0, 0, 0, 1, 1, 0, 1, 0, 0, 1, 1, 0, 0, 0, 0, 0, 0, 1, 0, 0, 0, 1, 0, 1, 0, 0, 1, 1, 0, 0, 0, 0, 1, 0, 1, 0, 1, 0, 0 )
Hint([8,3]+[8,7]+[5,7] add up to 16)
Hint([5,1]+[6,0]+[0,8] add up to 13)
Hint([6,5]+[6,7] add up to 14)
Hint([7,6]+[0,7] add up to 6)
Hint([6,6]+[5,3] add up to 7)
Hint([1,7]+[3,0] add up to 6)
Hint([2,6]+[4,3] add up to 7)
Hint([6,8]+[1,2]+[2,5] add up to 15)
Hint([1,6]+[7,8] add up to 1)
Hint([8,3]+[8,7] add up to 14)
