Level( 4, 7, 2, 1, 8, 5, 9, 6, 3, 5, 1, 6, 2, 3, 9, 4, 8, 7, 3, 8, 9, 7, 6, 4, 5, 1, 2, 1, 5, 7, 9, 2, 3, 8, 4, 6, 8, 2, 4, 6, 5, 1, 3, 7, 9, 6, 9, 3, 8, 4, 7, 1, 2, 5, 7, 3, 8, 5, 1, 2, 6, 9, 4, 9, 4, 1, 3, 7, 6, 2, 5, 8, 2, 6, 5, 4, 9, 8, 7, 3, 1 )
Visible( 0, 1, 0, 0, 0, 0, 0, 1, 1, 1, 0, 0, 1, 1, 0, 0, 1, 0, 0, 0, 0, 1, 0, 1, 0, 1, 0, 1, 1, 0, 1, 0, 1, 0, 1, 0, 0, 0, 1, 0, 0, 0, 0, 0, 0, 0, 1, 0, 1, 0, 0, 0, 0, 0, 0, 0, 0, 0, 1, 1, 0, 0, 0, 1, 0, 0, 0, 0, 0, 0, 1, 1, 0, 1, 0, 1, 0, 0, 1, 0, 0 )
Hint([6,1]+[8,7]+[5,6] add up to 11)
Hint([5,0]+[6,2]+[1,2] add up to 15)
Hint([6,5]+[6,4] add up to 2)
Hint([7,4]+[0,2] add up to 8)
Hint([5,7]+[5,4] add up to 5)
Hint([1,4]+[2,0] add up to 2)
Hint([2,1]+[3,7] add up to 7)
Hint([4,8]+[1,8]+[4,0] add up to 20)
Hint([8,1]+[6,1]+[8,4] add up to 17)
Hint([8,0]+[3,8]+[3,7] add up to 7)
