Level( 6, 8, 3, 5, 2, 9, 1, 4, 7, 4, 5, 2, 1, 3, 7, 9, 8, 6, 9, 7, 1, 8, 6, 4, 5, 2, 3, 2, 3, 9, 4, 7, 8, 6, 1, 5, 7, 6, 8, 3, 1, 5, 2, 9, 4, 1, 4, 5, 2, 9, 6, 7, 3, 8, 5, 9, 4, 6, 8, 1, 3, 7, 2, 3, 1, 6, 7, 4, 2, 8, 5, 9, 8, 2, 7, 9, 5, 3, 4, 6, 1 )
Visible( 0, 0, 1, 0, 0, 1, 0, 0, 0, 0, 0, 1, 0, 1, 0, 0, 0, 0, 1, 0, 0, 0, 0, 1, 1, 0, 0, 0, 0, 0, 0, 1, 0, 0, 1, 1, 0, 1, 1, 1, 1, 0, 0, 0, 0, 0, 0, 0, 0, 0, 0, 0, 0, 1, 0, 0, 1, 1, 1, 0, 0, 1, 0, 0, 1, 0, 0, 0, 1, 0, 0, 0, 0, 1, 0, 1, 0, 0, 0, 0, 1 )
Hint([7,4]+[0,8]+[5,0] add up to 23)
Hint([6,4]+[7,6]+[2,4] add up to 14)
Hint([4,1]+[5,1] add up to 8)
Hint([5,0]+[8,6] add up to 9)
Hint([6,6]+[5,2] add up to 5)
Hint([0,0]+[1,5] add up to 8)
Hint([1,3]+[3,5]+[5,0] add up to 11)
Hint([0,4]+[3,4] add up to 8)
Hint([8,4]+[7,3] add up to 3)
Hint([0,0]+[7,0] add up to 8)
