Level( 7, 6, 2, 5, 9, 3, 1, 4, 8, 9, 4, 3, 7, 1, 8, 5, 6, 2, 8, 5, 1, 6, 4, 2, 7, 3, 9, 3, 7, 8, 9, 6, 4, 2, 5, 1, 6, 9, 5, 2, 8, 1, 3, 7, 4, 1, 2, 4, 3, 5, 7, 8, 9, 6, 2, 8, 9, 4, 7, 5, 6, 1, 3, 5, 1, 6, 8, 3, 9, 4, 2, 7, 4, 3, 7, 1, 2, 6, 9, 8, 5 )
Visible( 1, 1, 0, 0, 0, 1, 0, 0, 1, 0, 0, 0, 0, 0, 1, 0, 0, 0, 0, 0, 0, 0, 1, 0, 0, 0, 1, 0, 0, 0, 1, 1, 0, 1, 0, 0, 0, 0, 0, 1, 0, 0, 1, 0, 1, 1, 0, 0, 0, 1, 0, 0, 0, 0, 1, 0, 1, 0, 0, 0, 0, 1, 1, 1, 0, 0, 0, 0, 0, 1, 1, 0, 0, 0, 1, 0, 0, 0, 0, 1, 0 )
Hint([6,5]+[0,0]+[3,1] add up to 19)
Hint([5,8]+[8,1]+[0,2] add up to 13)
Hint([4,2]+[6,7] add up to 6)
Hint([6,8]+[1,4] add up to 16)
Hint([5,1]+[3,3] add up to 15)
Hint([1,8]+[4,6] add up to 8)
Hint([2,1]+[3,2]+[4,7] add up to 9)
Hint([1,3]+[3,0]+[8,0] add up to 17)
Hint([6,7]+[1,2]+[7,6] add up to 7)
Hint([4,0]+[0,3]+[5,0] add up to 12)
