Level( 5, 1, 8, 7, 9, 3, 2, 6, 4, 6, 3, 2, 8, 4, 1, 9, 5, 7, 9, 7, 4, 6, 5, 2, 3, 8, 1, 2, 4, 6, 9, 8, 5, 7, 1, 3, 7, 5, 1, 3, 2, 6, 4, 9, 8, 3, 8, 9, 1, 7, 4, 6, 2, 5, 1, 9, 5, 2, 3, 7, 8, 4, 6, 4, 2, 7, 5, 6, 8, 1, 3, 9, 8, 6, 3, 4, 1, 9, 5, 7, 2 )
Visible( 0, 0, 0, 1, 1, 0, 1, 1, 0, 0, 1, 1, 0, 0, 1, 0, 0, 0, 0, 1, 0, 0, 1, 1, 1, 0, 0, 0, 1, 0, 0, 1, 0, 0, 1, 0, 0, 0, 0, 0, 0, 0, 1, 1, 0, 0, 1, 0, 0, 0, 0, 0, 1, 0, 0, 0, 1, 0, 1, 0, 0, 0, 0, 0, 1, 1, 0, 0, 0, 0, 0, 0, 1, 1, 0, 0, 0, 0, 0, 1, 0 )
Hint([8,8]+[1,7]+[5,3] add up to 6)
Hint([6,1]+[6,6]+[2,3] add up to 20)
Hint([6,4]+[6,6] add up to 10)
Hint([6,6]+[1,6] add up to 15)
Hint([7,7]+[5,8] add up to 10)
Hint([8,0]+[1,2] add up to 9)
Hint([2,8]+[5,3]+[4,3] add up to 13)
Hint([0,1]+[2,3]+[0,8] add up to 17)
Hint([7,6]+[0,6] add up to 3)
Hint([7,2]+[4,8]+[2,5] add up to 15)
