Level( 2, 1, 8, 7, 6, 5, 9, 4, 3, 9, 3, 5, 4, 1, 2, 7, 8, 6, 6, 4, 7, 3, 9, 8, 2, 1, 5, 8, 5, 4, 6, 7, 3, 1, 9, 2, 1, 6, 3, 2, 4, 9, 5, 7, 8, 7, 9, 2, 5, 8, 1, 3, 6, 4, 4, 2, 9, 1, 3, 6, 8, 5, 7, 3, 7, 1, 8, 5, 4, 6, 2, 9, 5, 8, 6, 9, 2, 7, 4, 3, 1 )
Visible( 0, 1, 0, 0, 0, 0, 0, 0, 1, 0, 0, 1, 1, 0, 1, 0, 1, 0, 0, 0, 0, 0, 1, 0, 0, 0, 0, 1, 0, 1, 1, 0, 0, 1, 1, 0, 0, 0, 1, 0, 0, 1, 0, 0, 0, 0, 0, 1, 0, 0, 0, 0, 0, 1, 0, 0, 0, 1, 0, 1, 1, 1, 0, 0, 1, 0, 0, 1, 0, 0, 0, 1, 0, 0, 0, 0, 1, 0, 0, 1, 0 )
Hint([7,5]+[0,3]+[4,2] add up to 20)
Hint([6,2]+[7,7]+[2,5] add up to 3)
Hint([5,6]+[7,8] add up to 7)
Hint([5,6]+[1,4] add up to 10)
Hint([5,0]+[3,7] add up to 11)
Hint([8,0]+[1,7] add up to 8)
Hint([2,3]+[4,6]+[5,5] add up to 5)
Hint([0,7]+[4,7]+[1,7] add up to 12)
Hint([8,6]+[0,8] add up to 10)
Hint([8,5]+[4,5] add up to 10)
