Level( 9, 8, 5, 6, 7, 3, 4, 2, 1, 2, 7, 6, 4, 1, 5, 9, 8, 3, 1, 4, 3, 9, 2, 8, 5, 7, 6, 7, 3, 1, 2, 6, 9, 8, 4, 5, 6, 5, 9, 7, 8, 4, 3, 1, 2, 8, 2, 4, 5, 3, 1, 7, 6, 9, 4, 1, 7, 3, 5, 2, 6, 9, 8, 5, 6, 8, 1, 9, 7, 2, 3, 4, 3, 9, 2, 8, 4, 6, 1, 5, 7 )
Visible( 0, 0, 0, 0, 0, 1, 0, 0, 1, 0, 0, 1, 0, 0, 0, 1, 0, 0, 1, 0, 0, 0, 0, 0, 1, 1, 0, 1, 1, 0, 1, 0, 0, 0, 1, 0, 0, 0, 1, 1, 0, 0, 0, 0, 0, 1, 0, 0, 1, 0, 0, 0, 1, 0, 0, 0, 0, 0, 0, 0, 0, 0, 0, 1, 0, 1, 0, 1, 1, 0, 0, 1, 0, 0, 0, 0, 1, 0, 1, 0, 0 )
Hint([7,3]+[8,4]+[4,0] add up to 10)
Hint([5,4]+[7,6]+[2,8] add up to 12)
Hint([4,0]+[5,8] add up to 11)
Hint([7,0]+[8,1] add up to 3)
Hint([5,5]+[4,2] add up to 1)
Hint([0,3]+[2,0] add up to 10)
Hint([2,0]+[3,0] add up to 9)
Hint([6,8]+[1,1] add up to 6)
Hint([0,2]+[8,5] add up to 8)
Hint([0,7]+[8,0]+[7,5] add up to 9)
