Level( 8, 5, 3, 6, 1, 7, 4, 9, 2, 4, 1, 7, 5, 2, 9, 3, 6, 8, 9, 6, 2, 4, 8, 3, 1, 7, 5, 3, 2, 9, 8, 7, 5, 6, 1, 4, 6, 4, 8, 3, 9, 1, 2, 5, 7, 5, 7, 1, 2, 4, 6, 9, 8, 3, 2, 8, 5, 1, 6, 4, 7, 3, 9, 7, 3, 6, 9, 5, 2, 8, 4, 1, 1, 9, 4, 7, 3, 8, 5, 2, 6 )
Visible( 0, 0, 0, 1, 0, 0, 0, 0, 1, 1, 0, 0, 0, 1, 0, 0, 1, 1, 1, 0, 0, 0, 1, 0, 0, 1, 0, 0, 0, 0, 0, 0, 0, 0, 0, 1, 0, 0, 1, 0, 1, 1, 0, 0, 0, 1, 0, 1, 1, 0, 0, 1, 0, 1, 1, 0, 1, 1, 0, 1, 0, 0, 0, 0, 0, 0, 0, 1, 0, 0, 0, 0, 0, 0, 0, 0, 0, 0, 1, 0, 1 )
Hint([7,4]+[0,7]+[5,3] add up to 14)
Hint([5,1]+[6,0]+[0,1] add up to 14)
Hint([4,7]+[7,7] add up to 7)
Hint([7,5]+[0,5] add up to 11)
Hint([5,8]+[5,6] add up to 10)
Hint([8,5]+[3,6] add up to 2)
Hint([1,8]+[5,4]+[4,8] add up to 10)
Hint([8,4]+[3,4]+[0,1] add up to 11)
Hint([8,3]+[0,7]+[8,8] add up to 14)
Hint([4,1]+[1,6] add up to 8)
