Level( 2, 1, 7, 5, 4, 3, 9, 6, 8, 8, 4, 9, 2, 6, 1, 5, 7, 3, 3, 6, 5, 7, 9, 8, 4, 2, 1, 4, 9, 8, 3, 1, 6, 7, 5, 2, 1, 2, 3, 9, 7, 5, 8, 4, 6, 5, 7, 6, 4, 8, 2, 1, 3, 9, 7, 3, 1, 6, 5, 9, 2, 8, 4, 9, 5, 2, 8, 3, 4, 6, 1, 7, 6, 8, 4, 1, 2, 7, 3, 9, 5 )
Visible( 0, 0, 1, 1, 0, 1, 1, 0, 0, 0, 0, 0, 0, 0, 0, 1, 1, 0, 0, 1, 0, 0, 0, 1, 0, 0, 0, 0, 1, 0, 0, 0, 1, 0, 0, 0, 0, 1, 0, 1, 0, 0, 1, 1, 1, 0, 1, 0, 1, 1, 0, 0, 0, 0, 0, 0, 0, 0, 0, 0, 1, 0, 1, 0, 1, 0, 0, 0, 0, 1, 0, 0, 0, 0, 1, 1, 0, 1, 0, 0, 1 )
Hint([6,1]+[8,5]+[4,2] add up to 20)
Hint([5,3]+[7,8]+[2,2] add up to 17)
Hint([5,7]+[7,0] add up to 8)
Hint([6,6]+[0,5] add up to 5)
Hint([5,1]+[3,6] add up to 5)
Hint([0,3]+[2,8] add up to 6)
Hint([2,4]+[4,4]+[4,3] add up to 8)
Hint([1,1]+[2,2]+[0,6] add up to 13)
Hint([6,8]+[1,0] add up to 2)
Hint([0,3]+[4,4]+[1,4] add up to 10)
