Level( 9, 6, 4, 5, 3, 1, 7, 2, 8, 3, 5, 2, 4, 7, 8, 6, 1, 9, 7, 1, 8, 9, 6, 2, 3, 5, 4, 2, 4, 3, 1, 5, 9, 8, 7, 6, 5, 8, 7, 6, 2, 3, 4, 9, 1, 6, 9, 1, 8, 4, 7, 2, 3, 5, 1, 3, 9, 2, 8, 4, 5, 6, 7, 8, 2, 6, 7, 1, 5, 9, 4, 3, 4, 7, 5, 3, 9, 6, 1, 8, 2 )
Visible( 0, 0, 0, 0, 0, 0, 0, 0, 0, 1, 0, 0, 1, 0, 0, 1, 0, 0, 0, 1, 1, 0, 0, 0, 0, 1, 0, 0, 0, 0, 0, 0, 0, 1, 1, 1, 1, 0, 0, 0, 1, 0, 0, 1, 0, 1, 1, 1, 0, 0, 0, 0, 0, 0, 0, 0, 1, 0, 1, 0, 0, 0, 0, 0, 1, 0, 0, 0, 1, 0, 0, 1, 1, 0, 0, 0, 1, 1, 0, 0, 1 )
Hint([7,5]+[0,2]+[4,7] add up to 8)
Hint([6,7]+[8,7]+[2,7] add up to 15)
Hint([4,0]+[5,2] add up to 3)
Hint([7,1]+[8,3] add up to 5)
Hint([7,7]+[5,1] add up to 10)
Hint([0,4]+[2,3] add up to 6)
Hint([3,5]+[4,6]+[5,0] add up to 14)
Hint([8,0]+[2,6] add up to 15)
Hint([0,5]+[7,4] add up to 13)
Hint([7,3]+[8,2] add up to 9)
