Level( 8, 2, 6, 1, 7, 5, 3, 9, 4, 4, 5, 9, 6, 3, 8, 1, 7, 2, 1, 3, 7, 2, 4, 9, 8, 6, 5, 6, 9, 3, 4, 1, 7, 5, 2, 8, 7, 8, 2, 3, 5, 6, 9, 4, 1, 5, 1, 4, 9, 8, 2, 7, 3, 6, 2, 7, 8, 5, 9, 4, 6, 1, 3, 3, 4, 5, 7, 6, 1, 2, 8, 9, 9, 6, 1, 8, 2, 3, 4, 5, 7 )
Visible( 0, 0, 0, 1, 1, 0, 0, 1, 0, 1, 1, 0, 1, 0, 0, 0, 0, 0, 0, 1, 0, 0, 0, 0, 0, 0, 0, 0, 1, 1, 1, 0, 0, 0, 1, 1, 0, 1, 0, 0, 0, 1, 0, 1, 1, 0, 0, 0, 1, 0, 0, 0, 0, 0, 0, 0, 0, 0, 1, 0, 1, 0, 1, 0, 0, 0, 0, 0, 0, 0, 1, 0, 0, 0, 1, 0, 1, 0, 0, 0, 0 )
Hint([8,1]+[8,7]+[5,0] add up to 13)
Hint([7,7]+[8,3]+[1,7] add up to 17)
Hint([5,8]+[7,0] add up to 10)
Hint([5,1]+[8,4] add up to 7)
Hint([6,0]+[3,0] add up to 2)
Hint([8,7]+[3,7] add up to 14)
Hint([2,7]+[5,2]+[4,3] add up to 12)
Hint([0,8]+[4,3]+[0,7] add up to 10)
Hint([7,6]+[1,2] add up to 2)
Hint([0,1]+[3,3]+[1,6] add up to 12)
