Level( 2, 9, 5, 3, 7, 8, 1, 6, 4, 4, 3, 6, 1, 5, 2, 9, 8, 7, 1, 7, 8, 4, 9, 6, 2, 3, 5, 3, 5, 4, 2, 6, 9, 8, 7, 1, 6, 2, 9, 8, 1, 7, 4, 5, 3, 7, 8, 1, 5, 3, 4, 6, 9, 2, 5, 4, 3, 6, 8, 1, 7, 2, 9, 9, 6, 2, 7, 4, 5, 3, 1, 8, 8, 1, 7, 9, 2, 3, 5, 4, 6 )
Visible( 0, 0, 1, 1, 0, 1, 0, 0, 0, 1, 0, 1, 0, 0, 0, 0, 0, 1, 1, 1, 0, 0, 1, 0, 0, 0, 1, 0, 0, 0, 0, 0, 0, 1, 0, 1, 0, 1, 0, 0, 1, 0, 0, 0, 0, 0, 1, 0, 0, 0, 0, 1, 0, 0, 1, 1, 1, 0, 0, 1, 0, 1, 0, 0, 0, 0, 0, 0, 1, 0, 0, 0, 0, 0, 0, 1, 0, 0, 0, 1, 0 )
Hint([6,6]+[0,8]+[5,3] add up to 21)
Hint([5,7]+[8,6]+[2,1] add up to 17)
Hint([6,3]+[6,7] add up to 9)
Hint([7,7]+[1,8] add up to 0)
Hint([5,3]+[4,3] add up to 13)
Hint([8,5]+[3,5] add up to 5)
Hint([0,5]+[4,4]+[4,4] add up to 6)
Hint([8,2]+[2,2]+[0,1] add up to 14)
Hint([8,5]+[0,2]+[7,6] add up to 2)
Hint([6,5]+[2,6] add up to 7)
