Level( 4, 1, 9, 6, 5, 8, 7, 2, 3, 6, 2, 7, 3, 9, 4, 8, 5, 1, 3, 5, 8, 2, 7, 1, 4, 9, 6, 5, 8, 3, 4, 6, 7, 9, 1, 2, 9, 7, 2, 8, 1, 5, 6, 3, 4, 1, 6, 4, 9, 3, 2, 5, 8, 7, 2, 4, 6, 5, 8, 3, 1, 7, 9, 8, 9, 1, 7, 2, 6, 3, 4, 5, 7, 3, 5, 1, 4, 9, 2, 6, 8 )
Visible( 0, 0, 1, 0, 1, 0, 0, 0, 0, 0, 0, 0, 0, 1, 1, 1, 0, 1, 0, 0, 1, 0, 0, 0, 1, 0, 1, 1, 0, 0, 0, 1, 0, 0, 0, 1, 0, 1, 0, 1, 0, 0, 0, 0, 0, 0, 1, 0, 0, 0, 0, 0, 0, 0, 0, 0, 0, 0, 1, 0, 1, 0, 0, 0, 0, 0, 1, 0, 0, 1, 0, 0, 0, 1, 0, 1, 0, 0, 1, 1, 0 )
Hint([7,0]+[8,5]+[4,5] add up to 9)
Hint([6,5]+[7,7]+[2,8] add up to 11)
Hint([4,2]+[6,0] add up to 12)
Hint([7,8]+[1,1] add up to 6)
Hint([7,8]+[5,4] add up to 9)
Hint([8,4]+[2,7] add up to 3)
Hint([1,3]+[3,8]+[5,6] add up to 9)
Hint([0,6]+[4,7]+[1,2] add up to 6)
Hint([6,1]+[8,0]+[6,0] add up to 15)
Hint([4,6]+[2,6]+[6,4] add up to 17)
