Level( 3, 8, 4, 9, 5, 6, 7, 2, 1, 9, 2, 1, 4, 7, 3, 8, 5, 6, 5, 6, 7, 8, 2, 1, 3, 4, 9, 6, 9, 3, 5, 1, 4, 2, 7, 8, 8, 7, 2, 6, 3, 9, 4, 1, 5, 4, 1, 5, 2, 8, 7, 9, 6, 3, 2, 5, 9, 7, 6, 8, 1, 3, 4, 1, 4, 6, 3, 9, 2, 5, 8, 7, 7, 3, 8, 1, 4, 5, 6, 9, 2 )
Visible( 1, 0, 1, 0, 0, 1, 1, 1, 0, 0, 0, 1, 1, 0, 0, 0, 0, 1, 0, 0, 0, 0, 1, 0, 1, 0, 1, 0, 1, 1, 0, 0, 0, 0, 0, 0, 1, 1, 0, 0, 0, 0, 0, 0, 0, 0, 0, 1, 0, 0, 0, 0, 1, 0, 1, 0, 0, 0, 0, 1, 0, 1, 0, 0, 1, 1, 0, 0, 1, 0, 1, 0, 0, 0, 0, 1, 0, 0, 0, 0, 0 )
Hint([8,4]+[0,0]+[3,3] add up to 10)
Hint([6,7]+[8,7]+[2,2] add up to 16)
Hint([5,7]+[7,7] add up to 8)
Hint([6,5]+[0,6] add up to 9)
Hint([6,7]+[5,0] add up to 9)
Hint([8,4]+[3,1] add up to 7)
Hint([3,1]+[3,4] add up to 8)
Hint([5,7]+[1,2]+[2,4] add up to 7)
Hint([8,7]+[7,5] add up to 11)
Hint([8,2]+[7,3] add up to 14)
