Level( 1, 3, 9, 5, 7, 8, 6, 2, 4, 6, 8, 2, 4, 1, 9, 3, 5, 7, 5, 4, 7, 2, 3, 6, 8, 1, 9, 9, 7, 8, 6, 5, 1, 2, 4, 3, 4, 1, 3, 8, 9, 2, 7, 6, 5, 2, 5, 6, 3, 4, 7, 1, 9, 8, 3, 9, 1, 7, 2, 4, 5, 8, 6, 8, 2, 5, 9, 6, 3, 4, 7, 1, 7, 6, 4, 1, 8, 5, 9, 3, 2 )
Visible( 0, 0, 0, 0, 0, 0, 0, 0, 1, 1, 0, 0, 0, 1, 1, 0, 0, 1, 0, 0, 0, 1, 0, 0, 1, 1, 0, 1, 0, 1, 0, 0, 0, 1, 0, 0, 0, 0, 0, 0, 0, 0, 0, 0, 0, 0, 1, 0, 1, 1, 0, 1, 0, 1, 0, 0, 1, 0, 0, 0, 0, 0, 0, 0, 0, 0, 1, 1, 0, 0, 1, 0, 0, 0, 1, 0, 0, 0, 1, 1, 0 )
Hint([7,6]+[0,0]+[3,2] add up to 8)
Hint([5,7]+[8,6]+[2,3] add up to 14)
Hint([5,2]+[6,1] add up to 7)
Hint([6,5]+[0,7] add up to 7)
Hint([7,1]+[3,1] add up to 7)
Hint([8,7]+[3,1] add up to 3)
Hint([2,7]+[5,5]+[5,0] add up to 17)
Hint([8,7]+[4,5] add up to 3)
Hint([0,4]+[7,1] add up to 7)
Hint([8,2]+[7,1]+[4,7] add up to 17)
