Level( 2, 8, 4, 7, 6, 1, 5, 9, 3, 6, 3, 7, 8, 5, 9, 1, 2, 4, 5, 1, 9, 3, 4, 2, 8, 6, 7, 4, 6, 5, 1, 2, 3, 9, 7, 8, 9, 2, 1, 4, 7, 8, 6, 3, 5, 8, 7, 3, 6, 9, 5, 2, 4, 1, 3, 5, 6, 9, 8, 4, 7, 1, 2, 7, 4, 2, 5, 1, 6, 3, 8, 9, 1, 9, 8, 2, 3, 7, 4, 5, 6 )
Visible( 0, 0, 0, 0, 0, 0, 0, 0, 0, 0, 1, 0, 0, 0, 1, 0, 1, 0, 0, 1, 1, 0, 0, 0, 0, 1, 1, 1, 0, 0, 0, 0, 1, 1, 0, 0, 0, 1, 0, 0, 1, 0, 0, 1, 1, 1, 0, 0, 0, 0, 0, 0, 0, 0, 0, 0, 1, 0, 0, 1, 0, 1, 0, 1, 0, 0, 1, 0, 1, 0, 1, 1, 0, 0, 0, 0, 0, 0, 0, 0, 0 )
Hint([7,6]+[0,0]+[3,7] add up to 5)
Hint([6,0]+[6,5]+[1,7] add up to 8)
Hint([4,8]+[7,4] add up to 4)
Hint([5,8]+[1,4] add up to 7)
Hint([6,7]+[5,5] add up to 6)
Hint([8,3]+[2,3] add up to 11)
Hint([1,1]+[3,1]+[4,6] add up to 16)
Hint([1,7]+[4,2]+[0,0] add up to 7)
Hint([7,5]+[0,0]+[6,7] add up to 6)
Hint([3,3]+[1,6] add up to 4)
