Level( 6, 4, 5, 9, 2, 7, 3, 1, 8, 7, 3, 8, 1, 4, 5, 6, 2, 9, 1, 9, 2, 3, 8, 6, 7, 5, 4, 4, 5, 7, 6, 9, 8, 2, 3, 1, 2, 1, 9, 7, 3, 4, 5, 8, 6, 3, 8, 6, 2, 5, 1, 4, 9, 7, 8, 6, 3, 5, 7, 9, 1, 4, 2, 9, 2, 1, 4, 6, 3, 8, 7, 5, 5, 7, 4, 8, 1, 2, 9, 6, 3 )
Visible( 0, 0, 1, 0, 1, 0, 1, 0, 0, 0, 1, 0, 0, 1, 0, 0, 0, 0, 0, 0, 0, 0, 0, 1, 1, 1, 0, 1, 0, 0, 0, 0, 0, 0, 0, 1, 0, 0, 1, 1, 1, 0, 0, 0, 0, 1, 0, 0, 0, 0, 0, 0, 0, 0, 1, 0, 0, 0, 0, 0, 1, 0, 1, 1, 0, 1, 0, 0, 0, 0, 1, 0, 0, 0, 1, 1, 0, 1, 0, 0, 0 )
Hint([7,7]+[1,4]+[4,4] add up to 8)
Hint([5,4]+[7,0]+[0,5] add up to 5)
Hint([4,1]+[5,0] add up to 9)
Hint([6,0]+[8,2] add up to 5)
Hint([7,4]+[4,5] add up to 11)
Hint([1,0]+[1,7] add up to 4)
Hint([1,6]+[4,0]+[3,2] add up to 8)
Hint([0,1]+[2,5]+[1,3] add up to 15)
Hint([7,8]+[1,7]+[8,2] add up to 9)
Hint([3,3]+[1,7]+[6,8] add up to 14)
