Level( 9, 3, 5, 6, 2, 4, 8, 7, 1, 6, 8, 7, 9, 5, 1, 4, 2, 3, 4, 1, 2, 7, 3, 8, 5, 9, 6, 7, 5, 8, 2, 1, 9, 6, 3, 4, 2, 6, 9, 8, 4, 3, 1, 5, 7, 3, 4, 1, 5, 6, 7, 2, 8, 9, 8, 7, 6, 1, 9, 2, 3, 4, 5, 5, 9, 3, 4, 8, 6, 7, 1, 2, 1, 2, 4, 3, 7, 5, 9, 6, 8 )
Visible( 0, 0, 0, 0, 1, 1, 0, 0, 0, 0, 1, 0, 1, 0, 1, 1, 0, 0, 0, 0, 0, 0, 1, 0, 1, 1, 0, 0, 0, 0, 0, 0, 1, 0, 0, 0, 0, 0, 0, 0, 1, 0, 1, 0, 1, 1, 0, 0, 1, 0, 0, 0, 0, 0, 0, 0, 1, 0, 0, 0, 0, 1, 0, 0, 0, 1, 0, 1, 0, 0, 0, 1, 0, 0, 1, 0, 0, 1, 1, 0, 0 )
Hint([6,1]+[8,1]+[3,5] add up to 9)
Hint([7,8]+[8,8]+[2,7] add up to 14)
Hint([4,1]+[5,2] add up to 11)
Hint([5,6]+[0,1] add up to 6)
Hint([5,0]+[3,6] add up to 3)
Hint([0,3]+[2,4] add up to 14)
Hint([3,6]+[4,2]+[4,7] add up to 9)
Hint([0,7]+[4,1]+[0,2] add up to 11)
Hint([7,0]+[8,8]+[8,0] add up to 13)
Hint([4,3]+[1,8]+[6,2] add up to 5)
