Level( 2, 1, 7, 3, 5, 8, 9, 4, 6, 6, 8, 4, 2, 9, 1, 3, 7, 5, 5, 3, 9, 7, 4, 6, 8, 1, 2, 8, 7, 1, 9, 2, 4, 5, 6, 3, 3, 4, 6, 1, 8, 5, 2, 9, 7, 9, 5, 2, 6, 3, 7, 4, 8, 1, 4, 6, 5, 8, 1, 2, 7, 3, 9, 1, 9, 8, 5, 7, 3, 6, 2, 4, 7, 2, 3, 4, 6, 9, 1, 5, 8 )
Visible( 1, 1, 0, 1, 1, 0, 0, 1, 0, 0, 0, 1, 0, 0, 0, 1, 1, 0, 1, 0, 0, 0, 0, 0, 0, 0, 0, 1, 0, 0, 0, 1, 1, 0, 0, 0, 0, 0, 0, 1, 0, 0, 0, 0, 0, 0, 0, 0, 0, 0, 1, 0, 1, 0, 0, 0, 1, 0, 0, 0, 1, 1, 0, 0, 1, 0, 0, 0, 0, 1, 0, 0, 0, 0, 0, 1, 1, 1, 0, 0, 1 )
Hint([6,5]+[0,7]+[5,1] add up to 3)
Hint([5,0]+[6,5]+[1,8] add up to 11)
Hint([6,6]+[7,4] add up to 14)
Hint([6,4]+[0,3] add up to 8)
Hint([5,6]+[5,8] add up to 9)
Hint([8,2]+[2,7] add up to 8)
Hint([3,7]+[5,7]+[5,5] add up to 12)
Hint([0,0]+[2,2]+[0,3] add up to 16)
Hint([6,4]+[0,3]+[7,4] add up to 16)
Hint([4,7]+[2,0]+[4,5] add up to 14)
