Level( 3, 7, 9, 1, 2, 4, 8, 5, 6, 8, 4, 2, 5, 6, 3, 1, 7, 9, 5, 1, 6, 9, 8, 7, 2, 3, 4, 1, 9, 4, 7, 5, 2, 3, 6, 8, 7, 2, 8, 6, 3, 1, 9, 4, 5, 6, 5, 3, 8, 4, 9, 7, 2, 1, 2, 8, 7, 4, 1, 6, 5, 9, 3, 4, 3, 5, 2, 9, 8, 6, 1, 7, 9, 6, 1, 3, 7, 5, 4, 8, 2 )
Visible( 0, 0, 1, 1, 1, 0, 0, 1, 0, 0, 0, 0, 0, 0, 0, 0, 1, 0, 1, 1, 0, 1, 0, 0, 0, 1, 0, 1, 0, 1, 0, 0, 0, 0, 0, 1, 1, 0, 1, 0, 0, 0, 0, 0, 0, 0, 1, 0, 0, 0, 1, 0, 0, 0, 0, 0, 1, 1, 0, 1, 0, 0, 1, 0, 1, 0, 0, 1, 0, 0, 0, 0, 0, 0, 0, 0, 1, 1, 1, 0, 0 )
Hint([7,8]+[1,4]+[4,5] add up to 11)
Hint([6,3]+[7,5]+[1,6] add up to 10)
Hint([5,1]+[5,3] add up to 3)
Hint([6,6]+[0,5] add up to 9)
Hint([6,4]+[4,4] add up to 10)
Hint([0,8]+[4,2] add up to 15)
Hint([0,4]+[4,4]+[4,4] add up to 10)
Hint([1,6]+[3,1]+[0,7] add up to 14)
Hint([8,1]+[8,3] add up to 15)
Hint([0,7]+[5,1]+[1,0] add up to 11)
