Level( 4, 2, 1, 8, 3, 5, 9, 6, 7, 9, 3, 7, 6, 2, 4, 1, 8, 5, 8, 6, 5, 1, 7, 9, 4, 2, 3, 1, 5, 6, 3, 8, 7, 2, 4, 9, 2, 7, 8, 4, 9, 1, 5, 3, 6, 3, 4, 9, 2, 5, 6, 8, 7, 1, 6, 8, 2, 9, 1, 3, 7, 5, 4, 7, 9, 4, 5, 6, 8, 3, 1, 2, 5, 1, 3, 7, 4, 2, 6, 9, 8 )
Visible( 0, 1, 0, 0, 1, 0, 1, 0, 1, 0, 0, 0, 1, 0, 1, 0, 0, 0, 0, 1, 0, 1, 0, 0, 0, 1, 0, 0, 0, 1, 0, 0, 1, 0, 0, 0, 0, 0, 0, 1, 1, 0, 0, 0, 0, 1, 1, 0, 0, 0, 0, 0, 0, 1, 0, 0, 0, 0, 0, 1, 1, 0, 0, 0, 0, 1, 1, 0, 0, 0, 0, 0, 1, 0, 1, 0, 0, 0, 0, 1, 1 )
Hint([8,6]+[0,0]+[3,6] add up to 14)
Hint([6,6]+[8,2]+[1,2] add up to 13)
Hint([6,0]+[5,4] add up to 8)
Hint([7,3]+[0,2] add up to 10)
Hint([7,7]+[5,5] add up to 5)
Hint([0,8]+[3,7] add up to 8)
Hint([3,2]+[3,8]+[6,1] add up to 6)
Hint([0,0]+[2,2]+[0,7] add up to 13)
Hint([6,0]+[8,3] add up to 16)
Hint([8,1]+[3,1]+[1,8] add up to 9)
