Level( 8, 2, 4, 5, 3, 7, 1, 6, 9, 7, 5, 1, 6, 9, 4, 2, 8, 3, 3, 9, 6, 8, 2, 1, 4, 7, 5, 2, 6, 9, 4, 8, 3, 5, 1, 7, 5, 3, 7, 9, 1, 2, 8, 4, 6, 1, 4, 8, 7, 6, 5, 3, 9, 2, 6, 7, 3, 1, 5, 8, 9, 2, 4, 4, 8, 5, 2, 7, 9, 6, 3, 1, 9, 1, 2, 3, 4, 6, 7, 5, 8 )
Visible( 0, 0, 1, 0, 1, 0, 1, 0, 0, 0, 0, 0, 1, 0, 0, 0, 1, 0, 1, 0, 0, 0, 1, 0, 0, 0, 1, 0, 1, 1, 0, 1, 0, 0, 0, 0, 0, 0, 0, 0, 0, 0, 0, 0, 0, 0, 0, 0, 1, 0, 1, 0, 0, 1, 0, 1, 0, 0, 0, 1, 0, 1, 0, 1, 0, 1, 0, 0, 1, 0, 0, 1, 0, 1, 0, 0, 1, 0, 0, 1, 0 )
Hint([8,2]+[8,1]+[3,7] add up to 7)
Hint([6,1]+[6,0]+[0,7] add up to 4)
Hint([6,3]+[6,4] add up to 11)
Hint([7,1]+[8,8] add up to 14)
Hint([6,6]+[5,8] add up to 13)
Hint([8,6]+[3,5] add up to 9)
Hint([2,2]+[3,5]+[5,4] add up to 12)
Hint([8,3]+[3,4]+[0,4] add up to 18)
Hint([7,4]+[0,0] add up to 10)
Hint([8,4]+[4,6]+[2,6] add up to 11)
