Level( 4, 7, 3, 6, 8, 9, 1, 2, 5, 1, 5, 9, 7, 4, 2, 6, 8, 3, 8, 2, 6, 5, 1, 3, 4, 9, 7, 9, 4, 5, 3, 2, 8, 7, 6, 1, 6, 1, 8, 9, 7, 5, 2, 3, 4, 2, 3, 7, 1, 6, 4, 8, 5, 9, 7, 9, 4, 8, 5, 6, 3, 1, 2, 5, 8, 2, 4, 3, 1, 9, 7, 6, 3, 6, 1, 2, 9, 7, 5, 4, 8 )
Visible( 0, 0, 1, 0, 0, 0, 0, 0, 1, 0, 0, 1, 0, 0, 1, 0, 0, 0, 1, 0, 1, 0, 0, 0, 1, 0, 1, 0, 1, 0, 1, 0, 0, 0, 1, 0, 0, 0, 0, 0, 1, 1, 0, 0, 0, 1, 0, 0, 1, 1, 0, 0, 0, 1, 0, 1, 0, 0, 0, 0, 0, 1, 0, 0, 0, 0, 0, 1, 0, 0, 0, 0, 0, 1, 0, 0, 0, 0, 1, 1, 1 )
Hint([8,7]+[1,5]+[4,8] add up to 15)
Hint([7,4]+[7,4]+[1,3] add up to 7)
Hint([5,5]+[6,3] add up to 9)
Hint([7,8]+[1,0] add up to 9)
Hint([6,1]+[4,1] add up to 8)
Hint([8,0]+[1,1] add up to 8)
Hint([2,2]+[3,0]+[3,6] add up to 17)
Hint([0,3]+[2,5]+[1,3] add up to 17)
Hint([7,4]+[0,3]+[7,8] add up to 13)
Hint([5,4]+[1,2] add up to 5)
