Level( 6, 7, 9, 3, 4, 1, 2, 8, 5, 8, 4, 2, 9, 5, 6, 3, 1, 7, 3, 1, 5, 7, 2, 8, 6, 9, 4, 2, 5, 7, 8, 3, 9, 4, 6, 1, 9, 3, 1, 4, 6, 2, 5, 7, 8, 4, 6, 8, 1, 7, 5, 9, 2, 3, 1, 8, 6, 5, 9, 3, 7, 4, 2, 5, 2, 4, 6, 8, 7, 1, 3, 9, 7, 9, 3, 2, 1, 4, 8, 5, 6 )
Visible( 0, 0, 1, 1, 0, 0, 0, 1, 0, 1, 0, 1, 1, 0, 0, 0, 0, 1, 0, 1, 0, 0, 0, 0, 0, 1, 0, 1, 0, 0, 1, 0, 0, 0, 0, 0, 0, 1, 1, 0, 0, 1, 0, 1, 1, 0, 0, 1, 0, 0, 1, 0, 0, 0, 0, 0, 0, 0, 0, 1, 0, 0, 0, 1, 1, 0, 0, 1, 1, 0, 1, 0, 0, 0, 1, 0, 1, 0, 0, 0, 1 )
Hint([7,5]+[0,6]+[5,6] add up to 3)
Hint([6,8]+[8,1]+[0,5] add up to 16)
Hint([4,5]+[6,3] add up to 9)
Hint([6,4]+[0,1] add up to 11)
Hint([5,6]+[5,5] add up to 6)
Hint([8,1]+[1,8] add up to 14)
Hint([2,0]+[3,0]+[3,2] add up to 16)
Hint([0,5]+[3,5]+[1,3] add up to 7)
Hint([7,8]+[1,2]+[7,8] add up to 8)
Hint([4,0]+[0,5] add up to 6)
