Level( 6, 8, 4, B, E, F, 5, 0, 9, 2, 1, A, 3, 7, D, C, F, A, 0, 3, B, D, 2, 7, 4, 8, C, 6, E, 5, 1, 9, 2, D, 9, 1, C, 6, 3, 4, 7, E, B, 5, 8, F, 0, A, C, 7, E, 5, A, 1, 8, 9, D, F, 0, 3, B, 6, 4, 2, 9, 3, 5, A, 4, E, 1, 2, B, D, 7, F, 0, C, 8, 6, E, F, 2, 8, 5, C, D, 3, 6, 1, A, 0, 7, B, 9, 4, 4, 1, D, C, 0, B, 7, 6, 2, 5, 8, 9, A, 3, F, E, B, 0, 7, 6, 9, 8, F, A, E, C, 3, 4, D, 1, 2, 5, D, 6, 3, 7, 8, 9, A, F, 0, B, 5, 2, 4, E, C, 1, 1, 2, C, 4, 3, 5, B, E, F, 7, 6, 8, 9, D, A, 0, 0, E, B, F, 2, 4, 6, D, C, A, 9, 1, 5, 8, 7, 3, A, 5, 8, 9, 7, 0, C, 1, 3, 4, D, E, F, 2, 6, B, 3, 9, F, 2, D, A, 0, C, 5, 6, E, 7, 1, 4, B, 8, 7, B, 6, 0, 1, 3, 4, 5, 8, 9, 2, D, C, A, E, F, 8, 4, 1, E, 6, 7, 9, B, A, 3, F, C, 2, 0, 5, D, 5, C, A, D, F, 2, E, 8, 1, 0, 4, B, 6, 9, 3, 7 )
Visible( 1, 1, 0, 0, 1, 1, 1, 1, 1, 0, 1, 0, 1, 1, 0, 0, 1, 1, 0, 1, 0, 0, 1, 0, 0, 1, 1, 1, 0, 0, 0, 1, 1, 0, 0, 0, 0, 0, 0, 1, 0, 0, 1, 0, 0, 0, 1, 1, 1, 0, 1, 0, 1, 0, 0, 1, 1, 0, 1, 0, 0, 0, 0, 0, 0, 0, 1, 1, 0, 0, 1, 1, 0, 0, 0, 1, 1, 0, 1, 0, 0, 0, 1, 1, 0, 0, 1, 1, 1, 0, 0, 1, 1, 0, 0, 0, 0, 1, 0, 0, 0, 1, 0, 0, 1, 0, 0, 0, 0, 1, 1, 1, 1, 0, 1, 1, 0, 0, 0, 1, 0, 0, 0, 1, 1, 0, 1, 0, 1, 1, 0, 0, 0, 1, 0, 0, 1, 1, 0, 1, 0, 0, 1, 0, 0, 0, 0, 0, 1, 0, 1, 0, 0, 1, 1, 1, 0, 0, 0, 0, 1, 1, 1, 1, 1, 0, 0, 0, 0, 0, 1, 1, 1, 1, 0, 0, 0, 0, 1, 1, 1, 0, 1, 0, 0, 0, 0, 0, 0, 0, 0, 1, 1, 0, 1, 1, 0, 1, 1, 0, 0, 0, 0, 1, 0, 0, 0, 0, 1, 0, 0, 0, 1, 1, 1, 0, 0, 0, 0, 0, 1, 1, 1, 0, 0, 0, 0, 1, 1, 0, 0, 0, 0, 1, 0, 1, 0, 0, 0, 1, 1, 1, 0, 0, 1, 1, 1, 0, 1, 0, 1, 0, 1, 1, 0, 1 )
Hint([14,14]+[2,4]+[7,12] add up to 22)
Hint([12,12]+[14,15]+[5,7] add up to 12)
Hint([11,6]+[11,3] add up to 12)
Hint([13,15]+[2,2] add up to 18)
Hint([12,0]+[6,8] add up to 13)
Hint([2,13]+[6,8] add up to 16)
Hint([4,15]+[9,0]+[6,14] add up to 26)
Hint([2,15]+[7,3]+[0,15] add up to 24)
Hint([13,6]+[0,14] add up to 11)
Hint([1,13]+[10,8]+[3,12] add up to 18)
