Level( 2, 3, 6, 4, 5, 8, 9, 7, 1, 5, 4, 7, 9, 1, 3, 2, 8, 6, 9, 1, 8, 2, 7, 6, 5, 4, 3, 1, 7, 5, 8, 2, 9, 3, 6, 4, 6, 2, 3, 5, 4, 7, 1, 9, 8, 4, 8, 9, 6, 3, 1, 7, 5, 2, 3, 9, 4, 7, 6, 2, 8, 1, 5, 8, 5, 2, 1, 9, 4, 6, 3, 7, 7, 6, 1, 3, 8, 5, 4, 2, 9 )
Visible( 1, 0, 0, 1, 0, 0, 0, 0, 0, 0, 0, 0, 1, 0, 0, 0, 0, 1, 0, 1, 1, 0, 0, 1, 0, 0, 0, 1, 1, 1, 0, 1, 0, 0, 0, 0, 0, 0, 0, 0, 0, 0, 0, 0, 0, 0, 1, 0, 1, 1, 0, 1, 0, 0, 0, 1, 0, 0, 0, 0, 1, 0, 1, 0, 0, 1, 1, 0, 1, 0, 1, 0, 1, 0, 1, 0, 0, 1, 0, 0, 0 )
Hint([8,7]+[1,1]+[3,3] add up to 16)
Hint([7,3]+[7,2]+[0,1] add up to 12)
Hint([6,3]+[6,8] add up to 5)
Hint([6,3]+[0,5] add up to 5)
Hint([6,5]+[5,1] add up to 8)
Hint([0,7]+[3,2] add up to 8)
Hint([1,5]+[4,2]+[4,7] add up to 21)
Hint([0,6]+[4,1]+[0,1] add up to 6)
Hint([6,5]+[0,2]+[7,8] add up to 15)
Hint([5,5]+[2,8] add up to 0)
