Level( 7, 1, 2, 3, 5, 4, 8, 6, 9, 3, 6, 5, 9, 7, 8, 4, 2, 1, 8, 9, 4, 6, 2, 1, 7, 3, 5, 2, 7, 9, 8, 6, 5, 3, 1, 4, 4, 8, 1, 2, 3, 7, 9, 5, 6, 6, 5, 3, 1, 4, 9, 2, 8, 7, 5, 2, 8, 4, 9, 6, 1, 7, 3, 9, 3, 6, 7, 1, 2, 5, 4, 8, 1, 4, 7, 5, 8, 3, 6, 9, 2 )
Visible( 1, 1, 0, 0, 0, 0, 1, 0, 0, 1, 0, 1, 0, 1, 0, 0, 0, 0, 1, 0, 0, 1, 0, 0, 0, 0, 0, 0, 0, 1, 0, 0, 0, 1, 0, 0, 0, 0, 0, 1, 0, 0, 0, 1, 0, 1, 0, 0, 1, 1, 0, 0, 0, 0, 0, 1, 0, 1, 0, 0, 0, 0, 0, 0, 0, 0, 0, 1, 0, 1, 0, 0, 1, 0, 1, 0, 0, 1, 1, 0, 0 )
Hint([7,3]+[8,1]+[3,8] add up to 4)
Hint([6,3]+[7,8]+[2,4] add up to 10)
Hint([6,2]+[6,8] add up to 11)
Hint([7,3]+[0,4] add up to 3)
Hint([7,6]+[5,7] add up to 7)
Hint([8,0]+[1,4] add up to 15)
Hint([2,7]+[5,2]+[4,3] add up to 10)
Hint([1,6]+[3,8]+[2,1] add up to 9)
Hint([6,2]+[8,2]+[7,6] add up to 16)
Hint([4,5]+[2,6] add up to 10)
