Level( 4, 5, 1, 2, 3, 9, 7, 8, 6, 2, 3, 8, 4, 7, 6, 1, 9, 5, 9, 7, 6, 8, 1, 5, 2, 4, 3, 1, 8, 2, 3, 5, 4, 6, 7, 9, 3, 6, 9, 1, 2, 7, 8, 5, 4, 5, 4, 7, 6, 9, 8, 3, 2, 1, 8, 1, 3, 9, 4, 2, 5, 6, 7, 6, 9, 5, 7, 8, 3, 4, 1, 2, 7, 2, 4, 5, 6, 1, 9, 3, 8 )
Visible( 0, 0, 1, 0, 0, 0, 0, 1, 0, 0, 0, 0, 1, 0, 1, 0, 0, 0, 0, 1, 0, 0, 0, 1, 1, 1, 0, 1, 0, 1, 0, 0, 0, 1, 1, 0, 0, 1, 0, 0, 0, 0, 0, 0, 0, 0, 1, 0, 0, 0, 0, 1, 1, 1, 0, 1, 1, 0, 0, 1, 1, 1, 1, 0, 0, 1, 0, 0, 1, 0, 0, 1, 0, 0, 0, 0, 1, 0, 0, 0, 0 )
Hint([8,8]+[1,4]+[4,1] add up to 18)
Hint([7,4]+[7,3]+[1,1] add up to 12)
Hint([6,7]+[7,6] add up to 8)
Hint([5,0]+[8,2] add up to 10)
Hint([5,1]+[4,8] add up to 10)
Hint([8,5]+[3,4] add up to 0)
Hint([2,7]+[5,0]+[3,1] add up to 15)
Hint([0,5]+[3,7]+[1,2] add up to 16)
Hint([6,5]+[0,4]+[7,3] add up to 10)
Hint([5,6]+[2,2]+[5,8] add up to 6)
