Level( 6, 8, 5, 7, 9, 4, 3, 1, 2, 9, 1, 4, 5, 3, 2, 7, 8, 6, 7, 2, 3, 8, 6, 1, 9, 5, 4, 2, 9, 7, 3, 4, 8, 5, 6, 1, 8, 5, 6, 1, 2, 7, 4, 3, 9, 3, 4, 1, 6, 5, 9, 2, 7, 8, 1, 3, 9, 2, 8, 5, 6, 4, 7, 4, 6, 8, 9, 7, 3, 1, 2, 5, 5, 7, 2, 4, 1, 6, 8, 9, 3 )
Visible( 0, 1, 1, 1, 0, 0, 0, 1, 0, 1, 0, 0, 1, 0, 0, 0, 0, 0, 0, 0, 0, 0, 0, 1, 0, 0, 1, 1, 0, 1, 0, 1, 0, 0, 0, 0, 0, 0, 0, 0, 0, 0, 0, 1, 0, 0, 1, 0, 1, 0, 0, 1, 0, 1, 1, 0, 0, 0, 0, 0, 0, 0, 1, 1, 0, 0, 0, 1, 0, 1, 0, 0, 1, 0, 0, 0, 0, 1, 0, 1, 0 )
Hint([7,7]+[0,5]+[4,8] add up to 3)
Hint([6,8]+[8,1]+[0,3] add up to 13)
Hint([5,7]+[7,6] add up to 5)
Hint([7,5]+[0,3] add up to 7)
Hint([5,6]+[5,3] add up to 11)
Hint([8,5]+[3,2] add up to 14)
Hint([2,4]+[4,0]+[3,6] add up to 14)
Hint([1,8]+[4,6]+[1,3] add up to 21)
Hint([6,1]+[8,4]+[7,3] add up to 19)
Hint([4,2]+[1,5]+[6,4] add up to 11)
