Level( 4, 1, 9, 2, 7, 8, 6, 3, 5, 8, 3, 2, 1, 6, 5, 9, 7, 4, 5, 7, 6, 9, 4, 3, 1, 8, 2, 1, 6, 3, 5, 8, 7, 2, 4, 9, 9, 4, 7, 3, 2, 6, 8, 5, 1, 2, 5, 8, 4, 1, 9, 3, 6, 7, 6, 9, 5, 7, 3, 2, 4, 1, 8, 7, 8, 4, 6, 9, 1, 5, 2, 3, 3, 2, 1, 8, 5, 4, 7, 9, 6 )
Visible( 0, 0, 1, 0, 1, 0, 0, 0, 1, 1, 0, 0, 0, 1, 0, 0, 1, 0, 1, 0, 0, 0, 0, 1, 1, 0, 0, 1, 1, 0, 0, 0, 0, 0, 0, 1, 1, 0, 0, 0, 0, 0, 1, 0, 0, 0, 0, 0, 1, 1, 0, 0, 1, 0, 0, 0, 0, 1, 0, 1, 0, 0, 0, 0, 1, 0, 0, 0, 1, 1, 0, 1, 0, 1, 0, 0, 1, 0, 0, 0, 0 )
Hint([7,2]+[8,6]+[5,3] add up to 20)
Hint([7,0]+[6,2]+[1,8] add up to 3)
Hint([6,5]+[6,6] add up to 5)
Hint([6,6]+[0,6] add up to 8)
Hint([5,5]+[5,8] add up to 11)
Hint([0,2]+[2,6] add up to 8)
Hint([1,3]+[3,6]+[5,4] add up to 16)
Hint([1,8]+[4,2]+[0,1] add up to 11)
Hint([6,0]+[8,4]+[7,1] add up to 11)
Hint([4,7]+[2,8]+[6,4] add up to 15)
