Level( 5, 8, 7, 9, 4, 6, 1, 2, 3, 9, 1, 3, 5, 2, 8, 7, 4, 6, 6, 4, 2, 3, 7, 1, 9, 8, 5, 7, 3, 8, 6, 5, 2, 4, 9, 1, 2, 6, 4, 1, 3, 9, 5, 7, 8, 1, 5, 9, 7, 8, 4, 6, 3, 2, 3, 7, 1, 2, 9, 5, 8, 6, 4, 8, 2, 5, 4, 6, 7, 3, 1, 9, 4, 9, 6, 8, 1, 3, 2, 5, 7 )
Visible( 0, 0, 0, 0, 1, 0, 0, 1, 0, 1, 0, 1, 1, 0, 0, 1, 1, 0, 1, 0, 0, 0, 1, 0, 1, 0, 0, 0, 0, 1, 0, 0, 0, 1, 1, 0, 1, 0, 1, 0, 0, 0, 0, 0, 1, 0, 1, 0, 1, 0, 0, 0, 0, 0, 0, 1, 0, 1, 0, 0, 1, 0, 0, 0, 1, 0, 0, 0, 0, 0, 1, 0, 0, 0, 0, 1, 0, 1, 0, 0, 0 )
Hint([8,3]+[0,3]+[4,7] add up to 11)
Hint([7,4]+[7,6]+[2,5] add up to 19)
Hint([4,8]+[7,2] add up to 7)
Hint([6,2]+[8,5] add up to 9)
Hint([5,3]+[4,5] add up to 8)
Hint([8,0]+[1,6] add up to 8)
Hint([1,2]+[3,8]+[5,1] add up to 17)
Hint([1,1]+[2,6]+[1,0] add up to 7)
Hint([8,3]+[0,8]+[8,8] add up to 9)
Hint([3,4]+[1,5] add up to 4)
