Level( 4, E, F, 5, 6, C, B, 8, A, 3, 9, 1, D, 2, 7, 0, B, C, 9, 6, 7, D, 1, 2, E, 0, 4, 5, 3, F, 8, A, A, 8, 7, 3, E, 0, F, 9, B, D, 2, C, 1, 4, 6, 5, 2, 0, D, 1, A, 5, 3, 4, 6, 8, F, 7, 9, C, B, E, 3, 4, 8, D, 5, F, C, B, 9, 6, E, A, 7, 0, 2, 1, E, A, 0, F, 8, 6, D, 7, 2, 1, 3, 4, C, B, 5, 9, 7, 6, 1, C, 3, 9, 2, E, 0, B, 5, D, 4, 8, A, F, 9, 5, B, 2, 0, A, 4, 1, 7, C, 8, F, E, D, 3, 6, C, B, E, 4, D, 1, 5, 6, F, 2, 7, 3, A, 9, 0, 8, F, 1, 6, A, B, 7, 9, C, D, E, 0, 8, 5, 3, 4, 2, 8, 9, 3, 7, 4, 2, 0, A, C, 5, 1, B, 6, E, F, D, 5, D, 2, 0, F, 8, E, 3, 4, 9, A, 6, B, 1, C, 7, D, 7, 4, E, 9, B, A, 5, 8, F, C, 0, 2, 6, 1, 3, 1, 2, A, 8, C, E, 7, 0, 3, 4, 6, 9, F, 5, D, B, 6, F, C, 9, 1, 3, 8, D, 5, A, B, 2, 0, 7, E, 4, 0, 3, 5, B, 2, 4, 6, F, 1, 7, D, E, 8, A, 9, C )
Visible( 0, 1, 1, 0, 0, 1, 1, 1, 1, 0, 0, 1, 0, 1, 1, 0, 1, 1, 1, 0, 1, 0, 1, 0, 1, 1, 1, 0, 0, 1, 0, 0, 1, 1, 0, 1, 0, 1, 1, 1, 1, 0, 0, 0, 1, 0, 1, 0, 0, 1, 1, 1, 1, 1, 0, 0, 0, 1, 1, 0, 0, 0, 1, 0, 1, 0, 0, 0, 0, 1, 1, 0, 0, 0, 1, 1, 0, 1, 1, 0, 1, 0, 0, 1, 0, 0, 0, 0, 0, 0, 0, 0, 1, 0, 1, 1, 1, 0, 1, 0, 0, 0, 0, 0, 1, 0, 0, 1, 1, 0, 1, 0, 1, 0, 1, 1, 0, 1, 0, 1, 0, 0, 0, 1, 0, 1, 0, 0, 0, 1, 1, 1, 0, 0, 0, 0, 0, 0, 1, 0, 0, 1, 1, 0, 1, 1, 1, 1, 0, 1, 0, 1, 1, 0, 1, 1, 0, 1, 0, 0, 1, 0, 1, 0, 1, 1, 0, 1, 1, 1, 0, 0, 0, 0, 0, 0, 0, 1, 0, 0, 0, 0, 0, 1, 0, 1, 0, 0, 1, 1, 0, 0, 0, 1, 1, 1, 0, 0, 0, 1, 0, 1, 0, 0, 0, 0, 1, 0, 1, 1, 1, 0, 1, 0, 0, 1, 1, 0, 0, 0, 0, 0, 1, 0, 1, 0, 1, 0, 0, 0, 1, 1, 1, 1, 0, 0, 1, 1, 1, 0, 1, 1, 0, 0, 1, 1, 0, 1, 0, 0, 1, 1, 0, 1, 0, 0 )
Hint([13,7]+[0,6]+[7,12] add up to 25)
Hint([11,3]+[12,6]+[2,12] add up to 15)
Hint([8,3]+[10,14] add up to 17)
Hint([12,4]+[15,15] add up to 19)
Hint([11,9]+[8,4] add up to 17)
Hint([1,11]+[6,1] add up to 14)
Hint([1,15]+[9,13] add up to 7)
Hint([10,9]+[1,11]+[6,9] add up to 22)
Hint([1,4]+[11,14] add up to 6)
Hint([13,8]+[15,15] add up to 21)
