Level( E, 1, 9, A, 0, D, 3, B, 4, 5, C, 8, 6, 7, F, 2, 8, B, 4, F, 5, E, 6, 7, 1, 2, 9, D, 3, A, C, 0, D, 3, C, 5, F, 2, A, 4, 6, E, 7, 0, B, 8, 1, 9, 6, 7, 0, 2, 1, C, 8, 9, B, A, F, 3, D, 4, 5, E, F, D, E, 4, 2, 0, 1, 3, C, B, 8, 6, A, 9, 7, 5, B, A, 8, 7, C, F, 9, 5, E, 1, D, 2, 0, 6, 4, 3, 2, 9, 3, 6, B, 8, 7, A, 0, F, 5, 4, 1, D, E, C, 0, 5, 1, C, E, 4, D, 6, A, 9, 3, 7, 8, B, 2, F, 9, 6, 7, E, D, B, 4, 8, 2, 3, A, F, 5, C, 0, 1, 4, 8, B, 3, 6, 9, C, F, 5, 0, 1, E, 7, 2, A, D, 5, F, A, 1, 3, 7, 2, 0, D, C, 6, 9, 4, E, 8, B, C, 0, 2, D, A, 5, E, 1, 8, 7, 4, B, 9, F, 3, 6, 7, C, 5, 8, 9, 1, B, 2, 3, D, E, A, F, 0, 6, 4, 1, E, D, 9, 4, 6, F, C, 7, 8, 0, 5, 2, 3, B, A, 3, 2, 6, 0, 7, A, 5, D, F, 4, B, C, E, 1, 9, 8, A, 4, F, B, 8, 3, 0, E, 9, 6, 2, 1, C, 5, D, 7 )
Visible( 0, 1, 1, 0, 1, 0, 0, 0, 0, 0, 1, 1, 1, 1, 0, 1, 1, 0, 0, 1, 1, 0, 1, 0, 0, 0, 1, 0, 1, 1, 1, 1, 1, 0, 0, 1, 1, 1, 0, 0, 0, 0, 0, 1, 0, 1, 0, 0, 0, 0, 0, 0, 0, 1, 0, 0, 1, 0, 0, 0, 0, 0, 0, 0, 0, 0, 1, 1, 0, 0, 1, 0, 1, 1, 1, 1, 1, 1, 1, 1, 1, 0, 1, 1, 0, 1, 0, 1, 0, 0, 0, 0, 0, 0, 0, 0, 0, 1, 1, 1, 1, 0, 0, 1, 0, 0, 1, 1, 0, 1, 1, 0, 0, 0, 0, 1, 0, 1, 1, 1, 0, 0, 0, 1, 1, 0, 0, 0, 0, 0, 0, 1, 1, 1, 1, 1, 0, 0, 0, 1, 0, 1, 1, 0, 0, 1, 1, 0, 0, 1, 1, 0, 0, 1, 0, 1, 1, 0, 0, 0, 0, 0, 0, 0, 1, 0, 0, 1, 1, 0, 1, 1, 1, 0, 0, 0, 1, 0, 0, 1, 1, 1, 1, 0, 1, 1, 1, 0, 0, 1, 0, 1, 1, 0, 0, 1, 1, 1, 1, 0, 0, 1, 1, 1, 0, 0, 0, 1, 0, 0, 0, 1, 1, 1, 0, 0, 0, 0, 0, 1, 0, 1, 0, 0, 1, 1, 1, 0, 0, 1, 1, 1, 1, 0, 1, 0, 1, 0, 1, 1, 1, 1, 1, 0, 0, 0, 1, 1, 1, 1, 1, 0, 1, 0, 1, 0 )
Hint([15,9]+[1,11]+[9,6] add up to 28)
Hint([10,11]+[14,4]+[1,8] add up to 17)
Hint([9,15]+[13,11] add up to 21)
Hint([11,15]+[2,15] add up to 16)
Hint([11,1]+[6,12] add up to 24)
Hint([1,12]+[6,1] add up to 18)
Hint([3,8]+[7,9]+[9,1] add up to 31)
Hint([3,10]+[6,10] add up to 3)
Hint([14,1]+[10,10] add up to 18)
Hint([12,9]+[15,14] add up to 15)
