Level( 6, 1, 5, 2, 3, 7, 4, 8, 9, 8, 7, 9, 6, 4, 5, 1, 2, 3, 2, 3, 4, 1, 9, 8, 7, 5, 6, 3, 5, 2, 9, 8, 4, 6, 1, 7, 9, 6, 8, 3, 7, 1, 2, 4, 5, 7, 4, 1, 5, 6, 2, 3, 9, 8, 4, 9, 7, 8, 1, 3, 5, 6, 2, 1, 2, 6, 7, 5, 9, 8, 3, 4, 5, 8, 3, 4, 2, 6, 9, 7, 1 )
Visible( 0, 1, 1, 0, 0, 1, 0, 1, 1, 1, 1, 1, 0, 1, 0, 0, 0, 1, 0, 0, 0, 0, 0, 0, 0, 0, 0, 0, 1, 1, 0, 0, 0, 0, 0, 1, 0, 1, 0, 1, 0, 0, 1, 1, 1, 0, 0, 0, 0, 1, 0, 0, 0, 0, 0, 0, 0, 0, 1, 0, 0, 1, 0, 0, 0, 0, 0, 0, 0, 0, 0, 0, 1, 0, 1, 0, 0, 0, 1, 0, 0 )
Hint([7,7]+[1,6]+[5,8] add up to 15)
Hint([6,0]+[6,8]+[2,2] add up to 14)
Hint([6,4]+[6,6] add up to 5)
Hint([7,6]+[0,5] add up to 11)
Hint([6,5]+[5,4] add up to 2)
Hint([8,4]+[2,8] add up to 6)
Hint([3,5]+[4,5]+[5,0] add up to 15)
Hint([0,8]+[4,0] add up to 6)
Hint([8,2]+[6,6] add up to 9)
Hint([7,0]+[7,8] add up to 13)
