Level( 9, 8, 6, 1, 3, 2, 4, 7, 5, 1, 7, 3, 4, 5, 8, 9, 2, 6, 2, 5, 4, 6, 7, 9, 1, 3, 8, 4, 6, 1, 7, 2, 5, 8, 9, 3, 3, 2, 8, 9, 1, 4, 5, 6, 7, 5, 9, 7, 8, 6, 3, 2, 4, 1, 6, 4, 2, 5, 8, 7, 3, 1, 9, 7, 3, 5, 2, 9, 1, 6, 8, 4, 8, 1, 9, 3, 4, 6, 7, 5, 2 )
Visible( 1, 1, 0, 0, 0, 1, 0, 0, 0, 0, 0, 1, 1, 1, 0, 0, 0, 0, 0, 0, 0, 0, 0, 0, 1, 1, 0, 1, 0, 0, 0, 1, 0, 0, 1, 1, 0, 0, 0, 1, 0, 1, 1, 1, 0, 0, 0, 0, 1, 1, 0, 0, 0, 0, 0, 0, 0, 1, 0, 0, 0, 1, 0, 1, 0, 0, 0, 0, 0, 1, 0, 0, 0, 0, 0, 1, 0, 0, 1, 1, 1 )
Hint([6,2]+[8,2]+[4,8] add up to 10)
Hint([5,7]+[8,3]+[1,3] add up to 7)
Hint([5,1]+[5,2] add up to 15)
Hint([7,1]+[8,0] add up to 5)
Hint([7,1]+[3,0] add up to 1)
Hint([8,4]+[2,2] add up to 9)
Hint([1,1]+[3,7]+[5,5] add up to 9)
Hint([1,2]+[2,3]+[0,7] add up to 10)
Hint([7,4]+[0,4] add up to 7)
Hint([0,5]+[4,1]+[1,1] add up to 14)
