Level( 5, 2, 9, 3, 8, 7, 6, 1, 4, 1, 7, 3, 5, 6, 4, 8, 2, 9, 6, 8, 4, 9, 1, 2, 5, 7, 3, 9, 4, 1, 8, 2, 3, 7, 6, 5, 8, 3, 5, 6, 7, 9, 1, 4, 2, 7, 6, 2, 4, 5, 1, 3, 9, 8, 4, 9, 8, 7, 3, 6, 2, 5, 1, 2, 5, 7, 1, 9, 8, 4, 3, 6, 3, 1, 6, 2, 4, 5, 9, 8, 7 )
Visible( 0, 0, 0, 0, 0, 0, 0, 1, 0, 0, 0, 0, 1, 1, 1, 0, 1, 0, 0, 0, 0, 0, 0, 0, 1, 0, 1, 0, 1, 0, 1, 1, 0, 0, 0, 0, 1, 0, 0, 0, 1, 0, 0, 0, 1, 0, 1, 0, 0, 0, 0, 0, 0, 0, 0, 0, 0, 0, 0, 1, 0, 0, 1, 0, 1, 1, 1, 0, 0, 1, 0, 0, 1, 0, 0, 0, 0, 1, 1, 0, 0 )
Hint([7,2]+[8,6]+[5,6] add up to 11)
Hint([5,4]+[7,6]+[2,3] add up to 12)
Hint([4,6]+[7,0] add up to 2)
Hint([7,6]+[1,6] add up to 12)
Hint([5,2]+[4,1] add up to 6)
Hint([0,0]+[1,2] add up to 11)
Hint([1,7]+[5,1]+[4,7] add up to 15)
Hint([1,3]+[3,5]+[1,5] add up to 11)
Hint([7,8]+[1,2] add up to 14)
Hint([7,6]+[5,3]+[1,4] add up to 8)
