Level( 5, 9, 1, 8, 3, 4, 2, 6, 7, 2, 6, 4, 9, 7, 5, 8, 1, 3, 3, 8, 7, 6, 1, 2, 4, 5, 9, 7, 5, 9, 2, 6, 1, 3, 8, 4, 6, 3, 2, 4, 8, 7, 5, 9, 1, 1, 4, 8, 3, 5, 9, 7, 2, 6, 8, 7, 5, 1, 9, 3, 6, 4, 2, 4, 1, 3, 5, 2, 6, 9, 7, 8, 9, 2, 6, 7, 4, 8, 1, 3, 5 )
Visible( 0, 1, 0, 0, 0, 0, 0, 1, 0, 1, 0, 0, 0, 1, 1, 1, 1, 0, 0, 0, 1, 0, 1, 0, 1, 0, 0, 0, 0, 0, 0, 1, 0, 0, 1, 0, 0, 1, 0, 0, 0, 0, 1, 0, 0, 1, 1, 1, 0, 1, 0, 0, 0, 0, 0, 0, 0, 1, 0, 0, 0, 0, 1, 0, 0, 0, 0, 0, 0, 1, 1, 0, 0, 0, 1, 0, 1, 1, 0, 0, 0 )
Hint([7,2]+[8,7]+[5,8] add up to 18)
Hint([5,3]+[7,8]+[2,1] add up to 5)
Hint([5,0]+[5,1] add up to 7)
Hint([7,1]+[8,6] add up to 1)
Hint([6,2]+[4,4] add up to 10)
Hint([8,5]+[3,4] add up to 8)
Hint([0,7]+[4,7]+[5,5] add up to 12)
Hint([0,8]+[4,2]+[0,3] add up to 14)
Hint([8,0]+[8,6]+[8,2] add up to 15)
Hint([5,0]+[0,1]+[4,5] add up to 8)
