Level( 2, 4, 6, 9, 8, 1, 3, 5, 7, 9, 3, 8, 4, 7, 5, 2, 6, 1, 7, 1, 5, 2, 6, 3, 4, 9, 8, 6, 5, 7, 1, 9, 2, 8, 4, 3, 8, 2, 3, 6, 4, 7, 5, 1, 9, 1, 9, 4, 3, 5, 8, 6, 7, 2, 3, 8, 9, 5, 1, 4, 7, 2, 6, 5, 6, 2, 7, 3, 9, 1, 8, 4, 4, 7, 1, 8, 2, 6, 9, 3, 5 )
Visible( 1, 0, 0, 0, 0, 0, 0, 1, 0, 0, 0, 0, 0, 1, 0, 0, 0, 0, 0, 1, 0, 1, 0, 0, 0, 0, 1, 1, 0, 0, 0, 0, 0, 0, 0, 0, 0, 0, 1, 0, 0, 0, 1, 0, 1, 0, 0, 0, 0, 1, 1, 1, 1, 1, 0, 1, 0, 0, 0, 1, 1, 0, 1, 1, 0, 1, 0, 0, 1, 0, 0, 1, 1, 0, 0, 0, 0, 1, 1, 0, 0 )
Hint([6,3]+[8,2]+[4,0] add up to 21)
Hint([7,8]+[8,7]+[2,6] add up to 13)
Hint([6,5]+[6,8] add up to 13)
Hint([7,2]+[8,2] add up to 15)
Hint([6,5]+[5,0] add up to 5)
Hint([8,1]+[2,2] add up to 4)
Hint([1,8]+[5,5]+[5,4] add up to 19)
Hint([1,3]+[3,6]+[1,6] add up to 15)
Hint([8,8]+[1,0] add up to 7)
Hint([8,3]+[4,0]+[1,5] add up to 17)
