Level( 3, 4, 5, 9, 2, 1, 6, 7, 8, 2, 6, 8, 3, 4, 7, 9, 1, 5, 1, 9, 7, 8, 5, 6, 2, 4, 3, 9, 3, 4, 5, 8, 2, 7, 6, 1, 8, 7, 1, 6, 3, 4, 5, 2, 9, 6, 5, 2, 7, 1, 9, 8, 3, 4, 5, 1, 3, 2, 6, 8, 4, 9, 7, 7, 8, 6, 4, 9, 3, 1, 5, 2, 4, 2, 9, 1, 7, 5, 3, 8, 6 )
Visible( 0, 0, 1, 0, 0, 0, 0, 0, 0, 1, 0, 0, 0, 0, 1, 1, 0, 0, 1, 1, 0, 1, 0, 0, 0, 0, 0, 0, 0, 0, 0, 0, 0, 0, 1, 0, 1, 1, 1, 0, 0, 0, 0, 0, 0, 0, 0, 0, 0, 1, 0, 0, 1, 1, 0, 1, 0, 0, 0, 1, 0, 0, 0, 0, 0, 1, 0, 1, 1, 0, 1, 1, 1, 0, 0, 0, 0, 0, 0, 0, 1 )
Hint([7,1]+[8,3]+[4,5] add up to 0)
Hint([5,6]+[8,5]+[1,8] add up to 11)
Hint([5,2]+[5,2] add up to 10)
Hint([7,5]+[0,2] add up to 2)
Hint([6,8]+[5,8] add up to 6)
Hint([0,3]+[2,8] add up to 16)
Hint([2,7]+[5,3]+[4,3] add up to 13)
Hint([8,4]+[3,2]+[0,4] add up to 22)
Hint([7,2]+[8,7] add up to 4)
Hint([8,0]+[3,3]+[1,8] add up to 12)
