Level( 5, 7, 8, 9, 6, 1, 4, 3, 2, 6, 9, 3, 2, 4, 7, 1, 8, 5, 4, 2, 1, 3, 8, 5, 9, 6, 7, 3, 5, 2, 6, 1, 9, 8, 7, 4, 7, 1, 6, 4, 2, 8, 5, 9, 3, 9, 8, 4, 7, 5, 3, 6, 2, 1, 2, 3, 5, 8, 9, 4, 7, 1, 6, 8, 4, 7, 1, 3, 6, 2, 5, 9, 1, 6, 9, 5, 7, 2, 3, 4, 8 )
Visible( 1, 0, 0, 0, 0, 0, 0, 1, 0, 0, 0, 0, 1, 0, 1, 0, 1, 1, 1, 0, 1, 0, 0, 0, 1, 0, 1, 1, 0, 0, 0, 1, 0, 0, 0, 0, 0, 1, 0, 1, 0, 0, 1, 1, 0, 0, 0, 1, 0, 0, 0, 0, 1, 0, 0, 0, 0, 0, 0, 0, 1, 1, 0, 0, 0, 0, 1, 1, 1, 0, 0, 0, 0, 0, 0, 1, 0, 0, 0, 0, 1 )
Hint([8,2]+[8,6]+[5,2] add up to 15)
Hint([6,7]+[8,3]+[1,6] add up to 6)
Hint([4,1]+[5,3] add up to 11)
Hint([6,2]+[8,7] add up to 16)
Hint([6,0]+[3,7] add up to 3)
Hint([8,3]+[2,1] add up to 5)
Hint([0,2]+[3,2]+[4,7] add up to 7)
Hint([0,2]+[2,5]+[1,7] add up to 9)
Hint([6,8]+[1,4] add up to 2)
Hint([7,2]+[4,5]+[2,6] add up to 13)
