Level( 7, 6, 8, 3, 9, 2, 1, 5, 4, 1, 2, 4, 5, 6, 8, 7, 3, 9, 3, 5, 9, 7, 4, 1, 2, 6, 8, 9, 4, 3, 2, 5, 7, 8, 1, 6, 2, 1, 6, 4, 8, 3, 9, 7, 5, 5, 8, 7, 9, 1, 6, 4, 2, 3, 8, 9, 1, 6, 7, 5, 3, 4, 2, 6, 7, 2, 8, 3, 4, 5, 9, 1, 4, 3, 5, 1, 2, 9, 6, 8, 7 )
Visible( 0, 1, 0, 1, 0, 0, 0, 0, 0, 0, 0, 1, 0, 0, 1, 1, 0, 0, 0, 0, 0, 0, 1, 1, 1, 0, 1, 1, 1, 0, 0, 1, 0, 0, 0, 0, 1, 0, 0, 0, 0, 1, 1, 0, 0, 1, 0, 0, 0, 1, 1, 0, 0, 0, 0, 0, 0, 0, 0, 0, 0, 0, 1, 1, 1, 0, 0, 0, 0, 0, 0, 1, 1, 0, 1, 0, 1, 0, 0, 0, 0 )
Hint([7,4]+[0,2]+[4,7] add up to 10)
Hint([5,0]+[6,2]+[0,6] add up to 9)
Hint([5,0]+[5,8] add up to 9)
Hint([6,4]+[0,0] add up to 14)
Hint([5,8]+[5,3] add up to 14)
Hint([8,5]+[3,8] add up to 2)
Hint([1,8]+[5,3]+[4,7] add up to 10)
Hint([1,5]+[3,2]+[0,3] add up to 21)
Hint([7,1]+[8,6]+[8,7] add up to 3)
Hint([5,8]+[3,2] add up to 14)
