Level( 6, 5, 7, 9, 3, 4, 1, 2, 8, 3, 8, 9, 1, 2, 7, 6, 4, 5, 4, 2, 1, 5, 8, 6, 7, 9, 3, 1, 7, 5, 4, 9, 2, 3, 8, 6, 2, 3, 6, 8, 7, 1, 9, 5, 4, 9, 4, 8, 6, 5, 3, 2, 1, 7, 5, 6, 4, 3, 1, 9, 8, 7, 2, 8, 9, 2, 7, 6, 5, 4, 3, 1, 7, 1, 3, 2, 4, 8, 5, 6, 9 )
Visible( 1, 0, 1, 1, 1, 0, 0, 0, 0, 0, 1, 0, 0, 0, 1, 0, 1, 0, 0, 0, 0, 0, 0, 0, 0, 0, 1, 1, 0, 0, 1, 0, 1, 0, 0, 1, 1, 0, 0, 0, 1, 0, 0, 0, 1, 0, 0, 1, 0, 0, 0, 0, 1, 0, 0, 0, 1, 1, 0, 0, 0, 0, 1, 0, 1, 1, 0, 0, 1, 0, 1, 0, 0, 0, 0, 0, 0, 0, 1, 0, 1 )
Hint([7,7]+[1,7]+[5,1] add up to 16)
Hint([6,6]+[8,2]+[1,2] add up to 10)
Hint([4,0]+[5,7] add up to 6)
Hint([7,8]+[1,3] add up to 11)
Hint([5,6]+[5,5] add up to 10)
Hint([8,2]+[2,5] add up to 9)
Hint([2,4]+[4,5]+[5,4] add up to 9)
Hint([8,4]+[3,3]+[0,1] add up to 8)
Hint([6,2]+[8,8]+[8,4] add up to 17)
Hint([5,8]+[3,2]+[5,4] add up to 11)
