Level( 3, 4, 9, 6, 5, 8, 1, 7, 2, 6, 8, 1, 4, 2, 7, 3, 5, 9, 7, 5, 2, 9, 3, 1, 6, 8, 4, 9, 2, 8, 5, 7, 6, 4, 3, 1, 4, 6, 7, 8, 1, 3, 2, 9, 5, 5, 1, 3, 2, 4, 9, 8, 6, 7, 1, 9, 5, 3, 6, 4, 7, 2, 8, 2, 3, 4, 7, 8, 5, 9, 1, 6, 8, 7, 6, 1, 9, 2, 5, 4, 3 )
Visible( 0, 0, 0, 0, 0, 1, 0, 1, 0, 1, 0, 0, 0, 0, 0, 1, 0, 1, 0, 1, 0, 0, 0, 1, 0, 0, 0, 0, 0, 0, 0, 1, 0, 0, 0, 1, 0, 1, 0, 0, 0, 0, 1, 1, 0, 1, 0, 1, 0, 1, 0, 0, 1, 0, 0, 0, 0, 0, 0, 0, 1, 1, 1, 1, 1, 0, 0, 0, 1, 0, 0, 0, 0, 0, 0, 0, 0, 0, 1, 0, 0 )
Hint([8,2]+[8,5]+[4,8] add up to 17)
Hint([5,8]+[8,7]+[2,4] add up to 12)
Hint([4,4]+[6,6] add up to 6)
Hint([6,6]+[1,4] add up to 11)
Hint([6,4]+[4,5] add up to 4)
Hint([0,1]+[1,7] add up to 7)
Hint([1,4]+[4,7]+[5,1] add up to 18)
Hint([8,5]+[3,5]+[1,1] add up to 14)
Hint([7,4]+[0,3]+[7,5] add up to 21)
Hint([3,0]+[0,4]+[5,7] add up to 12)
