Level( 9, 6, 4, 2, 5, 7, 3, 8, 1, 7, 8, 3, 1, 4, 6, 9, 2, 5, 1, 2, 5, 8, 9, 3, 7, 6, 4, 2, 1, 7, 5, 3, 8, 4, 9, 6, 6, 3, 8, 4, 1, 9, 2, 5, 7, 4, 5, 9, 7, 6, 2, 8, 1, 3, 8, 4, 6, 9, 7, 5, 1, 3, 2, 3, 9, 1, 6, 2, 4, 5, 7, 8, 5, 7, 2, 3, 8, 1, 6, 4, 9 )
Visible( 0, 1, 1, 0, 0, 1, 0, 1, 0, 0, 0, 1, 1, 0, 0, 0, 0, 1, 0, 1, 0, 0, 1, 1, 1, 0, 0, 1, 1, 0, 0, 0, 0, 0, 0, 0, 0, 0, 0, 0, 0, 1, 0, 1, 0, 0, 0, 0, 0, 0, 0, 0, 1, 1, 0, 0, 1, 0, 0, 1, 0, 0, 1, 0, 1, 0, 0, 0, 1, 0, 0, 0, 1, 1, 0, 0, 0, 0, 0, 1, 0 )
Hint([7,6]+[0,4]+[4,2] add up to 15)
Hint([6,4]+[7,0]+[0,7] add up to 10)
Hint([5,8]+[7,6] add up to 2)
Hint([5,8]+[1,0] add up to 5)
Hint([5,4]+[4,8] add up to 15)
Hint([1,5]+[3,4] add up to 7)
Hint([3,2]+[3,0]+[3,7] add up to 13)
Hint([0,8]+[4,4]+[0,3] add up to 5)
Hint([6,6]+[0,5]+[8,6] add up to 4)
Hint([6,1]+[1,7] add up to 16)
