Level( 2, 4, 5, 7, 3, 6, 9, 1, 8, 8, 1, 3, 9, 4, 2, 6, 7, 5, 9, 6, 7, 5, 8, 1, 4, 3, 2, 3, 2, 8, 4, 1, 9, 7, 5, 6, 4, 5, 1, 6, 2, 7, 3, 8, 9, 7, 9, 6, 8, 5, 3, 1, 2, 4, 5, 7, 4, 3, 6, 8, 2, 9, 1, 1, 8, 9, 2, 7, 4, 5, 6, 3, 6, 3, 2, 1, 9, 5, 8, 4, 7 )
Visible( 0, 0, 0, 0, 0, 1, 1, 0, 0, 0, 1, 1, 0, 0, 0, 0, 0, 0, 1, 0, 1, 0, 0, 0, 1, 0, 0, 0, 1, 0, 0, 1, 0, 1, 0, 0, 0, 0, 0, 0, 0, 1, 0, 0, 1, 0, 0, 0, 1, 0, 0, 0, 1, 0, 0, 0, 1, 0, 0, 0, 0, 0, 0, 0, 0, 1, 1, 1, 0, 1, 0, 1, 1, 0, 0, 1, 0, 1, 0, 0, 0 )
Hint([7,6]+[0,0]+[3,2] add up to 13)
Hint([5,6]+[8,8]+[2,4] add up to 13)
Hint([5,5]+[6,1] add up to 7)
Hint([6,3]+[0,4] add up to 9)
Hint([5,1]+[3,0] add up to 7)
Hint([0,0]+[1,4] add up to 5)
Hint([2,6]+[4,0]+[3,6] add up to 7)
Hint([0,8]+[4,2]+[0,7] add up to 12)
Hint([6,4]+[0,7] add up to 2)
Hint([8,5]+[5,1]+[1,4] add up to 8)
