Level( 6, 1, 2, 8, 4, 9, 7, 3, 5, 7, 8, 9, 3, 6, 5, 2, 1, 4, 4, 5, 3, 7, 1, 2, 9, 6, 8, 3, 9, 8, 4, 7, 6, 5, 2, 1, 2, 6, 4, 5, 9, 1, 3, 8, 7, 5, 7, 1, 2, 3, 8, 6, 4, 9, 1, 2, 7, 9, 8, 3, 4, 5, 6, 9, 3, 6, 1, 5, 4, 8, 7, 2, 8, 4, 5, 6, 2, 7, 1, 9, 3 )
Visible( 0, 0, 1, 0, 1, 0, 0, 0, 1, 1, 1, 0, 0, 1, 0, 0, 0, 0, 0, 0, 0, 0, 0, 0, 1, 0, 0, 0, 1, 0, 0, 0, 0, 0, 1, 0, 0, 0, 1, 0, 0, 0, 1, 0, 1, 1, 0, 1, 1, 0, 0, 1, 1, 0, 0, 1, 0, 0, 1, 0, 0, 0, 1, 1, 0, 0, 0, 1, 0, 0, 0, 0, 1, 0, 0, 1, 0, 1, 0, 0, 0 )
Hint([7,3]+[0,8]+[5,0] add up to 16)
Hint([6,6]+[8,5]+[1,6] add up to 12)
Hint([6,5]+[6,4] add up to 7)
Hint([5,4]+[0,5] add up to 4)
Hint([5,2]+[4,3] add up to 7)
Hint([8,7]+[3,1] add up to 3)
Hint([1,4]+[4,0]+[3,6] add up to 16)
Hint([8,1]+[2,1]+[0,6] add up to 11)
Hint([7,3]+[0,0] add up to 6)
Hint([0,2]+[4,5]+[2,2] add up to 7)
