Level( 4, 6, 5, 9, 7, 8, 2, 3, 1, 9, 1, 7, 6, 2, 3, 5, 4, 8, 8, 3, 2, 1, 4, 5, 9, 7, 6, 1, 2, 6, 3, 5, 7, 4, 8, 9, 7, 4, 9, 8, 6, 2, 3, 1, 5, 3, 5, 8, 4, 9, 1, 7, 6, 2, 6, 9, 1, 2, 3, 4, 8, 5, 7, 2, 7, 4, 5, 8, 6, 1, 9, 3, 5, 8, 3, 7, 1, 9, 6, 2, 4 )
Visible( 1, 0, 0, 0, 1, 1, 1, 0, 0, 1, 0, 0, 1, 0, 0, 0, 1, 0, 0, 0, 0, 0, 0, 0, 0, 0, 1, 1, 0, 1, 1, 1, 0, 0, 0, 0, 1, 0, 0, 0, 0, 0, 0, 0, 0, 0, 0, 0, 0, 1, 0, 1, 0, 0, 0, 0, 0, 0, 0, 1, 1, 0, 0, 0, 1, 0, 1, 0, 0, 1, 0, 0, 1, 1, 1, 0, 0, 0, 0, 0, 0 )
Hint([8,2]+[8,1]+[3,7] add up to 16)
Hint([6,1]+[6,0]+[0,7] add up to 6)
Hint([6,3]+[6,4] add up to 5)
Hint([7,1]+[8,8] add up to 6)
Hint([6,6]+[5,8] add up to 15)
Hint([8,6]+[3,5] add up to 9)
Hint([2,2]+[3,5]+[5,4] add up to 5)
Hint([8,3]+[3,4]+[0,4] add up to 21)
Hint([7,4]+[0,0] add up to 3)
Hint([8,4]+[4,6]+[2,6] add up to 6)
