Level( 7, 3, 6, 9, 4, 8, 5, 2, 1, 2, 1, 5, 7, 6, 3, 8, 4, 9, 4, 8, 9, 1, 2, 5, 3, 7, 6, 5, 7, 2, 3, 9, 4, 6, 1, 8, 8, 4, 1, 6, 5, 2, 7, 9, 3, 9, 6, 3, 8, 7, 1, 4, 5, 2, 3, 9, 8, 5, 1, 7, 2, 6, 4, 6, 2, 7, 4, 8, 9, 1, 3, 5, 1, 5, 4, 2, 3, 6, 9, 8, 7 )
Visible( 1, 0, 1, 1, 0, 0, 1, 1, 0, 0, 1, 1, 0, 0, 1, 0, 0, 0, 0, 0, 0, 0, 0, 0, 0, 0, 1, 0, 0, 0, 0, 0, 0, 0, 0, 1, 1, 0, 0, 0, 1, 1, 1, 0, 0, 0, 0, 0, 0, 1, 1, 0, 1, 0, 0, 1, 0, 0, 0, 1, 0, 0, 1, 1, 0, 1, 0, 1, 0, 1, 0, 0, 1, 0, 0, 0, 0, 0, 0, 0, 0 )
Hint([6,2]+[8,8]+[5,2] add up to 12)
Hint([5,3]+[7,8]+[2,5] add up to 12)
Hint([5,0]+[5,7] add up to 15)
Hint([6,8]+[1,3] add up to 14)
Hint([6,4]+[4,0] add up to 9)
Hint([0,7]+[3,8] add up to 6)
Hint([1,5]+[4,8]+[5,1] add up to 9)
Hint([0,8]+[4,0]+[8,4] add up to 5)
Hint([7,1]+[8,5] add up to 4)
Hint([8,5]+[5,0]+[1,0] add up to 10)
