Level( 8, 7, 9, 1, 6, 5, 2, 4, 3, 2, 3, 5, 8, 4, 7, 1, 9, 6, 6, 4, 1, 2, 3, 9, 8, 5, 7, 7, 8, 3, 4, 5, 6, 9, 1, 2, 5, 9, 4, 7, 1, 2, 3, 6, 8, 1, 6, 2, 3, 9, 8, 4, 7, 5, 9, 1, 7, 6, 8, 3, 5, 2, 4, 3, 5, 6, 9, 2, 4, 7, 8, 1, 4, 2, 8, 5, 7, 1, 6, 3, 9 )
Visible( 0, 0, 0, 1, 0, 0, 1, 0, 1, 0, 0, 0, 0, 0, 0, 0, 1, 0, 0, 1, 0, 1, 0, 0, 0, 0, 1, 1, 0, 1, 0, 1, 0, 0, 0, 0, 0, 0, 0, 0, 0, 1, 0, 0, 1, 0, 1, 0, 0, 1, 0, 1, 1, 0, 0, 0, 0, 0, 0, 1, 0, 0, 0, 0, 1, 0, 0, 0, 0, 1, 1, 0, 1, 0, 1, 0, 0, 1, 1, 0, 0 )
Hint([6,5]+[0,4]+[4,4] add up to 7)
Hint([5,7]+[8,3]+[1,3] add up to 11)
Hint([6,7]+[7,6] add up to 7)
Hint([5,4]+[0,2] add up to 6)
Hint([7,4]+[4,8] add up to 11)
Hint([8,0]+[1,8] add up to 3)
Hint([1,1]+[3,2]+[4,3] add up to 7)
Hint([1,6]+[3,4]+[1,5] add up to 11)
Hint([7,1]+[8,2] add up to 14)
Hint([7,0]+[3,3]+[1,5] add up to 11)
