Level( 9, 2, 3, 8, 5, 4, 6, 7, 1, 8, 4, 6, 1, 3, 7, 5, 2, 9, 5, 7, 1, 6, 9, 2, 3, 4, 8, 7, 9, 5, 4, 2, 8, 1, 6, 3, 6, 1, 2, 9, 7, 3, 8, 5, 4, 4, 3, 8, 5, 1, 6, 2, 9, 7, 1, 8, 4, 2, 6, 9, 7, 3, 5, 3, 6, 9, 7, 8, 5, 4, 1, 2, 2, 5, 7, 3, 4, 1, 9, 8, 6 )
Visible( 0, 0, 0, 0, 0, 1, 1, 0, 0, 0, 0, 0, 1, 0, 1, 1, 1, 0, 1, 0, 1, 1, 0, 0, 0, 1, 0, 0, 0, 0, 0, 0, 0, 1, 0, 0, 1, 0, 0, 1, 0, 1, 0, 0, 0, 1, 0, 0, 1, 0, 0, 1, 0, 0, 0, 0, 0, 0, 0, 0, 0, 1, 0, 0, 1, 1, 0, 0, 0, 0, 0, 0, 0, 0, 1, 0, 1, 1, 0, 1, 0 )
Hint([6,1]+[8,1]+[3,3] add up to 15)
Hint([5,2]+[7,4]+[1,8] add up to 9)
Hint([6,5]+[6,1] add up to 5)
Hint([5,3]+[0,3] add up to 13)
Hint([6,8]+[5,4] add up to 10)
Hint([1,5]+[3,7] add up to 8)
Hint([1,7]+[5,2]+[4,3] add up to 7)
Hint([1,2]+[2,7]+[1,1] add up to 17)
Hint([7,4]+[0,5]+[8,5] add up to 13)
Hint([5,3]+[1,2]+[5,5] add up to 18)
