Level( 9, 7, 5, 1, 2, 3, 6, 8, 4, 8, 1, 4, 5, 6, 7, 9, 3, 2, 2, 6, 3, 4, 9, 8, 7, 5, 1, 1, 2, 9, 3, 4, 6, 5, 7, 8, 6, 4, 8, 7, 5, 9, 1, 2, 3, 3, 5, 7, 8, 1, 2, 4, 9, 6, 4, 9, 2, 6, 3, 5, 8, 1, 7, 5, 8, 6, 2, 7, 1, 3, 4, 9, 7, 3, 1, 9, 8, 4, 2, 6, 5 )
Visible( 0, 0, 0, 1, 0, 0, 1, 0, 0, 0, 0, 1, 0, 0, 1, 0, 1, 0, 1, 0, 0, 0, 0, 1, 0, 0, 0, 1, 0, 0, 1, 0, 0, 0, 1, 1, 0, 1, 1, 0, 0, 0, 0, 1, 1, 0, 1, 1, 0, 1, 0, 0, 0, 0, 0, 1, 0, 1, 1, 1, 0, 0, 0, 1, 0, 0, 1, 0, 0, 0, 0, 0, 0, 0, 1, 0, 0, 0, 0, 0, 0 )
Hint([7,8]+[1,8]+[5,0] add up to 9)
Hint([6,7]+[8,0]+[0,6] add up to 8)
Hint([6,0]+[5,4] add up to 13)
Hint([7,7]+[1,0] add up to 9)
Hint([6,0]+[3,6] add up to 10)
Hint([8,0]+[1,2] add up to 8)
Hint([2,5]+[4,4]+[4,4] add up to 14)
Hint([8,6]+[3,3]+[0,1] add up to 15)
Hint([6,3]+[0,0]+[6,7] add up to 14)
Hint([5,8]+[3,1] add up to 7)
