Level( 3, 6, 2, 4, 5, 1, 9, 7, 8, 5, 9, 4, 8, 3, 7, 6, 2, 1, 7, 8, 1, 2, 6, 9, 4, 3, 5, 4, 2, 8, 1, 9, 3, 7, 5, 6, 6, 1, 3, 7, 2, 5, 8, 9, 4, 9, 5, 7, 6, 8, 4, 3, 1, 2, 8, 7, 6, 3, 1, 2, 5, 4, 9, 2, 3, 5, 9, 4, 8, 1, 6, 7, 1, 4, 9, 5, 7, 6, 2, 8, 3 )
Visible( 1, 0, 0, 1, 1, 0, 0, 1, 0, 0, 1, 0, 0, 0, 1, 0, 0, 0, 0, 0, 1, 1, 0, 0, 1, 0, 0, 0, 0, 0, 0, 0, 0, 0, 0, 1, 0, 0, 0, 0, 0, 0, 1, 0, 0, 0, 1, 1, 0, 1, 0, 0, 0, 1, 0, 1, 1, 0, 0, 1, 0, 1, 0, 0, 0, 0, 0, 0, 0, 1, 1, 1, 0, 1, 1, 1, 0, 0, 0, 0, 0 )
Hint([7,3]+[0,5]+[4,5] add up to 19)
Hint([6,8]+[8,1]+[0,1] add up to 5)
Hint([4,1]+[5,3] add up to 4)
Hint([5,6]+[1,4] add up to 1)
Hint([7,2]+[4,8] add up to 8)
Hint([1,5]+[3,5] add up to 9)
Hint([2,5]+[4,7]+[5,1] add up to 15)
Hint([8,0]+[2,6]+[1,1] add up to 20)
Hint([6,1]+[8,1]+[6,6] add up to 9)
Hint([5,3]+[1,7] add up to 4)
