Level( 5, 0, 9, D, 4, 7, 1, 6, A, 8, C, B, E, F, 3, 2, 1, 2, B, C, 0, F, 3, D, E, 4, 7, 5, 6, A, 8, 9, 3, E, 6, 7, 9, 8, C, A, 0, D, 2, F, 5, B, 4, 1, F, 4, 8, A, 5, B, 2, E, 1, 3, 6, 9, 7, C, 0, D, A, 9, 4, E, C, 0, F, B, D, 7, 8, 6, 2, 5, 1, 3, 2, 6, 5, 8, 3, 4, D, 7, 9, E, A, 1, F, 0, C, B, C, 3, D, 0, 1, 2, E, 9, 5, F, B, 4, A, 6, 7, 8, 7, 1, F, B, 8, 6, A, 5, C, 2, 0, 3, 9, 4, D, E, E, B, 0, 9, 7, 1, 4, C, F, A, D, 2, 8, 3, 5, 6, 4, 7, 3, 6, 2, 5, 0, 8, B, 9, 1, E, C, D, A, F, 8, 5, 2, 1, A, D, 6, F, 3, 0, 4, C, B, E, 9, 7, D, A, C, F, B, E, 9, 3, 8, 6, 5, 7, 0, 1, 2, 4, 9, C, 1, 5, E, 3, 7, 0, 4, B, F, 8, D, 2, 6, A, 0, D, 7, 2, F, 9, 5, 4, 6, 1, E, A, 3, 8, B, C, 6, 8, E, 3, D, A, B, 1, 2, C, 9, 0, 4, 7, F, 5, B, F, A, 4, 6, C, 8, 2, 7, 5, 3, D, 1, 9, E, 0 )
Visible( 0, 0, 1, 0, 0, 0, 1, 1, 1, 1, 1, 1, 1, 0, 1, 1, 1, 0, 0, 0, 0, 0, 1, 0, 1, 1, 0, 1, 1, 1, 0, 0, 0, 1, 1, 0, 1, 0, 0, 1, 1, 1, 1, 1, 1, 1, 1, 1, 1, 1, 1, 0, 1, 0, 0, 1, 1, 0, 1, 1, 0, 1, 0, 1, 1, 1, 0, 0, 0, 1, 1, 0, 0, 1, 0, 1, 0, 0, 1, 1, 0, 0, 0, 0, 0, 1, 0, 0, 0, 0, 0, 1, 0, 1, 0, 0, 1, 0, 0, 0, 0, 0, 1, 0, 0, 1, 0, 0, 1, 1, 0, 0, 1, 0, 1, 0, 1, 1, 1, 0, 1, 0, 1, 1, 0, 1, 0, 0, 0, 1, 0, 0, 0, 0, 0, 1, 1, 1, 1, 0, 1, 0, 1, 1, 1, 1, 1, 0, 0, 0, 1, 1, 1, 0, 1, 1, 0, 0, 0, 0, 0, 0, 0, 0, 1, 1, 0, 0, 0, 1, 0, 1, 0, 0, 1, 0, 0, 0, 0, 1, 1, 1, 1, 1, 1, 0, 1, 0, 1, 1, 1, 0, 1, 1, 1, 1, 0, 1, 0, 1, 0, 1, 0, 0, 0, 0, 1, 1, 0, 0, 0, 0, 1, 0, 1, 0, 1, 0, 1, 0, 1, 1, 0, 1, 0, 1, 1, 0, 0, 0, 0, 1, 1, 1, 1, 1, 1, 1, 0, 0, 1, 1, 1, 1, 1, 0, 1, 0, 1, 0, 1, 0, 1, 1, 1, 1 )
Hint([12,15]+[2,8]+[8,15] add up to 8)
Hint([8,12]+[14,10]+[3,4] add up to 27)
Hint([9,10]+[12,4] add up to 2)
Hint([13,4]+[15,4] add up to 8)
Hint([13,5]+[7,4] add up to 11)
Hint([15,6]+[4,3] add up to 13)
Hint([3,15]+[9,2]+[7,11] add up to 20)
Hint([3,8]+[6,13]+[3,4] add up to 28)
Hint([12,10]+[1,4]+[12,3] add up to 27)
Hint([6,11]+[4,7]+[10,10] add up to 21)
