Level( 1, 4, 8, 2, 6, 9, 5, 7, 3, 6, 2, 5, 8, 7, 3, 1, 9, 4, 3, 7, 9, 1, 5, 4, 8, 2, 6, 7, 8, 6, 9, 3, 5, 2, 4, 1, 4, 5, 2, 7, 1, 8, 3, 6, 9, 9, 1, 3, 4, 2, 6, 7, 5, 8, 5, 6, 1, 3, 4, 2, 9, 8, 7, 2, 9, 7, 6, 8, 1, 4, 3, 5, 8, 3, 4, 5, 9, 7, 6, 1, 2 )
Visible( 0, 0, 0, 0, 1, 0, 0, 0, 0, 0, 1, 0, 0, 1, 0, 1, 0, 1, 0, 1, 1, 0, 0, 0, 0, 0, 1, 0, 1, 0, 0, 0, 0, 1, 0, 1, 1, 0, 1, 0, 0, 0, 1, 0, 0, 0, 0, 0, 0, 0, 0, 0, 1, 0, 1, 0, 0, 1, 1, 0, 0, 1, 1, 0, 0, 0, 0, 0, 1, 0, 0, 1, 1, 0, 0, 0, 0, 1, 1, 0, 0 )
Hint([8,4]+[0,4]+[4,0] add up to 16)
Hint([6,2]+[7,7]+[2,6] add up to 9)
Hint([4,4]+[6,5] add up to 6)
Hint([7,5]+[0,1] add up to 9)
Hint([5,0]+[3,1] add up to 15)
Hint([1,4]+[2,4] add up to 5)
Hint([2,8]+[5,6]+[5,0] add up to 12)
Hint([0,4]+[3,6] add up to 5)
Hint([1,4]+[7,4] add up to 9)
Hint([8,1]+[7,3] add up to 6)
