Level( 3, B, 9, 5, C, D, 0, 2, 8, 6, A, 4, 7, 1, F, E, E, 7, 8, 0, F, 9, 6, 1, 5, B, 3, 2, D, 4, C, A, 1, F, D, 2, 4, 5, A, 3, 7, 9, C, E, 0, 8, B, 6, 4, 6, C, A, B, E, 8, 7, 0, F, D, 1, 5, 9, 2, 3, A, C, 4, E, D, 6, 1, 5, F, 3, 2, B, 8, 7, 9, 0, 9, 8, 2, 6, A, 4, C, F, 1, 7, E, 0, 3, D, 5, B, 0, 3, F, 7, 8, B, 2, 9, C, D, 6, 5, E, A, 4, 1, B, 1, 5, D, 3, 0, 7, E, 4, A, 8, 9, F, 2, 6, C, 5, E, 1, C, 9, F, D, 8, A, 2, 4, 3, B, 6, 0, 7, 2, 0, 3, 9, 7, 1, 4, B, E, 8, 5, 6, A, C, D, F, 6, 4, 7, 8, 0, 2, 5, A, B, C, F, D, 1, 3, E, 9, D, A, B, F, E, C, 3, 6, 9, 0, 1, 7, 2, 5, 8, 4, C, D, A, 4, 5, 7, 9, 0, 2, 1, B, F, 6, E, 3, 8, F, 9, 6, 1, 2, A, E, D, 3, 4, 0, 8, C, B, 7, 5, 8, 2, E, B, 1, 3, F, 4, 6, 5, 7, C, 9, 0, A, D, 7, 5, 0, 3, 6, 8, B, C, D, E, 9, A, 4, F, 1, 2 )
Visible( 0, 0, 1, 0, 1, 0, 1, 1, 1, 1, 0, 0, 1, 0, 1, 1, 1, 0, 0, 0, 1, 0, 1, 0, 1, 0, 1, 0, 1, 1, 1, 1, 0, 1, 0, 1, 0, 1, 0, 1, 1, 1, 1, 0, 1, 1, 0, 0, 0, 1, 1, 1, 0, 0, 0, 0, 0, 0, 0, 0, 1, 1, 0, 0, 0, 0, 0, 1, 0, 0, 1, 0, 1, 1, 1, 0, 1, 0, 1, 1, 0, 0, 0, 0, 1, 0, 0, 1, 0, 0, 0, 1, 1, 0, 1, 1, 0, 0, 0, 1, 0, 0, 0, 1, 0, 1, 0, 0, 1, 1, 1, 0, 1, 0, 0, 0, 0, 0, 1, 1, 0, 0, 1, 0, 1, 1, 0, 0, 0, 1, 0, 0, 0, 1, 1, 1, 0, 0, 0, 1, 0, 1, 1, 0, 1, 0, 0, 1, 1, 0, 0, 0, 0, 0, 0, 1, 1, 0, 1, 1, 0, 0, 1, 1, 0, 1, 0, 1, 1, 1, 0, 0, 0, 0, 0, 1, 1, 0, 0, 0, 1, 1, 0, 1, 0, 0, 0, 0, 0, 1, 0, 0, 0, 0, 1, 0, 0, 0, 0, 1, 1, 1, 0, 0, 0, 1, 1, 0, 0, 0, 0, 1, 0, 0, 1, 0, 1, 1, 0, 0, 0, 1, 0, 1, 1, 0, 1, 0, 1, 0, 1, 0, 1, 0, 1, 1, 1, 0, 0, 1, 0, 1, 0, 0, 0, 1, 1, 0, 1, 0, 0, 1, 0, 0, 1, 1 )
Hint([11,4]+[15,0]+[6,3] add up to 33)
Hint([12,13]+[15,11]+[3,1] add up to 16)
Hint([8,11]+[12,6] add up to 23)
Hint([13,4]+[15,1] add up to 17)
Hint([13,5]+[7,7] add up to 27)
Hint([15,6]+[4,13] add up to 3)
Hint([1,8]+[7,7]+[8,1] add up to 33)
Hint([2,6]+[5,12] add up to 22)
Hint([14,3]+[11,9] add up to 8)
Hint([15,12]+[0,14] add up to 16)
