Level( 8, 3, 6, 5, 7, 2, 9, 1, 4, 2, 7, 1, 4, 8, 9, 6, 5, 3, 9, 5, 4, 6, 3, 1, 2, 7, 8, 5, 9, 8, 7, 6, 4, 1, 3, 2, 4, 6, 3, 1, 2, 5, 8, 9, 7, 1, 2, 7, 8, 9, 3, 4, 6, 5, 3, 4, 9, 2, 1, 7, 5, 8, 6, 6, 1, 2, 3, 5, 8, 7, 4, 9, 7, 8, 5, 9, 4, 6, 3, 2, 1 )
Visible( 0, 0, 0, 0, 0, 0, 0, 0, 0, 1, 0, 0, 0, 1, 0, 0, 0, 1, 0, 0, 0, 1, 1, 0, 0, 1, 1, 0, 1, 1, 1, 0, 0, 1, 0, 0, 0, 0, 1, 0, 1, 1, 0, 0, 1, 0, 0, 0, 0, 0, 0, 1, 0, 0, 0, 0, 0, 0, 0, 0, 1, 1, 0, 1, 0, 1, 1, 0, 0, 0, 0, 0, 0, 0, 1, 0, 1, 1, 0, 0, 0 )
Hint([8,7]+[1,8]+[5,0] add up to 16)
Hint([6,6]+[8,2]+[1,7] add up to 11)
Hint([5,2]+[6,4] add up to 7)
Hint([7,6]+[0,6] add up to 9)
Hint([7,0]+[3,5] add up to 7)
Hint([8,2]+[2,6] add up to 15)
Hint([2,4]+[4,7]+[5,1] add up to 14)
Hint([0,7]+[4,0]+[8,4] add up to 17)
Hint([6,6]+[1,8] add up to 11)
Hint([7,0]+[3,2]+[1,0] add up to 7)
