Level( 8, 6, 2, 9, 7, 1, 5, 4, 3, 4, 1, 7, 5, 6, 3, 8, 2, 9, 5, 3, 9, 2, 4, 8, 7, 6, 1, 9, 4, 6, 3, 5, 7, 2, 1, 8, 1, 5, 8, 4, 9, 2, 3, 7, 6, 7, 2, 3, 1, 8, 6, 4, 9, 5, 2, 8, 5, 6, 1, 4, 9, 3, 7, 6, 9, 4, 7, 3, 5, 1, 8, 2, 3, 7, 1, 8, 2, 9, 6, 5, 4 )
Visible( 1, 0, 0, 0, 0, 1, 1, 0, 1, 0, 0, 0, 0, 0, 0, 1, 0, 1, 0, 0, 1, 0, 1, 0, 1, 0, 0, 0, 0, 0, 0, 1, 0, 0, 1, 0, 0, 1, 0, 0, 0, 0, 0, 1, 1, 0, 1, 1, 1, 0, 0, 0, 0, 0, 1, 0, 0, 0, 0, 1, 0, 0, 0, 1, 0, 0, 0, 1, 1, 0, 0, 0, 0, 1, 0, 0, 1, 0, 1, 0, 0 )
Hint([6,4]+[0,8]+[5,1] add up to 6)
Hint([5,6]+[8,8]+[2,0] add up to 7)
Hint([5,1]+[5,1] add up to 4)
Hint([5,5]+[0,7] add up to 10)
Hint([7,6]+[5,3] add up to 8)
Hint([8,4]+[2,0] add up to 6)
Hint([2,2]+[3,7] add up to 14)
Hint([5,0]+[8,2]+[2,3] add up to 5)
Hint([0,8]+[8,7] add up to 3)
Hint([8,4]+[8,1] add up to 13)
