Level( 1, 4, 7, 9, 2, 3, 8, 5, 6, 6, 8, 9, 5, 7, 1, 3, 2, 4, 2, 3, 5, 8, 6, 4, 7, 1, 9, 9, 2, 6, 4, 8, 7, 5, 3, 1, 3, 5, 8, 1, 9, 6, 2, 4, 7, 4, 7, 1, 2, 3, 5, 9, 6, 8, 5, 6, 3, 7, 1, 8, 4, 9, 2, 8, 1, 2, 3, 4, 9, 6, 7, 5, 7, 9, 4, 6, 5, 2, 1, 8, 3 )
Visible( 0, 0, 0, 0, 1, 0, 0, 1, 1, 0, 0, 1, 0, 0, 1, 0, 0, 0, 0, 0, 0, 0, 1, 1, 0, 0, 0, 0, 1, 0, 0, 1, 0, 0, 1, 1, 0, 1, 0, 0, 0, 0, 0, 0, 0, 1, 1, 0, 0, 0, 0, 1, 0, 0, 1, 0, 1, 0, 0, 0, 0, 1, 1, 0, 0, 0, 1, 1, 0, 1, 1, 0, 0, 0, 0, 1, 0, 0, 0, 0, 0 )
Hint([7,0]+[8,3]+[4,7] add up to 7)
Hint([5,3]+[7,8]+[2,7] add up to 14)
Hint([4,5]+[6,5] add up to 10)
Hint([5,0]+[8,0] add up to 7)
Hint([6,1]+[3,5] add up to 3)
Hint([8,4]+[2,6] add up to 8)
Hint([2,8]+[5,1]+[4,7] add up to 6)
Hint([0,2]+[2,0]+[0,2] add up to 8)
Hint([7,0]+[8,3]+[7,7] add up to 10)
Hint([4,8]+[3,6] add up to 10)
