Level( 5, 9, 3, 7, 6, 8, 1, 2, 4, 2, 1, 6, 3, 5, 4, 7, 9, 8, 8, 4, 7, 1, 2, 9, 3, 5, 6, 4, 3, 2, 9, 7, 5, 6, 8, 1, 6, 7, 1, 2, 8, 3, 9, 4, 5, 9, 8, 5, 6, 4, 1, 2, 3, 7, 1, 6, 4, 5, 9, 2, 8, 7, 3, 7, 5, 9, 8, 3, 6, 4, 1, 2, 3, 2, 8, 4, 1, 7, 5, 6, 9 )
Visible( 0, 1, 0, 0, 1, 0, 1, 0, 0, 0, 0, 0, 0, 0, 1, 1, 0, 0, 1, 0, 0, 0, 1, 0, 1, 0, 0, 0, 0, 1, 0, 0, 1, 1, 0, 0, 1, 1, 0, 0, 0, 0, 0, 0, 1, 1, 0, 0, 0, 0, 0, 0, 1, 1, 0, 0, 1, 0, 0, 0, 0, 0, 0, 1, 0, 0, 1, 0, 1, 0, 0, 0, 1, 0, 1, 0, 1, 1, 1, 0, 0 )
Hint([8,3]+[0,6]+[5,3] add up to 4)
Hint([5,8]+[8,7]+[2,0] add up to 9)
Hint([5,5]+[6,0] add up to 0)
Hint([6,3]+[0,0] add up to 9)
Hint([5,4]+[4,6] add up to 10)
Hint([8,0]+[1,1] add up to 3)
Hint([1,0]+[3,0]+[3,6] add up to 18)
Hint([0,3]+[3,7]+[1,5] add up to 17)
Hint([7,3]+[0,0] add up to 11)
Hint([0,1]+[3,5]+[2,1] add up to 11)
