Level( 1, 2, 7, 5, 3, 6, 9, 4, 8, 9, 5, 6, 8, 4, 2, 3, 1, 7, 4, 8, 3, 7, 9, 1, 6, 2, 5, 2, 7, 9, 1, 6, 4, 5, 8, 3, 3, 6, 4, 2, 5, 8, 7, 9, 1, 5, 1, 8, 3, 7, 9, 4, 6, 2, 6, 3, 2, 4, 1, 5, 8, 7, 9, 7, 4, 1, 9, 8, 3, 2, 5, 6, 8, 9, 5, 6, 2, 7, 1, 3, 4 )
Visible( 0, 1, 0, 1, 1, 0, 0, 0, 0, 0, 0, 0, 0, 0, 0, 1, 1, 0, 1, 0, 0, 1, 0, 0, 0, 0, 1, 0, 0, 0, 0, 0, 0, 1, 1, 0, 0, 1, 0, 1, 0, 0, 0, 0, 0, 1, 0, 1, 0, 0, 0, 1, 0, 1, 1, 0, 0, 0, 0, 0, 0, 0, 1, 0, 1, 1, 1, 1, 0, 0, 0, 0, 0, 0, 1, 0, 1, 0, 0, 1, 1 )
Hint([7,5]+[0,6]+[5,4] add up to 17)
Hint([7,2]+[7,7]+[2,2] add up to 7)
Hint([5,6]+[7,0] add up to 7)
Hint([7,2]+[8,7] add up to 6)
Hint([7,0]+[3,2] add up to 9)
Hint([0,4]+[2,6] add up to 3)
Hint([2,4]+[4,8]+[5,5] add up to 12)
Hint([1,2]+[2,8]+[2,2] add up to 13)
Hint([6,3]+[0,4]+[7,2] add up to 7)
Hint([4,7]+[2,0]+[4,4] add up to 17)
