Level( 4, 7, 3, 1, 9, 6, 5, 2, 8, 6, 1, 5, 2, 4, 8, 3, 9, 7, 8, 9, 2, 7, 3, 5, 6, 1, 4, 3, 8, 4, 6, 5, 9, 1, 7, 2, 7, 2, 6, 8, 1, 3, 4, 5, 9, 9, 5, 1, 4, 7, 2, 8, 3, 6, 1, 6, 9, 3, 8, 7, 2, 4, 5, 5, 3, 8, 9, 2, 4, 7, 6, 1, 2, 4, 7, 5, 6, 1, 9, 8, 3 )
Visible( 1, 0, 0, 1, 0, 0, 0, 0, 0, 0, 1, 0, 0, 1, 0, 1, 0, 0, 0, 1, 0, 0, 1, 0, 1, 0, 0, 0, 0, 0, 0, 0, 1, 0, 0, 0, 0, 1, 1, 0, 0, 0, 1, 0, 0, 1, 0, 0, 0, 0, 0, 1, 0, 0, 0, 0, 0, 0, 0, 1, 0, 0, 1, 1, 0, 1, 1, 0, 0, 0, 1, 1, 1, 0, 0, 0, 1, 0, 0, 1, 0 )
Hint([6,8]+[1,7]+[5,6] add up to 16)
Hint([5,6]+[8,2]+[1,4] add up to 10)
Hint([5,2]+[6,7] add up to 10)
Hint([6,7]+[1,1] add up to 6)
Hint([7,8]+[5,0] add up to 12)
Hint([8,0]+[1,2] add up to 15)
Hint([1,6]+[4,6]+[5,5] add up to 13)
Hint([0,7]+[4,2]+[0,2] add up to 13)
Hint([7,5]+[0,0]+[6,0] add up to 9)
Hint([4,2]+[1,1]+[4,5] add up to 8)
