Level( 5, 4, 6, 8, 3, 9, 1, 2, 7, 9, 8, 1, 7, 6, 2, 5, 4, 3, 3, 7, 2, 4, 5, 1, 8, 9, 6, 7, 3, 8, 9, 1, 4, 6, 5, 2, 2, 9, 4, 6, 8, 5, 7, 3, 1, 1, 6, 5, 3, 2, 7, 4, 8, 9, 8, 2, 7, 5, 9, 6, 3, 1, 4, 4, 1, 3, 2, 7, 8, 9, 6, 5, 6, 5, 9, 1, 4, 3, 2, 7, 8 )
Visible( 0, 0, 1, 0, 1, 0, 1, 0, 0, 0, 0, 0, 1, 1, 0, 1, 0, 0, 0, 0, 1, 0, 0, 0, 1, 1, 0, 0, 1, 1, 0, 0, 0, 0, 0, 1, 0, 0, 1, 0, 1, 1, 0, 0, 1, 1, 0, 0, 0, 0, 0, 0, 0, 0, 0, 1, 1, 1, 0, 0, 0, 0, 0, 0, 1, 0, 1, 0, 0, 0, 0, 0, 0, 0, 0, 0, 1, 0, 0, 0, 1 )
Hint([7,4]+[0,8]+[5,4] add up to 11)
Hint([6,2]+[6,4]+[1,5] add up to 18)
Hint([5,2]+[5,4] add up to 4)
Hint([7,6]+[0,8] add up to 5)
Hint([7,4]+[4,5] add up to 3)
Hint([8,2]+[2,6] add up to 11)
Hint([1,6]+[4,2]+[4,7] add up to 11)
Hint([8,6]+[3,6]+[1,8] add up to 11)
Hint([6,6]+[1,3] add up to 4)
Hint([8,3]+[4,0]+[1,2] add up to 9)
