Level( 5, E, B, 3, 8, A, 1, F, 4, D, 0, 2, C, 6, 7, 9, 7, C, 6, 4, 3, 0, D, B, 9, 1, E, 5, 8, 2, A, F, 8, 0, 1, 2, 9, 5, 7, C, F, 3, 6, A, B, 4, D, E, F, D, 9, A, 4, 2, 6, E, C, 8, B, 7, 5, 3, 0, 1, D, 5, 3, B, 7, 4, A, 8, 6, 0, C, 9, F, 1, E, 2, 4, A, 2, 6, B, E, 5, D, 1, 7, 3, F, 9, 0, 8, C, 1, 9, 0, E, 2, C, F, 6, B, 5, A, 8, 4, D, 3, 7, C, F, 7, 8, 1, 9, 3, 0, D, 2, 4, E, 6, A, B, 5, 3, 1, A, 7, C, F, 4, 9, 0, E, 5, D, 2, 8, 6, B, 0, 8, E, D, 6, 3, 2, 5, 7, 4, 9, B, 1, F, C, A, 9, 2, C, F, E, D, B, A, 3, 6, 8, 1, 7, 5, 4, 0, B, 6, 4, 5, 0, 1, 8, 7, 2, A, F, C, 3, E, 9, D, A, 7, 5, 0, F, B, E, 4, 8, 9, 1, 3, D, C, 2, 6, E, 3, D, 9, A, 6, C, 1, 5, B, 2, 4, 0, 7, F, 8, 6, 4, 8, C, 5, 7, 9, 2, A, F, D, 0, E, B, 1, 3, 2, B, F, 1, D, 8, 0, 3, E, C, 7, 6, A, 9, 5, 4 )
Visible( 0, 1, 1, 0, 1, 0, 1, 1, 1, 1, 0, 1, 1, 0, 0, 1, 0, 1, 1, 0, 0, 0, 0, 0, 0, 0, 0, 1, 0, 0, 1, 0, 0, 0, 1, 1, 0, 1, 1, 1, 1, 1, 1, 0, 0, 0, 0, 0, 0, 0, 0, 0, 0, 0, 0, 0, 0, 0, 1, 0, 1, 0, 1, 0, 1, 0, 1, 1, 0, 1, 1, 1, 1, 1, 1, 0, 1, 1, 1, 0, 1, 1, 1, 1, 1, 0, 0, 0, 0, 0, 0, 0, 0, 0, 1, 0, 1, 0, 0, 0, 1, 0, 1, 0, 0, 1, 0, 1, 0, 1, 0, 0, 0, 0, 1, 0, 0, 0, 1, 1, 0, 0, 0, 1, 0, 1, 0, 0, 0, 1, 0, 1, 0, 0, 0, 0, 1, 0, 0, 0, 0, 1, 1, 1, 1, 1, 1, 1, 1, 1, 0, 0, 1, 0, 1, 1, 0, 1, 1, 1, 0, 0, 1, 1, 0, 0, 0, 0, 0, 0, 1, 1, 0, 1, 0, 0, 0, 1, 0, 1, 0, 1, 1, 1, 1, 1, 0, 1, 0, 0, 0, 0, 0, 1, 1, 1, 0, 1, 1, 0, 1, 0, 1, 0, 1, 0, 0, 0, 0, 0, 1, 0, 1, 0, 1, 1, 0, 0, 0, 1, 0, 0, 0, 0, 0, 0, 0, 0, 1, 0, 0, 0, 0, 0, 0, 1, 0, 0, 1, 0, 1, 1, 1, 1, 1, 0, 1, 0, 1, 1, 1, 1, 0, 1, 1, 0 )
Hint([14,2]+[14,6]+[7,3] add up to 30)
Hint([13,0]+[11,3]+[1,14] add up to 17)
Hint([8,10]+[12,9] add up to 4)
Hint([10,13]+[2,14] add up to 10)
Hint([12,1]+[6,11] add up to 16)
Hint([1,2]+[3,13] add up to 9)
Hint([3,2]+[6,6]+[8,7] add up to 30)
Hint([1,15]+[8,10]+[2,5] add up to 16)
Hint([14,8]+[0,7]+[13,7] add up to 28)
Hint([7,5]+[2,11]+[11,0] add up to 19)
