Level( 5, 8, 9, 4, 7, 6, 1, 2, 3, 2, 4, 6, 3, 9, 1, 7, 5, 8, 3, 7, 1, 8, 2, 5, 4, 6, 9, 6, 3, 4, 9, 5, 7, 8, 1, 2, 9, 5, 7, 1, 8, 2, 3, 4, 6, 1, 2, 8, 6, 3, 4, 9, 7, 5, 7, 9, 5, 2, 4, 3, 6, 8, 1, 4, 1, 3, 5, 6, 8, 2, 9, 7, 8, 6, 2, 7, 1, 9, 5, 3, 4 )
Visible( 0, 0, 0, 0, 0, 1, 0, 1, 0, 0, 1, 0, 0, 0, 0, 1, 0, 0, 0, 0, 0, 1, 1, 0, 0, 1, 0, 0, 0, 0, 0, 0, 0, 0, 0, 0, 1, 1, 1, 0, 0, 0, 0, 0, 1, 1, 0, 0, 1, 1, 1, 0, 0, 0, 0, 1, 0, 1, 0, 0, 0, 0, 0, 0, 0, 0, 0, 0, 0, 0, 0, 1, 1, 0, 0, 0, 1, 1, 1, 0, 1 )
Hint([6,1]+[8,4]+[4,8] add up to 11)
Hint([5,6]+[8,5]+[1,3] add up to 8)
Hint([5,2]+[5,0] add up to 9)
Hint([6,4]+[0,7] add up to 5)
Hint([5,0]+[3,5] add up to 10)
Hint([1,5]+[3,2] add up to 8)
Hint([3,5]+[4,4]+[4,8] add up to 12)
Hint([0,4]+[3,8]+[2,5] add up to 21)
Hint([6,4]+[0,6] add up to 8)
Hint([8,6]+[5,4]+[1,7] add up to 1)
