Level( 5, 7, 2, 8, 1, 9, 3, 6, 4, 1, 3, 9, 4, 6, 2, 5, 8, 7, 6, 8, 4, 7, 3, 5, 1, 2, 9, 8, 5, 1, 3, 9, 6, 4, 7, 2, 7, 4, 3, 2, 5, 8, 9, 1, 6, 9, 2, 6, 1, 4, 7, 8, 5, 3, 3, 6, 8, 9, 7, 1, 2, 4, 5, 2, 9, 7, 5, 8, 4, 6, 3, 1, 4, 1, 5, 6, 2, 3, 7, 9, 8 )
Visible( 0, 0, 0, 0, 1, 0, 0, 0, 0, 1, 0, 1, 0, 1, 0, 0, 1, 0, 1, 1, 1, 0, 0, 0, 0, 0, 0, 0, 0, 0, 1, 0, 0, 0, 1, 0, 0, 1, 1, 0, 0, 1, 0, 0, 0, 1, 0, 1, 0, 0, 1, 0, 1, 0, 0, 0, 1, 0, 0, 0, 0, 1, 1, 0, 0, 0, 0, 0, 1, 0, 1, 1, 0, 0, 1, 0, 1, 0, 1, 0, 0 )
Hint([6,2]+[8,4]+[4,1] add up to 10)
Hint([5,6]+[8,5]+[1,1] add up to 4)
Hint([6,4]+[6,2] add up to 8)
Hint([6,4]+[0,1] add up to 8)
Hint([5,1]+[3,3] add up to 3)
Hint([1,1]+[2,5] add up to 7)
Hint([0,1]+[3,4]+[4,3] add up to 9)
Hint([0,7]+[4,1]+[0,5] add up to 14)
Hint([7,5]+[0,8] add up to 7)
Hint([0,7]+[5,6]+[2,7] add up to 7)
