Level( 2, 3, 7, 5, 6, 1, 8, 4, 9, 9, 5, 6, 4, 7, 8, 1, 3, 2, 1, 8, 4, 9, 2, 3, 6, 7, 5, 5, 4, 2, 3, 1, 6, 7, 9, 8, 6, 7, 3, 8, 9, 4, 5, 2, 1, 8, 9, 1, 7, 5, 2, 3, 6, 4, 7, 6, 5, 2, 8, 9, 4, 1, 3, 3, 2, 8, 1, 4, 7, 9, 5, 6, 4, 1, 9, 6, 3, 5, 2, 8, 7 )
Visible( 0, 0, 1, 1, 0, 0, 1, 0, 0, 0, 0, 0, 1, 0, 0, 0, 0, 1, 0, 0, 0, 0, 0, 1, 0, 1, 0, 0, 0, 0, 0, 1, 0, 1, 0, 0, 1, 0, 0, 0, 0, 1, 0, 1, 1, 1, 1, 0, 0, 1, 0, 1, 0, 0, 0, 0, 1, 0, 1, 0, 0, 0, 0, 0, 1, 0, 1, 0, 0, 0, 0, 1, 0, 0, 1, 0, 1, 0, 0, 0, 0 )
Hint([6,2]+[8,6]+[5,8] add up to 11)
Hint([5,7]+[8,0]+[0,8] add up to 17)
Hint([5,6]+[6,0] add up to 15)
Hint([7,2]+[8,8] add up to 12)
Hint([7,3]+[4,2] add up to 9)
Hint([8,4]+[2,7] add up to 7)
Hint([2,6]+[4,3]+[4,3] add up to 4)
Hint([0,1]+[2,5]+[1,7] add up to 9)
Hint([6,3]+[0,8] add up to 9)
Hint([8,7]+[5,5]+[2,2] add up to 9)
