Level( 8, 6, 2, 3, 7, 9, 5, 1, 4, 9, 7, 5, 4, 8, 1, 2, 3, 6, 1, 3, 4, 2, 5, 6, 7, 8, 9, 2, 1, 3, 9, 6, 5, 4, 7, 8, 7, 9, 6, 8, 2, 4, 3, 5, 1, 4, 5, 8, 1, 3, 7, 9, 6, 2, 5, 8, 7, 6, 9, 2, 1, 4, 3, 6, 4, 9, 7, 1, 3, 8, 2, 5, 3, 2, 1, 5, 4, 8, 6, 9, 7 )
Visible( 0, 1, 1, 1, 0, 0, 0, 0, 0, 0, 0, 0, 0, 0, 0, 0, 0, 0, 1, 0, 0, 1, 0, 0, 1, 1, 0, 0, 0, 0, 1, 1, 0, 0, 0, 0, 0, 1, 0, 0, 0, 1, 0, 1, 0, 0, 0, 1, 0, 0, 1, 0, 1, 0, 0, 0, 1, 0, 0, 0, 0, 1, 1, 0, 1, 0, 0, 0, 0, 1, 0, 0, 0, 0, 1, 1, 0, 1, 0, 0, 0 )
Hint([8,4]+[0,3]+[4,2] add up to 5)
Hint([7,0]+[6,5]+[1,3] add up to 8)
Hint([6,5]+[6,2] add up to 14)
Hint([7,4]+[0,7] add up to 9)
Hint([7,5]+[4,7] add up to 5)
Hint([8,5]+[3,2] add up to 2)
Hint([2,4]+[4,2]+[4,3] add up to 14)
Hint([1,6]+[3,2]+[0,3] add up to 9)
Hint([7,6]+[0,2]+[7,4] add up to 7)
Hint([3,0]+[0,6]+[6,7] add up to 13)
