Level( 5, 6, 4, 7, 2, 3, 1, 9, 8, 9, 7, 8, 6, 1, 5, 3, 2, 4, 1, 2, 3, 4, 8, 9, 7, 5, 6, 4, 5, 6, 1, 3, 8, 9, 7, 2, 8, 1, 9, 2, 7, 6, 5, 4, 3, 2, 3, 7, 9, 5, 4, 8, 6, 1, 6, 9, 5, 8, 4, 1, 2, 3, 7, 7, 4, 1, 3, 9, 2, 6, 8, 5, 3, 8, 2, 5, 6, 7, 4, 1, 9 )
Visible( 0, 1, 0, 0, 0, 0, 1, 0, 0, 1, 0, 1, 1, 0, 0, 0, 1, 1, 1, 0, 0, 1, 1, 0, 0, 0, 1, 0, 0, 0, 0, 0, 1, 0, 1, 0, 0, 0, 1, 1, 0, 1, 1, 0, 0, 0, 1, 0, 0, 0, 1, 0, 0, 0, 0, 0, 1, 0, 0, 0, 0, 0, 0, 1, 1, 0, 1, 0, 0, 1, 0, 0, 0, 0, 0, 0, 0, 0, 0, 1, 1 )
Hint([8,2]+[8,5]+[4,8] add up to 10)
Hint([5,8]+[8,7]+[2,4] add up to 18)
Hint([4,4]+[6,6] add up to 7)
Hint([6,6]+[1,4] add up to 1)
Hint([6,4]+[4,5] add up to 8)
Hint([0,1]+[1,7] add up to 11)
Hint([1,4]+[4,7]+[5,1] add up to 12)
Hint([8,5]+[3,5]+[1,1] add up to 14)
Hint([7,4]+[0,3]+[7,5] add up to 11)
Hint([3,0]+[0,4]+[5,7] add up to 14)
