Level( 2, 3, 8, 4, 9, 7, 1, 6, 5, 5, 1, 7, 8, 6, 3, 2, 4, 9, 6, 9, 4, 5, 2, 1, 8, 3, 7, 8, 2, 5, 9, 7, 4, 6, 1, 3, 3, 4, 6, 1, 5, 8, 7, 9, 2, 9, 7, 1, 2, 3, 6, 5, 8, 4, 7, 5, 3, 6, 8, 9, 4, 2, 1, 4, 8, 9, 7, 1, 2, 3, 5, 6, 1, 6, 2, 3, 4, 5, 9, 7, 8 )
Visible( 0, 0, 0, 0, 0, 0, 0, 0, 1, 1, 0, 1, 0, 0, 0, 0, 0, 0, 0, 0, 0, 0, 1, 0, 0, 1, 0, 0, 1, 0, 1, 0, 1, 0, 1, 0, 0, 0, 1, 0, 0, 0, 1, 1, 0, 0, 0, 0, 0, 0, 1, 0, 0, 0, 0, 0, 0, 0, 1, 0, 1, 1, 0, 1, 0, 0, 1, 0, 0, 0, 0, 1, 1, 0, 0, 1, 0, 0, 0, 0, 1 )
Hint([8,2]+[8,8]+[5,6] add up to 21)
Hint([6,2]+[7,4]+[1,4] add up to 18)
Hint([5,7]+[7,1] add up to 4)
Hint([7,6]+[1,7] add up to 8)
Hint([6,2]+[4,4] add up to 11)
Hint([0,8]+[4,5] add up to 2)
Hint([2,0]+[3,1]+[4,3] add up to 20)
Hint([1,0]+[2,5]+[1,7] add up to 9)
Hint([7,1]+[8,1] add up to 11)
Hint([8,4]+[4,4]+[1,3] add up to 6)
