Level( 5, 2, 4, 6, 9, 1, 8, 3, 7, 8, 1, 3, 4, 2, 7, 5, 9, 6, 6, 9, 7, 3, 5, 8, 1, 4, 2, 3, 6, 9, 2, 8, 4, 7, 1, 5, 4, 8, 1, 7, 3, 5, 6, 2, 9, 7, 5, 2, 1, 6, 9, 4, 8, 3, 2, 7, 8, 9, 4, 6, 3, 5, 1, 1, 3, 5, 8, 7, 2, 9, 6, 4, 9, 4, 6, 5, 1, 3, 2, 7, 8 )
Visible( 0, 0, 0, 0, 0, 0, 0, 0, 0, 1, 0, 1, 1, 0, 1, 0, 0, 0, 0, 0, 0, 1, 0, 0, 1, 0, 1, 0, 1, 0, 0, 0, 0, 0, 1, 0, 0, 0, 1, 0, 0, 1, 1, 1, 0, 0, 1, 0, 1, 0, 1, 0, 0, 0, 1, 0, 1, 0, 1, 0, 0, 0, 0, 0, 0, 0, 0, 0, 0, 1, 0, 1, 0, 0, 0, 0, 0, 0, 0, 1, 0 )
Hint([6,5]+[0,1]+[3,4] add up to 16)
Hint([7,6]+[8,2]+[1,3] add up to 10)
Hint([4,8]+[7,1] add up to 8)
Hint([7,2]+[8,0] add up to 9)
Hint([5,7]+[5,7] add up to 2)
Hint([0,3]+[2,5] add up to 3)
Hint([2,7]+[5,8]+[6,6] add up to 8)
Hint([0,6]+[3,0]+[8,7] add up to 9)
Hint([8,8]+[1,2] add up to 15)
Hint([0,8]+[5,8]+[3,0] add up to 15)
