Level( 4, 8, 1, 5, 3, 9, 7, 6, 2, 9, 3, 6, 2, 1, 7, 4, 5, 8, 2, 5, 7, 8, 4, 6, 9, 1, 3, 1, 9, 4, 7, 2, 5, 3, 8, 6, 3, 6, 8, 1, 9, 4, 5, 2, 7, 7, 2, 5, 6, 8, 3, 1, 9, 4, 8, 4, 3, 9, 5, 2, 6, 7, 1, 5, 7, 2, 3, 6, 1, 8, 4, 9, 6, 1, 9, 4, 7, 8, 2, 3, 5 )
Visible( 0, 0, 0, 0, 0, 1, 0, 0, 0, 0, 1, 0, 1, 1, 0, 0, 0, 0, 1, 1, 0, 0, 0, 1, 0, 1, 0, 0, 0, 1, 0, 0, 0, 0, 0, 1, 0, 1, 0, 0, 0, 0, 0, 0, 0, 0, 1, 0, 0, 1, 1, 0, 0, 0, 0, 1, 1, 0, 1, 0, 0, 1, 0, 0, 0, 0, 0, 0, 0, 1, 0, 1, 0, 0, 1, 1, 0, 0, 1, 0, 0 )
Hint([6,0]+[8,2]+[3,6] add up to 16)
Hint([7,7]+[8,0]+[0,5] add up to 10)
Hint([4,2]+[5,5] add up to 5)
Hint([6,2]+[8,1] add up to 15)
Hint([7,1]+[4,3] add up to 5)
Hint([1,2]+[2,8] add up to 12)
Hint([0,8]+[5,7]+[5,5] add up to 7)
Hint([0,5]+[3,3]+[0,6] add up to 19)
Hint([8,3]+[0,5] add up to 11)
Hint([7,1]+[4,4]+[2,7] add up to 13)
