Level( 7, 5, 1, 9, 2, 6, 3, 8, 4, 8, 3, 6, 5, 1, 4, 9, 2, 7, 4, 2, 9, 7, 8, 3, 1, 5, 6, 9, 6, 8, 1, 4, 5, 2, 7, 3, 2, 1, 7, 6, 3, 8, 5, 4, 9, 3, 4, 5, 2, 7, 9, 8, 6, 1, 5, 7, 3, 4, 9, 2, 6, 1, 8, 1, 8, 2, 3, 6, 7, 4, 9, 5, 6, 9, 4, 8, 5, 1, 7, 3, 2 )
Visible( 0, 0, 0, 1, 0, 0, 0, 0, 1, 0, 0, 1, 0, 1, 0, 0, 1, 0, 0, 0, 0, 0, 0, 1, 0, 1, 0, 0, 0, 0, 0, 1, 1, 0, 0, 0, 1, 1, 0, 0, 0, 0, 0, 0, 0, 0, 1, 0, 1, 0, 0, 1, 0, 0, 1, 0, 1, 0, 1, 1, 1, 0, 0, 1, 0, 0, 0, 1, 0, 0, 0, 1, 0, 1, 0, 1, 0, 0, 0, 1, 0 )
Hint([6,3]+[8,5]+[4,6] add up to 9)
Hint([7,1]+[6,0]+[0,3] add up to 11)
Hint([4,5]+[6,6] add up to 11)
Hint([5,1]+[8,4] add up to 11)
Hint([7,7]+[5,0] add up to 13)
Hint([8,3]+[2,0] add up to 2)
Hint([3,5]+[4,1] add up to 1)
Hint([6,5]+[1,6] add up to 13)
Hint([1,4]+[0,4] add up to 1)
Hint([8,1]+[7,6]+[8,8] add up to 7)
