Level( 5, 8, 3, 9, 6, 4, 7, 2, 1, 2, 4, 6, 1, 7, 5, 3, 8, 9, 9, 1, 7, 3, 2, 8, 6, 5, 4, 8, 7, 9, 6, 5, 2, 4, 1, 3, 6, 3, 5, 4, 8, 1, 2, 9, 7, 1, 2, 4, 7, 9, 3, 5, 6, 8, 4, 6, 1, 5, 3, 9, 8, 7, 2, 7, 9, 2, 8, 4, 6, 1, 3, 5, 3, 5, 8, 2, 1, 7, 9, 4, 6 )
Visible( 0, 0, 0, 0, 1, 1, 0, 0, 1, 0, 0, 0, 1, 0, 0, 0, 0, 0, 1, 0, 0, 0, 1, 1, 1, 0, 0, 0, 1, 0, 0, 0, 0, 0, 0, 0, 0, 0, 1, 0, 1, 0, 0, 0, 0, 1, 1, 1, 1, 0, 0, 0, 0, 0, 1, 1, 0, 1, 0, 1, 0, 1, 0, 0, 0, 0, 0, 0, 0, 1, 0, 0, 1, 1, 1, 0, 0, 0, 1, 0, 0 )
Hint([8,5]+[0,8]+[5,0] add up to 12)
Hint([6,3]+[7,2]+[0,5] add up to 7)
Hint([5,1]+[5,4] add up to 4)
Hint([6,6]+[1,8] add up to 11)
Hint([5,5]+[5,1] add up to 6)
Hint([8,7]+[3,0] add up to 12)
Hint([0,0]+[3,0] add up to 12)
Hint([4,0]+[8,8] add up to 10)
Hint([2,6]+[0,5] add up to 0)
Hint([0,5]+[7,6]+[0,6] add up to 9)
