Level( 7, 9, 4, 6, 5, 3, 2, 1, 8, 1, 3, 6, 8, 2, 4, 5, 9, 7, 2, 5, 8, 1, 7, 9, 4, 3, 6, 8, 1, 5, 9, 3, 2, 7, 6, 4, 4, 7, 9, 5, 8, 6, 3, 2, 1, 6, 2, 3, 7, 4, 1, 8, 5, 9, 9, 4, 2, 3, 1, 7, 6, 8, 5, 5, 6, 7, 2, 9, 8, 1, 4, 3, 3, 8, 1, 4, 6, 5, 9, 7, 2 )
Visible( 1, 0, 0, 0, 0, 0, 0, 1, 0, 0, 1, 0, 1, 0, 0, 1, 0, 0, 0, 0, 1, 0, 0, 0, 0, 0, 0, 0, 0, 0, 0, 1, 0, 1, 1, 0, 0, 0, 0, 1, 0, 0, 0, 1, 0, 1, 0, 0, 0, 1, 1, 1, 0, 0, 1, 0, 1, 1, 0, 0, 1, 0, 0, 1, 0, 0, 0, 0, 1, 0, 0, 1, 0, 0, 0, 1, 1, 0, 0, 1, 0 )
Hint([6,2]+[8,0]+[3,7] add up to 11)
Hint([5,7]+[8,3]+[1,6] add up to 13)
Hint([5,1]+[5,1] add up to 6)
Hint([7,5]+[0,6] add up to 12)
Hint([5,1]+[3,6] add up to 5)
Hint([1,0]+[1,3] add up to 8)
Hint([1,1]+[3,5]+[5,5] add up to 8)
Hint([1,7]+[4,3]+[0,3] add up to 14)
Hint([6,7]+[1,8]+[8,1] add up to 13)
Hint([5,8]+[3,3]+[5,6] add up to 18)
