Level( 5, 2, 6, 8, 1, 9, 7, 3, 4, 4, 3, 7, 6, 5, 2, 9, 8, 1, 9, 1, 8, 4, 7, 3, 2, 5, 6, 7, 6, 9, 5, 8, 4, 1, 2, 3, 3, 8, 1, 9, 2, 6, 4, 7, 5, 2, 4, 5, 1, 3, 7, 6, 9, 8, 1, 7, 3, 2, 6, 5, 8, 4, 9, 8, 9, 2, 3, 4, 1, 5, 6, 7, 6, 5, 4, 7, 9, 8, 3, 1, 2 )
Visible( 0, 0, 0, 1, 1, 0, 0, 1, 0, 0, 0, 0, 1, 0, 1, 1, 0, 0, 1, 0, 1, 0, 0, 0, 0, 1, 0, 0, 1, 0, 0, 0, 1, 0, 0, 0, 0, 1, 0, 1, 0, 1, 0, 0, 0, 0, 0, 1, 0, 1, 0, 1, 1, 0, 0, 0, 1, 0, 0, 0, 0, 0, 0, 0, 0, 0, 0, 1, 1, 0, 0, 1, 0, 1, 0, 0, 0, 0, 1, 0, 0 )
Hint([8,7]+[1,2]+[4,0] add up to 6)
Hint([5,5]+[8,8]+[2,3] add up to 15)
Hint([5,7]+[7,2] add up to 4)
Hint([5,7]+[1,5] add up to 3)
Hint([7,3]+[4,7] add up to 4)
Hint([8,2]+[2,1] add up to 11)
Hint([3,0]+[3,3]+[4,7] add up to 14)
Hint([1,6]+[3,1]+[0,3] add up to 17)
Hint([7,5]+[0,3]+[7,8] add up to 14)
Hint([4,6]+[2,1] add up to 11)
