Level( 4, 5, B, E, 6, 2, C, 1, 0, D, 7, 8, 3, A, 9, F, F, 6, A, D, 7, 8, 9, 0, E, 3, 1, 2, 5, B, C, 4, C, 7, 8, 9, 4, E, D, 3, F, A, B, 5, 6, 2, 1, 0, 3, 0, 1, 2, A, 5, B, F, C, 9, 6, 4, D, 7, 8, E, 9, A, E, 5, B, C, 1, 8, 4, 7, D, 3, F, 0, 2, 6, 1, B, 6, 3, 0, D, 2, 7, A, 8, 5, F, 4, C, E, 9, 8, 2, C, 4, F, 9, E, A, B, 6, 0, 1, 7, 3, 5, D, 0, D, F, 7, 5, 3, 4, 6, 2, E, C, 9, 8, 1, B, A, B, E, D, 6, 2, 0, F, C, 8, 4, A, 7, 9, 5, 3, 1, A, 8, 0, F, 9, 4, 3, B, 1, 5, 2, E, C, D, 6, 7, 5, 9, 3, 1, 8, A, 7, D, 6, 0, F, C, 2, E, 4, B, 2, 4, 7, C, 1, 6, 5, E, 9, B, 3, D, A, F, 0, 8, 7, 3, 9, 8, C, B, A, 4, 5, F, E, 0, 1, 6, D, 2, 6, F, 5, B, E, 1, 8, 2, D, C, 4, A, 0, 9, 7, 3, D, C, 2, 0, 3, F, 6, 9, 7, 1, 8, B, E, 4, A, 5, E, 1, 4, A, D, 7, 0, 5, 3, 2, 9, 6, B, 8, F, C )
Visible( 0, 0, 0, 1, 1, 1, 1, 1, 1, 1, 0, 1, 1, 1, 0, 0, 0, 1, 0, 1, 0, 0, 1, 0, 1, 1, 1, 0, 1, 0, 0, 1, 0, 1, 0, 1, 1, 1, 0, 1, 0, 0, 0, 1, 0, 0, 1, 0, 0, 0, 0, 0, 1, 0, 0, 0, 1, 0, 1, 1, 1, 0, 0, 0, 0, 0, 0, 1, 0, 1, 0, 0, 1, 0, 1, 0, 0, 1, 0, 1, 0, 0, 0, 0, 0, 1, 0, 1, 0, 1, 0, 0, 0, 1, 0, 1, 0, 0, 1, 0, 1, 1, 1, 0, 0, 0, 1, 0, 0, 1, 1, 0, 1, 1, 0, 1, 0, 0, 1, 1, 1, 0, 1, 1, 0, 0, 0, 0, 1, 1, 0, 0, 1, 1, 0, 0, 0, 0, 1, 0, 0, 0, 0, 1, 0, 1, 1, 1, 1, 0, 1, 0, 1, 1, 1, 0, 1, 0, 1, 1, 1, 1, 0, 1, 1, 1, 1, 0, 1, 1, 0, 0, 1, 0, 1, 0, 1, 1, 0, 1, 0, 1, 1, 1, 1, 0, 0, 1, 1, 0, 0, 0, 0, 1, 1, 1, 1, 1, 0, 0, 1, 1, 0, 1, 0, 1, 1, 1, 1, 1, 1, 1, 1, 1, 0, 1, 1, 1, 1, 1, 0, 0, 1, 0, 1, 0, 0, 1, 0, 0, 0, 1, 1, 1, 1, 1, 0, 1, 1, 0, 0, 1, 0, 1, 1, 0, 1, 0, 1, 0, 0, 0, 1, 0, 0, 1 )
Hint([12,8]+[0,13]+[9,9] add up to 20)
Hint([10,1]+[11,5]+[2,13] add up to 21)
Hint([7,11]+[12,6] add up to 21)
Hint([13,5]+[0,6] add up to 20)
Hint([12,14]+[10,15] add up to 23)
Hint([14,9]+[5,13] add up to 7)
Hint([2,9]+[7,10]+[9,4] add up to 20)
Hint([0,12]+[7,13]+[3,2] add up to 18)
Hint([12,11]+[1,2]+[12,7] add up to 25)
Hint([7,6]+[3,2]+[8,13] add up to 32)
