Level( 1, 2, 6, 3, 9, 5, 4, 7, 8, 3, 5, 9, 8, 4, 7, 2, 1, 6, 7, 4, 8, 2, 6, 1, 9, 3, 5, 8, 7, 3, 1, 2, 4, 5, 6, 9, 4, 6, 5, 7, 8, 9, 3, 2, 1, 2, 9, 1, 5, 3, 6, 8, 4, 7, 5, 3, 2, 6, 7, 8, 1, 9, 4, 6, 8, 4, 9, 1, 2, 7, 5, 3, 9, 1, 7, 4, 5, 3, 6, 8, 2 )
Visible( 0, 0, 0, 1, 0, 0, 0, 0, 0, 0, 0, 1, 0, 0, 0, 0, 0, 1, 0, 0, 1, 1, 0, 1, 0, 1, 0, 0, 0, 1, 1, 0, 0, 0, 0, 1, 0, 1, 0, 0, 1, 0, 0, 0, 0, 1, 0, 0, 1, 0, 1, 1, 0, 0, 0, 1, 0, 0, 0, 0, 0, 0, 1, 1, 1, 0, 0, 0, 0, 1, 0, 0, 0, 0, 0, 1, 0, 0, 0, 0, 1 )
Hint([8,3]+[8,0]+[3,2] add up to 16)
Hint([5,6]+[8,8]+[2,5] add up to 8)
Hint([5,8]+[7,4] add up to 3)
Hint([6,3]+[0,2] add up to 10)
Hint([5,8]+[5,1] add up to 8)
Hint([8,1]+[2,1] add up to 13)
Hint([2,5]+[4,8]+[5,6] add up to 11)
Hint([1,8]+[4,0]+[8,6] add up to 11)
Hint([6,7]+[1,3] add up to 12)
Hint([7,5]+[5,2]+[1,6] add up to 5)
