Level( 8, 4, 9, C, 7, 2, A, D, 6, E, B, 0, 1, F, 5, 3, 6, E, 0, 1, 3, 8, B, 9, 5, 2, 4, F, D, 7, C, A, 3, F, D, 5, 6, 4, 0, C, 7, 1, 9, A, E, 8, 2, B, 2, 7, B, A, 1, 5, F, E, C, 8, 3, D, 9, 4, 6, 0, E, 9, 5, B, F, 6, C, 4, 0, 7, A, 1, 8, D, 3, 2, 4, 6, 8, F, A, E, 5, 0, D, 3, 2, 9, B, 1, 7, C, A, 0, 2, 7, D, B, 3, 1, 4, 5, C, 8, F, 6, E, 9, C, 1, 3, D, 8, 9, 7, 2, B, F, 6, E, A, 5, 0, 4, 1, 8, C, 4, 2, 3, 9, B, E, 0, 5, 7, 6, A, F, D, 5, 2, F, 6, 0, 7, 8, A, 9, 4, D, C, 3, E, B, 1, 7, 3, A, 0, E, D, 4, 5, F, B, 1, 6, C, 2, 9, 8, D, B, E, 9, C, 1, 6, F, 3, A, 8, 2, 7, 0, 4, 5, F, 5, 6, 8, B, 0, D, 3, A, 9, 7, 4, 2, C, 1, E, B, A, 4, E, 9, C, 1, 6, 2, D, F, 5, 0, 3, 8, 7, 9, D, 7, 2, 5, F, E, 8, 1, C, 0, 3, 4, B, A, 6, 0, C, 1, 3, 4, A, 2, 7, 8, 6, E, B, 5, 9, D, F )
Visible( 0, 0, 0, 1, 1, 0, 1, 0, 1, 1, 1, 0, 1, 0, 1, 0, 0, 0, 0, 0, 0, 0, 0, 0, 0, 0, 1, 0, 0, 1, 0, 0, 0, 0, 1, 1, 1, 0, 1, 1, 0, 1, 0, 0, 1, 1, 0, 0, 1, 1, 0, 1, 0, 0, 0, 1, 1, 0, 1, 1, 0, 1, 1, 0, 0, 1, 0, 0, 0, 1, 1, 0, 1, 1, 0, 1, 0, 1, 1, 0, 0, 1, 0, 1, 0, 0, 1, 0, 0, 0, 0, 0, 0, 0, 0, 0, 1, 1, 1, 1, 0, 0, 0, 1, 0, 0, 1, 0, 0, 0, 1, 0, 1, 0, 1, 1, 1, 1, 0, 0, 0, 0, 0, 0, 0, 1, 1, 1, 1, 1, 1, 1, 1, 1, 1, 0, 0, 0, 0, 1, 1, 1, 0, 0, 1, 1, 0, 1, 1, 1, 1, 1, 1, 0, 1, 1, 0, 1, 1, 1, 1, 1, 0, 1, 0, 0, 1, 1, 1, 0, 0, 0, 1, 0, 1, 1, 1, 0, 1, 1, 0, 0, 0, 1, 0, 0, 1, 0, 0, 1, 0, 0, 1, 1, 0, 1, 1, 1, 1, 1, 1, 0, 1, 0, 1, 1, 0, 0, 1, 0, 1, 0, 1, 0, 0, 1, 0, 0, 1, 1, 0, 0, 1, 0, 1, 1, 1, 0, 0, 0, 1, 0, 0, 1, 1, 1, 1, 0, 1, 1, 1, 1, 0, 1, 0, 0, 1, 1, 1, 1, 0, 1, 1, 0, 1, 1 )
Hint([14,1]+[14,7]+[8,6] add up to 16)
Hint([11,0]+[11,14]+[4,10] add up to 17)
Hint([9,11]+[12,9] add up to 13)
Hint([10,14]+[2,11] add up to 14)
Hint([10,6]+[8,1] add up to 17)
Hint([1,6]+[4,1] add up to 3)
Hint([5,5]+[6,6] add up to 17)
Hint([10,8]+[1,10]+[6,15] add up to 10)
Hint([0,3]+[11,5] add up to 11)
Hint([11,1]+[13,4] add up to 28)
