Level( 2, 8, 7, 9, 6, 4, 5, 3, 1, 9, 1, 6, 3, 5, 7, 2, 8, 4, 3, 4, 5, 2, 8, 1, 9, 7, 6, 5, 6, 4, 7, 1, 8, 3, 2, 9, 7, 3, 1, 4, 2, 9, 8, 6, 5, 8, 9, 2, 5, 3, 6, 4, 1, 7, 4, 7, 8, 1, 9, 3, 6, 5, 2, 6, 5, 9, 8, 7, 2, 1, 4, 3, 1, 2, 3, 6, 4, 5, 7, 9, 8 )
Visible( 0, 1, 0, 0, 0, 1, 1, 1, 0, 1, 0, 1, 1, 0, 1, 0, 0, 0, 0, 0, 0, 0, 0, 1, 0, 0, 0, 1, 0, 0, 0, 0, 0, 1, 0, 0, 1, 1, 1, 0, 0, 1, 0, 0, 0, 0, 0, 0, 0, 0, 0, 1, 0, 0, 0, 0, 0, 0, 0, 0, 0, 0, 0, 1, 0, 0, 1, 0, 1, 0, 0, 0, 1, 0, 0, 1, 0, 1, 0, 1, 1 )
Hint([7,1]+[8,8]+[5,4] add up to 22)
Hint([6,8]+[8,8]+[2,1] add up to 18)
Hint([4,1]+[5,1] add up to 10)
Hint([5,1]+[8,7] add up to 8)
Hint([6,0]+[3,2] add up to 5)
Hint([8,8]+[4,5] add up to 9)
Hint([0,5]+[4,0]+[3,6] add up to 12)
Hint([8,3]+[3,1]+[0,7] add up to 15)
Hint([7,2]+[0,3] add up to 10)
Hint([8,4]+[4,1]+[1,1] add up to 8)
