Level( 6, 3, 7, 9, 5, 4, 8, 1, 2, 8, 1, 9, 3, 6, 2, 7, 5, 4, 5, 2, 4, 8, 7, 1, 3, 9, 6, 4, 8, 2, 5, 3, 6, 9, 7, 1, 1, 5, 3, 2, 9, 7, 4, 6, 8, 7, 9, 6, 4, 1, 8, 5, 2, 3, 3, 6, 5, 1, 8, 9, 2, 4, 7, 9, 4, 1, 7, 2, 3, 6, 8, 5, 2, 7, 8, 6, 4, 5, 1, 3, 9 )
Visible( 1, 0, 1, 0, 1, 0, 0, 1, 1, 0, 0, 0, 0, 0, 1, 1, 0, 0, 0, 0, 0, 1, 0, 0, 0, 1, 0, 0, 1, 1, 0, 1, 1, 0, 0, 0, 0, 0, 0, 0, 0, 0, 0, 0, 0, 1, 1, 0, 0, 0, 1, 1, 0, 0, 0, 0, 1, 0, 0, 1, 0, 1, 0, 0, 0, 1, 0, 0, 0, 0, 0, 0, 1, 0, 0, 0, 0, 0, 1, 0, 1 )
Hint([6,3]+[8,8]+[5,2] add up to 16)
Hint([5,5]+[7,1]+[0,7] add up to 19)
Hint([5,2]+[5,4] add up to 6)
Hint([6,2]+[8,8] add up to 10)
Hint([6,8]+[5,0] add up to 3)
Hint([8,3]+[2,4] add up to 2)
Hint([2,4]+[4,2]+[4,3] add up to 10)
Hint([8,8]+[4,5]+[1,0] add up to 10)
Hint([6,1]+[8,3]+[7,5] add up to 7)
Hint([3,6]+[2,5]+[6,4] add up to 8)
