Level( 4, 8, 5, 3, 7, 9, 6, 2, 1, 7, 3, 6, 2, 8, 1, 5, 4, 9, 1, 2, 9, 6, 5, 4, 3, 7, 8, 2, 4, 7, 8, 9, 5, 1, 3, 6, 3, 5, 8, 4, 1, 6, 7, 9, 2, 6, 9, 1, 7, 3, 2, 4, 8, 5, 9, 7, 3, 1, 6, 8, 2, 5, 4, 8, 1, 2, 5, 4, 3, 9, 6, 7, 5, 6, 4, 9, 2, 7, 8, 1, 3 )
Visible( 0, 1, 1, 0, 1, 0, 1, 0, 0, 1, 0, 0, 0, 0, 1, 1, 0, 0, 1, 0, 0, 1, 0, 0, 1, 0, 0, 0, 1, 0, 0, 0, 1, 0, 1, 0, 1, 0, 0, 1, 0, 0, 1, 0, 0, 0, 0, 1, 0, 0, 1, 0, 0, 0, 0, 0, 1, 0, 0, 0, 0, 1, 0, 1, 0, 1, 0, 0, 1, 1, 0, 0, 0, 1, 0, 1, 0, 0, 0, 0, 0 )
Hint([6,8]+[1,5]+[4,5] add up to 17)
Hint([5,6]+[8,2]+[1,7] add up to 14)
Hint([6,2]+[6,6] add up to 3)
Hint([6,2]+[8,7] add up to 8)
Hint([5,8]+[5,6] add up to 13)
Hint([0,5]+[3,3] add up to 12)
Hint([1,5]+[4,4]+[4,4] add up to 8)
Hint([8,2]+[2,2]+[0,7] add up to 22)
Hint([6,7]+[1,4] add up to 12)
Hint([8,5]+[4,0]+[0,3] add up to 11)
