Level( 8, 5, 4, 7, 9, 3, 6, 1, 2, 6, 7, 1, 8, 5, 2, 9, 4, 3, 2, 9, 3, 6, 4, 1, 5, 8, 7, 4, 6, 7, 9, 3, 8, 1, 2, 5, 9, 3, 8, 2, 1, 5, 7, 6, 4, 1, 2, 5, 4, 6, 7, 3, 9, 8, 5, 1, 2, 3, 8, 9, 4, 7, 6, 3, 8, 6, 1, 7, 4, 2, 5, 9, 7, 4, 9, 5, 2, 6, 8, 3, 1 )
Visible( 0, 0, 0, 0, 1, 1, 0, 0, 1, 0, 0, 0, 1, 1, 0, 1, 1, 0, 0, 0, 1, 0, 0, 1, 0, 0, 0, 0, 0, 0, 0, 0, 0, 1, 0, 0, 0, 0, 0, 0, 1, 1, 1, 0, 1, 0, 1, 0, 0, 1, 0, 0, 1, 1, 0, 0, 0, 0, 1, 0, 0, 0, 0, 1, 0, 1, 0, 0, 0, 0, 0, 0, 1, 1, 0, 0, 0, 0, 1, 0, 0 )
Hint([8,6]+[0,2]+[3,1] add up to 13)
Hint([5,3]+[7,2]+[1,2] add up to 22)
Hint([4,1]+[5,5] add up to 10)
Hint([6,2]+[8,3] add up to 8)
Hint([7,5]+[4,4] add up to 8)
Hint([0,2]+[2,8] add up to 9)
Hint([3,1]+[3,2]+[4,3] add up to 14)
Hint([8,3]+[3,0]+[8,2] add up to 16)
Hint([8,3]+[0,0]+[6,3] add up to 11)
Hint([4,2]+[1,0]+[4,6] add up to 14)
