Level( 1, 3, 4, 5, 2, 9, 7, 6, 8, 7, 5, 8, 1, 4, 6, 2, 9, 3, 6, 2, 9, 7, 8, 3, 5, 4, 1, 8, 6, 5, 9, 7, 4, 3, 1, 2, 3, 7, 2, 6, 5, 1, 4, 8, 9, 9, 4, 1, 2, 3, 8, 6, 5, 7, 2, 9, 3, 8, 6, 5, 1, 7, 4, 4, 8, 6, 3, 1, 7, 9, 2, 5, 5, 1, 7, 4, 9, 2, 8, 3, 6 )
Visible( 0, 0, 0, 0, 1, 0, 0, 0, 0, 0, 0, 0, 1, 0, 0, 1, 1, 0, 0, 0, 0, 1, 1, 0, 0, 1, 1, 0, 0, 0, 0, 0, 0, 0, 0, 0, 0, 1, 0, 1, 0, 0, 0, 1, 0, 1, 0, 1, 0, 0, 0, 0, 0, 0, 0, 0, 1, 0, 0, 1, 0, 1, 0, 1, 0, 1, 0, 1, 0, 0, 1, 1, 0, 1, 1, 1, 0, 0, 0, 0, 1 )
Hint([6,7]+[1,0]+[3,0] add up to 14)
Hint([5,1]+[6,7]+[2,6] add up to 15)
Hint([4,2]+[5,7] add up to 13)
Hint([6,3]+[0,2] add up to 7)
Hint([7,5]+[4,8] add up to 12)
Hint([0,6]+[3,4] add up to 6)
Hint([3,7]+[5,4]+[4,4] add up to 6)
Hint([0,3]+[3,4]+[1,1] add up to 16)
Hint([7,0]+[8,1]+[6,3] add up to 9)
Hint([4,7]+[2,4]+[5,5] add up to 8)
