Level( 5, 6, 8, 7, 4, 3, 9, 2, 1, 7, 1, 9, 6, 2, 5, 4, 3, 8, 3, 2, 4, 8, 9, 1, 5, 6, 7, 8, 9, 5, 1, 3, 6, 7, 4, 2, 1, 4, 7, 2, 5, 8, 6, 9, 3, 2, 3, 6, 9, 7, 4, 1, 8, 5, 9, 8, 2, 4, 1, 7, 3, 5, 6, 4, 5, 1, 3, 6, 2, 8, 7, 9, 6, 7, 3, 5, 8, 9, 2, 1, 4 )
Visible( 0, 0, 0, 0, 0, 1, 1, 0, 0, 1, 0, 0, 0, 1, 0, 0, 0, 1, 0, 0, 0, 0, 1, 1, 0, 1, 0, 1, 0, 1, 0, 1, 0, 0, 0, 1, 0, 0, 0, 0, 0, 0, 0, 1, 0, 0, 1, 1, 0, 1, 0, 0, 0, 1, 0, 1, 0, 0, 0, 0, 0, 0, 1, 1, 0, 1, 0, 1, 0, 0, 1, 0, 1, 0, 0, 0, 1, 0, 1, 0, 0 )
Hint([7,2]+[8,1]+[3,2] add up to 19)
Hint([7,0]+[6,5]+[2,6] add up to 2)
Hint([4,1]+[5,7] add up to 2)
Hint([5,8]+[1,4] add up to 11)
Hint([6,3]+[4,3] add up to 8)
Hint([0,7]+[3,2] add up to 10)
Hint([3,6]+[4,8]+[5,6] add up to 16)
Hint([0,5]+[3,0]+[0,6] add up to 15)
Hint([7,4]+[0,4] add up to 8)
Hint([8,3]+[4,1]+[1,0] add up to 7)
