Level( 9, 8, D, 5, A, E, 0, F, B, 3, C, 4, 2, 7, 1, 6, A, E, C, 3, 8, 5, 9, 1, 2, 6, 7, 0, 4, F, B, D, 4, 1, 0, 2, 3, B, 7, 6, 5, 8, D, F, 9, A, C, E, 7, 6, F, B, C, 4, D, 2, 9, E, 1, A, 8, 0, 5, 3, E, 9, 1, D, 2, 7, A, C, 3, 4, 0, 5, B, 8, 6, F, 3, B, 7, 8, 5, D, F, 4, E, A, 6, 1, C, 9, 2, 0, C, 4, 6, A, 0, 8, 3, E, F, 2, 9, B, 1, D, 7, 5, 2, 0, 5, F, 6, 1, B, 9, D, 7, 8, C, A, E, 3, 4, 8, 7, B, E, 9, 6, 4, 0, 1, C, 5, 2, F, 3, D, A, 1, 2, 3, C, 7, F, 8, 5, A, D, 4, E, 0, 6, 9, B, 0, D, A, 6, E, C, 1, B, 7, F, 3, 9, 5, 2, 4, 8, F, 5, 4, 9, D, 3, 2, A, 6, 0, B, 8, 7, C, E, 1, 6, 3, 8, 4, B, 2, 5, 7, 0, 9, A, D, E, 1, F, C, 5, A, E, 1, F, 9, 6, 8, C, B, 2, 3, D, 4, 0, 7, B, C, 9, 7, 4, 0, E, D, 8, 1, F, 6, 3, 5, A, 2, D, F, 2, 0, 1, A, C, 3, 4, 5, E, 7, 6, B, 8, 9 )
Visible( 1, 1, 1, 0, 1, 0, 1, 0, 1, 1, 0, 1, 1, 1, 0, 1, 0, 0, 1, 0, 0, 1, 0, 0, 1, 0, 1, 1, 0, 1, 1, 1, 1, 1, 1, 0, 1, 1, 1, 0, 1, 1, 0, 0, 1, 1, 1, 1, 0, 0, 0, 0, 0, 0, 1, 1, 1, 1, 1, 0, 0, 1, 0, 0, 1, 0, 1, 1, 0, 0, 0, 0, 0, 1, 0, 1, 1, 0, 0, 1, 0, 1, 1, 1, 1, 1, 1, 1, 1, 0, 0, 1, 0, 0, 0, 0, 0, 1, 0, 0, 0, 1, 0, 0, 1, 0, 0, 0, 1, 0, 0, 1, 0, 0, 1, 1, 0, 1, 1, 1, 0, 0, 0, 0, 0, 1, 1, 0, 0, 0, 0, 0, 0, 1, 0, 0, 1, 0, 1, 1, 1, 1, 1, 0, 0, 1, 0, 1, 1, 1, 1, 0, 0, 0, 0, 1, 0, 0, 1, 0, 1, 0, 1, 0, 0, 0, 1, 1, 1, 1, 1, 0, 0, 1, 0, 1, 1, 1, 0, 0, 0, 1, 0, 0, 1, 0, 1, 0, 1, 0, 1, 1, 0, 1, 1, 1, 1, 0, 0, 0, 0, 1, 0, 1, 0, 1, 0, 0, 1, 0, 1, 0, 0, 0, 1, 1, 0, 0, 0, 0, 0, 1, 0, 1, 1, 1, 1, 0, 1, 0, 1, 1, 0, 0, 0, 1, 1, 0, 1, 1, 0, 0, 0, 0, 0, 0, 0, 0, 0, 0, 0, 0, 0, 0, 0, 0 )
Hint([14,11]+[1,12]+[9,2] add up to 25)
Hint([11,9]+[14,2]+[1,6] add up to 30)
Hint([9,7]+[11,0] add up to 11)
Hint([9,1]+[15,3] add up to 9)
Hint([9,5]+[7,14] add up to 23)
Hint([1,2]+[3,5] add up to 9)
Hint([2,7]+[7,0]+[6,7] add up to 31)
Hint([1,10]+[6,5]+[1,4] add up to 37)
Hint([14,14]+[2,11]+[14,0] add up to 15)
Hint([7,1]+[1,8]+[10,1] add up to 15)
