Level( 2, 8, 4, 6, 5, 7, 3, 9, 1, 6, 7, 3, 8, 9, 1, 5, 4, 2, 5, 9, 1, 2, 3, 4, 8, 6, 7, 1, 4, 9, 5, 2, 6, 7, 8, 3, 8, 3, 2, 1, 7, 9, 4, 5, 6, 7, 6, 5, 3, 4, 8, 2, 1, 9, 9, 2, 8, 4, 6, 3, 1, 7, 5, 4, 5, 6, 7, 1, 2, 9, 3, 8, 3, 1, 7, 9, 8, 5, 6, 2, 4 )
Visible( 0, 0, 1, 0, 1, 0, 0, 0, 0, 0, 0, 0, 0, 1, 1, 1, 0, 0, 1, 0, 0, 1, 0, 0, 0, 0, 1, 0, 0, 0, 0, 0, 0, 0, 0, 0, 0, 1, 1, 1, 0, 0, 0, 0, 0, 1, 0, 0, 0, 1, 1, 0, 0, 1, 1, 0, 0, 0, 0, 1, 0, 1, 0, 1, 1, 0, 0, 0, 0, 1, 0, 1, 0, 0, 0, 0, 1, 0, 1, 1, 0 )
Hint([7,8]+[1,6]+[5,1] add up to 2)
Hint([6,0]+[6,8]+[2,0] add up to 10)
Hint([5,6]+[7,0] add up to 10)
Hint([7,7]+[1,7] add up to 6)
Hint([5,6]+[5,2] add up to 5)
Hint([8,0]+[1,2] add up to 8)
Hint([1,0]+[3,5]+[5,4] add up to 17)
Hint([0,2]+[2,2]+[0,0] add up to 5)
Hint([7,8]+[1,6]+[8,4] add up to 7)
Hint([3,1]+[1,5]+[6,3] add up to 18)
