Level( 1, 3, 4, 2, 7, 9, 5, 6, 8, 7, 9, 6, 8, 5, 3, 4, 1, 2, 5, 8, 2, 6, 4, 1, 7, 3, 9, 9, 2, 7, 3, 1, 6, 8, 5, 4, 4, 6, 5, 9, 8, 7, 3, 2, 1, 8, 1, 3, 5, 2, 4, 9, 7, 6, 6, 4, 9, 7, 3, 2, 1, 8, 5, 3, 5, 1, 4, 6, 8, 2, 9, 7, 2, 7, 8, 1, 9, 5, 6, 4, 3 )
Visible( 1, 0, 0, 0, 0, 1, 0, 1, 1, 0, 0, 0, 1, 0, 1, 0, 1, 0, 1, 0, 0, 0, 1, 0, 0, 1, 1, 0, 1, 0, 0, 1, 0, 0, 0, 0, 0, 0, 0, 0, 1, 0, 0, 0, 0, 0, 0, 0, 1, 0, 0, 1, 0, 1, 0, 1, 1, 1, 1, 0, 0, 0, 1, 0, 0, 0, 0, 0, 0, 1, 0, 1, 0, 0, 0, 0, 0, 0, 0, 0, 0 )
Hint([7,0]+[8,7]+[5,2] add up to 11)
Hint([5,6]+[8,2]+[0,6] add up to 14)
Hint([4,4]+[6,7] add up to 8)
Hint([7,6]+[1,8] add up to 13)
Hint([6,1]+[3,3] add up to 5)
Hint([0,7]+[3,0] add up to 3)
Hint([2,8]+[5,7] add up to 14)
Hint([5,4]+[0,1]+[2,2] add up to 13)
Hint([0,6]+[7,8] add up to 8)
Hint([6,6]+[8,1] add up to 1)
