Level( 8, 4, 7, 5, 9, 6, 1, 3, 2, 5, 1, 6, 7, 3, 2, 9, 8, 4, 9, 2, 3, 8, 1, 4, 6, 5, 7, 7, 9, 4, 6, 2, 3, 8, 1, 5, 2, 3, 8, 1, 4, 5, 7, 6, 9, 1, 6, 5, 9, 8, 7, 4, 2, 3, 3, 5, 9, 4, 6, 1, 2, 7, 8, 4, 7, 1, 2, 5, 8, 3, 9, 6, 6, 8, 2, 3, 7, 9, 5, 4, 1 )
Visible( 0, 0, 1, 0, 0, 0, 1, 0, 0, 1, 0, 0, 0, 1, 0, 0, 1, 0, 0, 0, 0, 1, 0, 1, 1, 1, 0, 0, 0, 1, 0, 1, 1, 0, 0, 0, 0, 0, 0, 1, 0, 0, 0, 1, 0, 0, 0, 0, 1, 0, 0, 1, 1, 1, 1, 0, 0, 0, 1, 1, 0, 0, 0, 0, 1, 1, 0, 0, 1, 0, 0, 0, 0, 1, 0, 0, 0, 0, 0, 0, 0 )
Hint([6,0]+[8,8]+[5,3] add up to 2)
Hint([5,1]+[6,3]+[1,0] add up to 11)
Hint([6,1]+[5,7] add up to 15)
Hint([7,4]+[0,4] add up to 6)
Hint([6,1]+[3,4] add up to 8)
Hint([0,1]+[1,1] add up to 4)
Hint([1,8]+[5,6]+[5,4] add up to 11)
Hint([1,8]+[4,5]+[1,3] add up to 22)
Hint([6,0]+[8,7]+[8,6] add up to 12)
Hint([5,3]+[1,8] add up to 9)
