Level( 9, 8, 7, 2, 6, 3, 5, 4, 1, 2, 1, 6, 7, 5, 4, 8, 3, 9, 4, 3, 5, 9, 1, 8, 2, 7, 6, 3, 4, 1, 5, 9, 7, 6, 2, 8, 6, 9, 2, 8, 3, 1, 7, 5, 4, 7, 5, 8, 6, 4, 2, 1, 9, 3, 1, 2, 3, 4, 7, 6, 9, 8, 5, 8, 6, 9, 3, 2, 5, 4, 1, 7, 5, 7, 4, 1, 8, 9, 3, 6, 2 )
Visible( 1, 0, 0, 0, 1, 1, 0, 0, 0, 1, 0, 0, 0, 1, 0, 1, 0, 0, 0, 0, 1, 1, 0, 0, 0, 1, 0, 1, 1, 0, 0, 1, 0, 1, 0, 0, 0, 0, 0, 0, 0, 0, 0, 1, 1, 0, 1, 0, 0, 0, 1, 0, 1, 0, 0, 1, 0, 0, 0, 0, 0, 0, 0, 0, 0, 0, 1, 0, 0, 0, 1, 0, 0, 0, 0, 1, 1, 0, 1, 0, 1 )
Hint([7,0]+[8,3]+[4,3] add up to 18)
Hint([5,5]+[7,7]+[2,2] add up to 5)
Hint([5,2]+[6,8] add up to 9)
Hint([7,3]+[0,7] add up to 8)
Hint([5,8]+[5,1] add up to 11)
Hint([0,0]+[1,8] add up to 14)
Hint([1,2]+[3,6]+[5,5] add up to 6)
Hint([0,2]+[2,6]+[1,7] add up to 10)
Hint([5,4]+[0,5] add up to 6)
Hint([7,3]+[4,4]+[2,8] add up to 6)
