Level( 5, 9, 8, 1, 2, 7, 6, C, D, A, 3, B, E, 0, F, 4, 4, 0, A, F, 9, 5, D, 3, 6, E, 8, 7, 1, 2, C, B, B, 3, E, C, A, 0, 4, 8, 1, 2, F, 9, D, 7, 6, 5, 7, D, 6, 2, E, B, F, 1, C, 0, 4, 5, 9, 3, A, 8, E, F, 9, B, C, 2, 3, 5, 7, D, 6, 1, 4, 8, 0, A, 2, 1, 7, 0, 4, F, A, 6, 9, 5, E, 8, C, B, D, 3, A, 8, C, D, 0, 1, E, B, F, 3, 2, 4, 5, 6, 7, 9, 3, 4, 5, 6, 8, D, 7, 9, A, B, C, 0, F, 1, 2, E, 0, A, F, 8, 5, 4, 1, 7, 2, 6, B, C, 3, E, 9, D, 6, C, B, E, D, A, 0, F, 8, 9, 7, 3, 2, 5, 4, 1, D, 2, 1, 7, 3, 8, 9, E, 0, 4, 5, F, 6, A, B, C, 9, 5, 3, 4, 6, C, B, 2, E, 1, D, A, 0, F, 8, 7, C, 6, 0, 3, 7, E, 2, A, 5, 8, 9, D, B, 4, 1, F, F, B, 4, A, 1, 6, 8, D, 3, C, 0, E, 7, 9, 5, 2, 1, E, 2, 5, F, 9, C, 4, B, 7, A, 6, 8, D, 3, 0, 8, 7, D, 9, B, 3, 5, 0, 4, F, 1, 2, A, C, E, 6 )
Visible( 1, 1, 1, 1, 1, 1, 1, 1, 1, 1, 0, 0, 1, 0, 0, 1, 1, 1, 0, 0, 0, 1, 0, 1, 1, 1, 1, 0, 1, 1, 0, 1, 1, 1, 0, 1, 0, 1, 1, 1, 0, 1, 1, 1, 0, 0, 1, 1, 1, 0, 1, 1, 0, 0, 1, 0, 0, 0, 1, 0, 0, 1, 0, 1, 1, 1, 1, 1, 1, 0, 0, 0, 0, 1, 1, 1, 0, 1, 0, 0, 0, 1, 0, 0, 0, 1, 0, 1, 0, 1, 0, 0, 0, 1, 0, 1, 1, 0, 0, 1, 0, 1, 0, 0, 0, 1, 0, 0, 1, 0, 0, 1, 0, 0, 0, 1, 1, 1, 1, 0, 0, 0, 1, 0, 0, 0, 0, 1, 0, 0, 1, 0, 0, 1, 1, 0, 0, 1, 0, 1, 0, 1, 0, 1, 0, 1, 0, 0, 1, 0, 1, 1, 0, 0, 0, 0, 0, 0, 1, 0, 0, 0, 0, 0, 1, 0, 0, 0, 0, 0, 0, 1, 0, 1, 1, 1, 1, 0, 0, 1, 1, 1, 1, 0, 1, 1, 0, 0, 0, 1, 0, 1, 1, 0, 0, 1, 0, 1, 0, 0, 0, 0, 0, 1, 1, 0, 0, 0, 0, 0, 0, 0, 1, 0, 1, 1, 0, 1, 1, 1, 1, 1, 0, 0, 0, 1, 0, 0, 0, 1, 1, 0, 1, 1, 0, 1, 1, 1, 1, 0, 1, 0, 1, 0, 0, 0, 1, 1, 0, 0, 1, 1, 0, 0, 0, 1 )
Hint([14,5]+[15,4]+[7,0] add up to 35)
Hint([11,5]+[12,2]+[1,10] add up to 23)
Hint([8,13]+[13,8] add up to 17)
Hint([13,10]+[1,0] add up to 19)
Hint([11,3]+[7,11] add up to 7)
Hint([2,13]+[6,11] add up to 15)
Hint([2,13]+[9,5]+[7,1] add up to 12)
Hint([15,4]+[4,13] add up to 11)
Hint([14,10]+[13,6] add up to 17)
Hint([12,9]+[15,9] add up to 3)
