Level( 8, 6, 1, 9, 7, 5, 3, 2, 4, 4, 9, 5, 8, 3, 2, 1, 6, 7, 2, 3, 7, 6, 1, 4, 9, 8, 5, 6, 7, 4, 2, 9, 1, 8, 5, 3, 1, 5, 8, 7, 6, 3, 2, 4, 9, 9, 2, 3, 5, 4, 8, 7, 1, 6, 5, 4, 9, 1, 8, 7, 6, 3, 2, 7, 8, 2, 3, 5, 6, 4, 9, 1, 3, 1, 6, 4, 2, 9, 5, 7, 8 )
Visible( 1, 0, 1, 0, 1, 1, 0, 1, 0, 0, 0, 0, 0, 0, 1, 0, 0, 1, 1, 1, 0, 0, 0, 0, 0, 1, 0, 0, 1, 0, 0, 1, 0, 0, 0, 0, 0, 0, 0, 0, 0, 1, 0, 0, 1, 0, 1, 0, 0, 0, 0, 1, 1, 1, 0, 1, 0, 0, 0, 0, 0, 0, 0, 0, 0, 0, 1, 0, 1, 0, 0, 0, 0, 1, 1, 0, 1, 0, 1, 1, 0 )
Hint([7,4]+[0,7]+[5,8] add up to 17)
Hint([5,8]+[8,7]+[2,2] add up to 14)
Hint([6,7]+[7,1] add up to 8)
Hint([6,2]+[8,7] add up to 8)
Hint([6,6]+[5,0] add up to 9)
Hint([0,7]+[3,7] add up to 8)
Hint([2,2]+[3,1]+[4,7] add up to 17)
Hint([0,6]+[3,6]+[1,6] add up to 7)
Hint([7,6]+[0,1] add up to 5)
Hint([8,7]+[5,8]+[3,0] add up to 16)
