Level( 3, 7, 1, 2, 9, 6, 8, 5, 4, 5, 9, 6, 8, 4, 1, 2, 3, 7, 8, 4, 2, 3, 5, 7, 6, 1, 9, 6, 1, 3, 9, 7, 2, 4, 8, 5, 7, 2, 4, 5, 1, 8, 3, 9, 6, 9, 8, 5, 6, 3, 4, 7, 2, 1, 4, 5, 7, 1, 2, 3, 9, 6, 8, 2, 6, 9, 7, 8, 5, 1, 4, 3, 1, 3, 8, 4, 6, 9, 5, 7, 2 )
Visible( 1, 0, 1, 1, 0, 0, 0, 0, 0, 1, 1, 0, 0, 0, 0, 0, 0, 0, 1, 0, 0, 1, 0, 1, 1, 0, 0, 0, 0, 0, 0, 0, 0, 1, 0, 0, 0, 1, 0, 0, 0, 0, 0, 1, 0, 0, 1, 0, 1, 1, 1, 0, 0, 1, 0, 0, 1, 0, 0, 0, 1, 0, 1, 0, 0, 0, 0, 0, 0, 0, 1, 1, 0, 0, 0, 1, 1, 0, 0, 0, 1 )
Hint([7,2]+[8,5]+[4,2] add up to 4)
Hint([6,2]+[7,4]+[1,3] add up to 13)
Hint([6,7]+[7,3] add up to 7)
Hint([6,3]+[0,8] add up to 3)
Hint([6,0]+[3,5] add up to 12)
Hint([8,2]+[2,3] add up to 10)
Hint([2,1]+[3,7]+[5,5] add up to 14)
Hint([0,5]+[3,7]+[1,1] add up to 22)
Hint([7,2]+[8,6]+[8,5] add up to 7)
Hint([3,1]+[1,6]+[6,3] add up to 14)
