Level( 4, 3, 6, 5, 8, 9, 7, 1, 2, 5, 7, 2, 3, 1, 6, 8, 4, 9, 1, 8, 9, 7, 2, 4, 6, 5, 3, 7, 5, 4, 6, 9, 2, 3, 8, 1, 6, 9, 3, 8, 7, 1, 5, 2, 4, 8, 2, 1, 4, 5, 3, 9, 6, 7, 2, 1, 5, 9, 3, 8, 4, 7, 6, 3, 4, 7, 1, 6, 5, 2, 9, 8, 9, 6, 8, 2, 4, 7, 1, 3, 5 )
Visible( 1, 0, 1, 0, 1, 1, 0, 0, 0, 0, 0, 1, 1, 0, 0, 0, 0, 1, 0, 0, 0, 1, 0, 0, 0, 1, 1, 1, 1, 0, 0, 0, 0, 0, 1, 1, 0, 0, 0, 0, 0, 1, 0, 0, 0, 1, 0, 1, 0, 0, 0, 0, 1, 0, 1, 0, 0, 0, 0, 0, 0, 0, 0, 0, 0, 0, 0, 1, 0, 1, 0, 0, 0, 1, 0, 0, 0, 1, 0, 1, 1 )
Hint([6,1]+[8,3]+[4,8] add up to 10)
Hint([5,5]+[7,7]+[2,4] add up to 12)
Hint([4,4]+[6,8] add up to 6)
Hint([6,2]+[0,5] add up to 12)
Hint([7,1]+[3,4] add up to 10)
Hint([8,7]+[3,5] add up to 10)
Hint([2,4]+[4,7]+[5,5] add up to 9)
Hint([0,5]+[3,5]+[1,8] add up to 15)
Hint([6,7]+[1,6] add up to 1)
Hint([0,1]+[3,7]+[2,7] add up to 10)
