Level( 8, 5, 1, 4, 3, 2, 9, 7, 6, 7, 6, 2, 9, 8, 1, 5, 3, 4, 4, 9, 3, 7, 5, 6, 8, 1, 2, 2, 3, 5, 8, 6, 4, 1, 9, 7, 6, 4, 8, 1, 7, 9, 2, 5, 3, 9, 1, 7, 5, 2, 3, 6, 4, 8, 1, 2, 9, 3, 4, 8, 7, 6, 5, 3, 7, 6, 2, 9, 5, 4, 8, 1, 5, 8, 4, 6, 1, 7, 3, 2, 9 )
Visible( 0, 1, 0, 0, 0, 1, 1, 1, 0, 0, 1, 1, 0, 1, 1, 0, 0, 0, 0, 0, 0, 0, 0, 0, 0, 0, 0, 0, 0, 0, 1, 1, 0, 0, 0, 0, 0, 0, 0, 0, 0, 0, 0, 0, 0, 0, 1, 1, 0, 0, 0, 0, 1, 1, 1, 0, 1, 1, 0, 0, 0, 0, 0, 0, 1, 0, 0, 0, 0, 0, 1, 1, 0, 0, 1, 0, 0, 1, 1, 0, 0 )
Hint([8,3]+[8,0]+[3,2] add up to 17)
Hint([5,6]+[8,8]+[2,5] add up to 21)
Hint([5,8]+[7,4] add up to 10)
Hint([6,3]+[0,2] add up to 3)
Hint([5,8]+[5,1] add up to 6)
Hint([8,1]+[2,1] add up to 4)
Hint([2,5]+[4,8]+[5,6] add up to 13)
Hint([1,8]+[4,0]+[8,6] add up to 13)
Hint([6,7]+[1,3] add up to 5)
Hint([7,5]+[5,2]+[1,6] add up to 9)
