Level( 9, E, D, B, 5, 0, F, 2, A, 3, C, 8, 6, 7, 1, 4, 8, 3, 1, 7, C, A, B, 6, E, 5, 4, 9, 2, 0, D, F, 6, A, F, 2, E, 3, 7, 4, 0, 1, B, D, 8, C, 5, 9, 5, 0, C, 4, 9, 1, D, 8, F, 2, 7, 6, E, 3, A, B, 4, 7, 0, C, 8, 9, A, D, 2, F, 1, 5, 3, B, E, 6, 3, 6, A, 8, 7, C, 5, 0, 9, B, D, E, 1, F, 4, 2, B, 5, 2, 9, F, E, 6, 1, 3, 4, A, 7, 0, D, C, 8, D, F, E, 1, 2, B, 4, 3, 6, 8, 0, C, 5, 9, 7, A, 2, 4, 5, E, 6, 7, C, 9, D, 0, 8, F, B, A, 3, 1, 7, 9, 3, D, 0, 4, 1, B, 5, 6, 2, A, C, 8, F, E, 0, C, 6, F, A, D, 8, 5, 1, E, 3, B, 9, 4, 2, 7, 1, 8, B, A, 3, 2, E, F, C, 7, 9, 4, D, 6, 0, 5, F, B, 7, 0, 1, 6, 2, A, 8, D, 5, 3, 4, E, 9, C, A, 1, 4, 6, D, 8, 3, C, 7, 9, E, 2, F, 5, B, 0, E, D, 9, 5, 4, F, 0, 7, B, C, 6, 1, A, 2, 8, 3, C, 2, 8, 3, B, 5, 9, E, 4, A, F, 0, 7, 1, 6, D )
Visible( 0, 0, 0, 0, 0, 0, 0, 0, 0, 0, 1, 0, 0, 0, 0, 0, 1, 0, 1, 1, 1, 1, 0, 1, 1, 1, 1, 0, 0, 0, 0, 1, 0, 0, 1, 1, 0, 0, 1, 1, 1, 0, 0, 0, 1, 0, 0, 0, 0, 1, 1, 0, 1, 1, 1, 0, 0, 0, 1, 1, 0, 0, 1, 1, 0, 0, 0, 0, 0, 1, 1, 1, 0, 1, 0, 0, 1, 0, 0, 1, 0, 1, 0, 1, 0, 0, 0, 1, 0, 1, 1, 0, 1, 0, 1, 1, 0, 1, 0, 1, 0, 1, 1, 0, 0, 1, 0, 0, 1, 1, 1, 0, 0, 1, 1, 0, 1, 0, 1, 1, 1, 0, 0, 0, 1, 1, 0, 0, 0, 0, 1, 0, 0, 0, 0, 0, 1, 1, 0, 1, 1, 0, 0, 0, 1, 0, 0, 0, 0, 1, 1, 0, 1, 0, 1, 1, 0, 0, 1, 0, 1, 0, 1, 0, 1, 1, 0, 0, 1, 0, 1, 1, 1, 1, 0, 0, 1, 1, 1, 0, 0, 0, 0, 1, 1, 0, 0, 0, 1, 1, 0, 0, 0, 1, 1, 0, 0, 0, 0, 1, 0, 1, 0, 1, 0, 1, 1, 1, 1, 1, 0, 1, 0, 1, 1, 1, 0, 0, 0, 0, 0, 0, 0, 1, 1, 0, 0, 1, 0, 1, 0, 1, 1, 0, 0, 0, 1, 0, 1, 0, 0, 1, 0, 1, 0, 0, 0, 0, 1, 1, 1, 0, 0, 0, 1, 0 )
Hint([15,12]+[1,7]+[8,8] add up to 40)
Hint([11,5]+[12,3]+[1,11] add up to 36)
Hint([10,5]+[10,4] add up to 14)
Hint([12,6]+[0,4] add up to 4)
Hint([11,13]+[9,7] add up to 10)
Hint([2,13]+[6,12] add up to 6)
Hint([4,12]+[8,8]+[8,7] add up to 20)
Hint([2,4]+[5,0]+[15,9] add up to 14)
Hint([10,0]+[14,12] add up to 21)
Hint([13,7]+[8,11]+[4,2] add up to 35)
