Level( 9, 1, 5, 7, 2, 8, 6, 3, 4, 7, 3, 4, 6, 9, 5, 1, 2, 8, 6, 8, 2, 1, 4, 3, 9, 5, 7, 1, 6, 8, 3, 7, 9, 5, 4, 2, 2, 4, 9, 5, 8, 6, 3, 7, 1, 3, 5, 7, 4, 1, 2, 8, 6, 9, 4, 9, 3, 2, 5, 1, 7, 8, 6, 5, 7, 1, 8, 6, 4, 2, 9, 3, 8, 2, 6, 9, 3, 7, 4, 1, 5 )
Visible( 1, 0, 0, 1, 0, 0, 1, 0, 0, 1, 1, 0, 0, 0, 1, 0, 0, 0, 0, 0, 1, 0, 0, 0, 1, 1, 0, 1, 0, 0, 0, 1, 0, 0, 0, 1, 0, 0, 0, 0, 1, 0, 1, 0, 0, 0, 1, 0, 1, 0, 0, 0, 1, 0, 0, 0, 0, 0, 0, 0, 1, 0, 0, 0, 0, 0, 1, 0, 0, 0, 0, 1, 0, 0, 1, 1, 0, 1, 0, 0, 1 )
Hint([7,7]+[0,5]+[4,8] add up to 12)
Hint([6,8]+[8,1]+[0,3] add up to 10)
Hint([5,7]+[7,6] add up to 10)
Hint([7,5]+[0,3] add up to 5)
Hint([5,6]+[5,3] add up to 8)
Hint([8,5]+[3,2] add up to 8)
Hint([2,4]+[4,0]+[3,6] add up to 10)
Hint([1,8]+[4,6]+[1,3] add up to 10)
Hint([6,1]+[8,4]+[7,3] add up to 3)
Hint([4,2]+[1,5]+[6,4] add up to 9)
