Level( 1, 8, 3, 6, 7, 2, 4, 9, 5, 6, 5, 2, 8, 4, 9, 1, 3, 7, 7, 9, 4, 3, 1, 5, 2, 6, 8, 3, 1, 6, 5, 9, 7, 8, 4, 2, 8, 2, 5, 1, 3, 4, 6, 7, 9, 9, 4, 7, 2, 6, 8, 5, 1, 3, 5, 7, 9, 4, 2, 1, 3, 8, 6, 2, 6, 1, 7, 8, 3, 9, 5, 4, 4, 3, 8, 9, 5, 6, 7, 2, 1 )
Visible( 1, 0, 1, 0, 0, 0, 0, 1, 1, 0, 0, 1, 0, 0, 0, 0, 0, 0, 1, 0, 0, 0, 0, 1, 0, 0, 0, 0, 0, 0, 0, 0, 0, 0, 1, 1, 1, 0, 0, 1, 0, 0, 0, 0, 1, 0, 0, 1, 1, 1, 0, 1, 0, 1, 0, 0, 0, 0, 0, 1, 0, 1, 0, 0, 1, 0, 0, 0, 0, 0, 0, 0, 1, 0, 0, 0, 1, 0, 1, 0, 0 )
Hint([6,4]+[0,5]+[4,3] add up to 21)
Hint([6,3]+[7,2]+[1,1] add up to 16)
Hint([6,6]+[7,6] add up to 9)
Hint([7,5]+[0,4] add up to 7)
Hint([5,0]+[3,3] add up to 5)
Hint([8,5]+[3,3] add up to 6)
Hint([2,6]+[4,4]+[4,3] add up to 18)
Hint([0,7]+[4,3]+[0,7] add up to 10)
Hint([6,0]+[8,8] add up to 3)
Hint([8,6]+[5,0]+[0,7] add up to 7)
