Level( 2, 4, 6, 5, 8, 7, 9, 3, 1, 8, 5, 7, 9, 3, 1, 4, 2, 6, 1, 3, 9, 2, 6, 4, 7, 8, 5, 4, 8, 2, 1, 9, 3, 5, 6, 7, 3, 7, 1, 8, 5, 6, 2, 4, 9, 9, 6, 5, 4, 7, 2, 8, 1, 3, 5, 1, 8, 3, 2, 9, 6, 7, 4, 6, 2, 3, 7, 4, 5, 1, 9, 8, 7, 9, 4, 6, 1, 8, 3, 5, 2 )
Visible( 0, 1, 0, 1, 0, 0, 0, 0, 0, 0, 0, 0, 0, 1, 0, 0, 0, 1, 0, 0, 0, 0, 0, 0, 1, 0, 0, 0, 0, 1, 1, 0, 0, 1, 0, 0, 0, 1, 0, 1, 0, 1, 1, 0, 0, 1, 0, 0, 0, 1, 1, 0, 1, 0, 0, 0, 1, 0, 0, 0, 0, 0, 0, 0, 1, 0, 1, 0, 0, 1, 1, 0, 0, 1, 0, 0, 0, 1, 1, 1, 0 )
Hint([7,4]+[0,5]+[4,2] add up to 16)
Hint([7,1]+[6,0]+[0,5] add up to 17)
Hint([5,7]+[7,6] add up to 10)
Hint([7,0]+[8,2] add up to 6)
Hint([6,0]+[3,3] add up to 8)
Hint([0,1]+[2,7] add up to 9)
Hint([1,8]+[5,2]+[4,7] add up to 14)
Hint([1,0]+[2,3]+[0,5] add up to 12)
Hint([7,5]+[0,2] add up to 0)
Hint([7,6]+[5,8]+[3,0] add up to 17)
