Level( 5, 8, 1, 2, 6, 4, 7, 3, 9, 6, 7, 2, 8, 9, 3, 5, 1, 4, 3, 9, 4, 1, 5, 7, 2, 8, 6, 7, 2, 6, 3, 8, 1, 9, 4, 5, 8, 5, 3, 4, 7, 9, 6, 2, 1, 4, 1, 9, 6, 2, 5, 3, 7, 8, 2, 6, 5, 7, 1, 8, 4, 9, 3, 9, 4, 8, 5, 3, 2, 1, 6, 7, 1, 3, 7, 9, 4, 6, 8, 5, 2 )
Visible( 0, 0, 0, 0, 0, 0, 0, 1, 0, 1, 0, 1, 0, 1, 0, 0, 0, 1, 1, 0, 0, 1, 0, 1, 0, 0, 0, 1, 0, 1, 0, 0, 0, 0, 0, 0, 0, 1, 0, 1, 0, 0, 0, 0, 1, 0, 0, 1, 1, 0, 1, 0, 1, 0, 0, 0, 0, 0, 1, 1, 1, 0, 0, 0, 0, 0, 1, 0, 0, 0, 0, 0, 0, 1, 1, 0, 0, 1, 0, 1, 0 )
Hint([7,3]+[8,8]+[5,1] add up to 6)
Hint([5,1]+[6,0]+[0,3] add up to 14)
Hint([5,5]+[6,4] add up to 9)
Hint([6,4]+[0,3] add up to 11)
Hint([6,8]+[5,8] add up to 12)
Hint([1,0]+[1,3] add up to 8)
Hint([1,4]+[4,4]+[4,4] add up to 16)
Hint([1,1]+[2,2]+[0,1] add up to 14)
Hint([7,1]+[8,5]+[8,4] add up to 7)
Hint([4,7]+[2,7]+[6,4] add up to 14)
