Level( 2, 8, 4, 6, 3, 1, 7, 5, 9, 9, 7, 3, 2, 8, 5, 6, 1, 4, 6, 5, 1, 9, 7, 4, 2, 8, 3, 8, 4, 9, 7, 6, 3, 5, 2, 1, 3, 2, 7, 1, 5, 9, 8, 4, 6, 1, 6, 5, 4, 2, 8, 3, 9, 7, 5, 1, 2, 3, 4, 7, 9, 6, 8, 4, 3, 6, 8, 9, 2, 1, 7, 5, 7, 9, 8, 5, 1, 6, 4, 3, 2 )
Visible( 0, 0, 0, 0, 0, 0, 0, 0, 0, 0, 1, 0, 0, 1, 1, 1, 0, 0, 1, 1, 0, 0, 1, 1, 0, 0, 1, 1, 0, 1, 0, 1, 0, 1, 0, 0, 1, 1, 0, 1, 0, 0, 1, 0, 0, 0, 0, 1, 0, 0, 0, 0, 0, 0, 0, 0, 0, 1, 0, 0, 1, 0, 1, 1, 0, 0, 0, 0, 1, 0, 0, 1, 0, 0, 0, 0, 0, 0, 0, 0, 0 )
Hint([6,7]+[1,4]+[4,8] add up to 1)
Hint([5,2]+[7,2]+[0,1] add up to 18)
Hint([5,3]+[6,6] add up to 10)
Hint([7,6]+[0,4] add up to 7)
Hint([5,6]+[5,1] add up to 10)
Hint([8,4]+[2,5] add up to 9)
Hint([1,3]+[4,5]+[5,4] add up to 12)
Hint([1,2]+[2,0]+[8,7] add up to 11)
Hint([6,4]+[0,6] add up to 11)
Hint([0,1]+[3,7]+[2,6] add up to 16)
