Level( 5, 4, 7, 3, 2, 1, 8, 9, 6, 3, 6, 9, 7, 5, 8, 4, 1, 2, 8, 2, 1, 6, 4, 9, 7, 3, 5, 7, 8, 5, 9, 6, 3, 1, 2, 4, 2, 1, 3, 4, 8, 5, 6, 7, 9, 6, 9, 4, 1, 7, 2, 5, 8, 3, 4, 3, 6, 8, 9, 7, 2, 5, 1, 9, 5, 8, 2, 1, 4, 3, 6, 7, 1, 7, 2, 5, 3, 6, 9, 4, 8 )
Visible( 0, 0, 0, 0, 0, 0, 1, 1, 1, 0, 1, 0, 1, 0, 0, 0, 0, 1, 1, 0, 0, 0, 1, 0, 0, 1, 0, 0, 0, 1, 0, 1, 0, 0, 0, 0, 1, 0, 0, 1, 0, 1, 0, 0, 1, 0, 0, 0, 0, 0, 0, 0, 1, 0, 1, 0, 0, 0, 0, 1, 0, 1, 0, 0, 0, 0, 1, 0, 0, 0, 0, 1, 0, 1, 0, 0, 1, 0, 1, 1, 0 )
Hint([7,8]+[1,4]+[4,2] add up to 6)
Hint([7,6]+[8,2]+[0,7] add up to 16)
Hint([5,5]+[6,2] add up to 7)
Hint([6,4]+[0,7] add up to 13)
Hint([5,3]+[4,2] add up to 5)
Hint([0,1]+[2,5] add up to 5)
Hint([1,5]+[4,4]+[4,0] add up to 16)
Hint([8,0]+[2,7] add up to 12)
Hint([0,7]+[8,6] add up to 8)
Hint([6,3]+[8,0] add up to 5)
