Level( 5, 2, 9, 7, 3, 6, 8, 4, 1, 4, 7, 6, 8, 1, 2, 9, 5, 3, 1, 3, 8, 5, 4, 9, 2, 6, 7, 9, 4, 2, 3, 5, 7, 6, 1, 8, 6, 5, 1, 2, 8, 4, 3, 7, 9, 7, 8, 3, 9, 6, 1, 4, 2, 5, 3, 9, 7, 4, 2, 5, 1, 8, 6, 2, 1, 5, 6, 9, 8, 7, 3, 4, 8, 6, 4, 1, 7, 3, 5, 9, 2 )
Visible( 1, 0, 0, 0, 0, 0, 0, 0, 1, 0, 0, 0, 1, 0, 1, 1, 0, 0, 0, 1, 0, 0, 1, 1, 0, 0, 1, 1, 1, 0, 0, 0, 1, 0, 0, 0, 0, 0, 1, 1, 1, 0, 0, 1, 0, 1, 0, 0, 0, 0, 0, 0, 1, 0, 0, 0, 0, 0, 1, 1, 0, 1, 0, 0, 1, 0, 1, 0, 0, 0, 0, 1, 0, 0, 0, 1, 0, 0, 0, 0, 0 )
Hint([8,4]+[0,2]+[4,1] add up to 8)
Hint([5,8]+[8,2]+[0,0] add up to 12)
Hint([5,0]+[5,5] add up to 5)
Hint([7,3]+[0,5] add up to 6)
Hint([5,1]+[3,8] add up to 1)
Hint([8,8]+[3,2] add up to 5)
Hint([1,6]+[4,4]+[4,4] add up to 22)
Hint([1,5]+[3,8]+[2,4] add up to 7)
Hint([6,2]+[0,6] add up to 3)
Hint([0,2]+[4,0]+[0,1] add up to 5)
