Level( 9, 4, 6, 2, 5, 8, 7, 3, 1, 3, 8, 1, 9, 7, 4, 6, 2, 5, 7, 5, 2, 1, 3, 6, 4, 9, 8, 2, 7, 9, 6, 1, 3, 8, 5, 4, 5, 6, 8, 7, 4, 9, 3, 1, 2, 4, 1, 3, 8, 2, 5, 9, 6, 7, 8, 3, 5, 4, 9, 1, 2, 7, 6, 1, 2, 4, 3, 6, 7, 5, 8, 9, 6, 9, 7, 5, 8, 2, 1, 4, 3 )
Visible( 0, 0, 0, 0, 0, 0, 1, 1, 0, 0, 0, 0, 0, 0, 1, 0, 0, 0, 0, 0, 1, 0, 1, 0, 0, 0, 1, 0, 0, 0, 0, 0, 0, 0, 1, 1, 0, 1, 0, 0, 0, 0, 1, 1, 0, 1, 0, 0, 1, 1, 0, 0, 1, 0, 1, 1, 0, 0, 1, 1, 0, 0, 0, 0, 0, 0, 0, 1, 0, 0, 0, 0, 0, 0, 1, 0, 0, 1, 1, 1, 0 )
Hint([8,0]+[8,0]+[3,3] add up to 5)
Hint([5,4]+[7,3]+[1,1] add up to 19)
Hint([6,0]+[5,4] add up to 14)
Hint([7,7]+[1,3] add up to 13)
Hint([6,4]+[4,5] add up to 3)
Hint([0,4]+[2,3] add up to 12)
Hint([1,8]+[5,6]+[5,0] add up to 15)
Hint([0,8]+[4,5] add up to 6)
Hint([0,7]+[8,5] add up to 6)
Hint([8,4]+[8,7] add up to 9)
