Level( 5, 1, 6, 8, 2, 3, 9, 7, 4, 4, 9, 8, 7, 6, 5, 1, 3, 2, 7, 2, 3, 9, 1, 4, 5, 8, 6, 9, 8, 7, 4, 3, 1, 6, 2, 5, 3, 5, 1, 2, 7, 6, 8, 4, 9, 6, 4, 2, 5, 8, 9, 7, 1, 3, 1, 6, 4, 3, 9, 8, 2, 5, 7, 2, 3, 9, 1, 5, 7, 4, 6, 8, 8, 7, 5, 6, 4, 2, 3, 9, 1 )
Visible( 0, 1, 0, 1, 1, 0, 1, 0, 1, 0, 0, 0, 0, 1, 1, 0, 0, 0, 0, 0, 0, 0, 0, 0, 0, 1, 0, 0, 0, 1, 1, 1, 1, 0, 0, 1, 0, 1, 1, 0, 0, 1, 0, 0, 0, 1, 0, 0, 0, 0, 0, 1, 0, 0, 0, 0, 0, 0, 1, 1, 1, 0, 0, 0, 1, 0, 0, 0, 0, 1, 0, 0, 1, 1, 0, 0, 0, 0, 1, 1, 0 )
Hint([7,2]+[8,1]+[3,8] add up to 13)
Hint([6,5]+[7,1]+[0,1] add up to 11)
Hint([5,0]+[5,5] add up to 10)
Hint([6,7]+[1,4] add up to 7)
Hint([6,6]+[5,0] add up to 3)
Hint([0,0]+[1,6] add up to 9)
Hint([0,2]+[3,3]+[4,3] add up to 11)
Hint([8,1]+[2,7]+[1,3] add up to 16)
Hint([6,4]+[0,6]+[8,6] add up to 13)
Hint([3,5]+[2,4]+[5,6] add up to 11)
