Level( 7, 6, 8, 3, 5, 1, 2, 9, 4, 3, 9, 1, 7, 4, 2, 5, 6, 8, 4, 5, 2, 6, 8, 9, 7, 3, 1, 2, 7, 9, 8, 3, 4, 6, 1, 5, 6, 4, 3, 2, 1, 5, 9, 8, 7, 1, 8, 5, 9, 6, 7, 4, 2, 3, 5, 1, 6, 4, 9, 3, 8, 7, 2, 9, 2, 4, 1, 7, 8, 3, 5, 6, 8, 3, 7, 5, 2, 6, 1, 4, 9 )
Visible( 1, 1, 0, 0, 0, 0, 1, 0, 1, 0, 0, 0, 0, 0, 0, 0, 0, 0, 0, 0, 1, 1, 1, 1, 1, 0, 0, 1, 0, 1, 0, 0, 0, 0, 0, 1, 0, 0, 1, 0, 1, 0, 0, 1, 0, 0, 0, 0, 0, 0, 0, 1, 0, 1, 0, 0, 0, 0, 0, 0, 0, 1, 1, 0, 0, 0, 1, 1, 0, 1, 0, 1, 1, 0, 0, 0, 0, 1, 0, 0, 0 )
Hint([7,4]+[0,0]+[3,8] add up to 17)
Hint([6,5]+[8,4]+[1,3] add up to 15)
Hint([5,8]+[7,1] add up to 10)
Hint([5,2]+[8,8] add up to 16)
Hint([7,5]+[5,3] add up to 4)
Hint([0,7]+[3,1] add up to 14)
Hint([1,4]+[4,2]+[4,3] add up to 12)
Hint([0,3]+[3,7]+[1,0] add up to 6)
Hint([7,8]+[1,0]+[6,6] add up to 15)
Hint([5,8]+[3,0]+[4,4] add up to 7)
