Level( 3, 1, 5, 2, 4, 9, 7, 8, 6, 2, 7, 8, 6, 3, 5, 9, 4, 1, 6, 4, 9, 7, 8, 1, 2, 5, 3, 4, 8, 2, 3, 5, 6, 1, 7, 9, 7, 3, 1, 4, 9, 8, 5, 6, 2, 5, 9, 6, 1, 7, 2, 8, 3, 4, 8, 5, 3, 9, 1, 4, 6, 2, 7, 1, 6, 4, 8, 2, 7, 3, 9, 5, 9, 2, 7, 5, 6, 3, 4, 1, 8 )
Visible( 0, 0, 1, 0, 1, 0, 1, 0, 0, 1, 0, 1, 0, 0, 0, 1, 0, 0, 1, 0, 0, 1, 0, 1, 0, 1, 0, 0, 0, 1, 1, 1, 0, 0, 0, 0, 0, 0, 1, 0, 0, 0, 0, 0, 1, 1, 1, 1, 0, 0, 0, 0, 0, 1, 0, 0, 0, 1, 0, 0, 0, 0, 0, 0, 0, 1, 0, 1, 1, 0, 0, 0, 1, 0, 0, 1, 0, 0, 0, 0, 0 )
Hint([7,8]+[1,2]+[3,8] add up to 7)
Hint([6,0]+[6,3]+[1,1] add up to 12)
Hint([5,1]+[5,5] add up to 5)
Hint([6,7]+[1,3] add up to 9)
Hint([6,2]+[4,4] add up to 9)
Hint([8,7]+[3,4] add up to 7)
Hint([1,6]+[4,0]+[3,1] add up to 12)
Hint([8,3]+[3,3]+[0,8] add up to 18)
Hint([6,7]+[1,2] add up to 5)
Hint([8,2]+[4,6]+[2,5] add up to 7)
