Level( 4, 2, 1, 5, 7, 8, 3, 9, 6, 3, 5, 9, 6, 2, 4, 7, 8, 1, 7, 8, 6, 1, 3, 9, 5, 2, 4, 2, 9, 4, 8, 5, 7, 1, 6, 3, 1, 7, 3, 9, 4, 6, 8, 5, 2, 5, 6, 8, 2, 1, 3, 9, 4, 7, 9, 1, 5, 7, 6, 2, 4, 3, 8, 8, 4, 2, 3, 9, 1, 6, 7, 5, 6, 3, 7, 4, 8, 5, 2, 1, 9 )
Visible( 1, 0, 0, 0, 0, 0, 0, 1, 0, 0, 1, 0, 1, 0, 1, 0, 0, 1, 1, 0, 0, 0, 0, 0, 0, 1, 0, 0, 0, 0, 0, 1, 0, 1, 0, 1, 0, 1, 1, 0, 1, 0, 0, 0, 0, 0, 1, 0, 0, 1, 0, 0, 0, 0, 1, 0, 1, 0, 0, 0, 0, 0, 0, 0, 0, 1, 0, 1, 0, 1, 1, 0, 0, 1, 0, 0, 0, 0, 1, 0, 0 )
Hint([6,6]+[0,1]+[3,1] add up to 10)
Hint([6,8]+[8,5]+[1,2] add up to 14)
Hint([4,0]+[5,2] add up to 14)
Hint([6,6]+[0,0] add up to 6)
Hint([6,0]+[3,2] add up to 2)
Hint([8,6]+[3,7] add up to 9)
Hint([2,8]+[5,2]+[4,3] add up to 18)
Hint([1,7]+[4,8]+[2,1] add up to 18)
Hint([7,6]+[1,8]+[8,8] add up to 12)
Hint([5,4]+[1,6] add up to 5)
