Level( 5, 2, B, 8, 7, 9, F, A, 0, C, E, 1, 4, 3, D, 6, A, 6, 3, 0, 4, 5, E, 2, 8, D, B, 9, 7, C, 1, F, 9, 7, D, 4, C, 8, 0, 1, 2, 3, F, 6, A, E, 5, B, 1, C, F, E, 3, D, 6, B, A, 7, 4, 5, 9, 8, 0, 2, C, 8, 4, 5, 0, F, 1, E, 9, 6, 3, D, B, 7, 2, A, D, E, A, 3, 5, 2, C, 8, B, 0, 1, 7, F, 9, 6, 4, 7, B, 0, 2, 6, 3, 9, 4, E, A, 8, F, 1, 5, C, D, 6, F, 1, 9, B, A, 7, D, C, 5, 2, 4, 8, 0, E, 3, 2, A, 6, B, D, 7, 3, 0, 1, 8, 9, C, E, F, 4, 5, 8, 3, 7, C, 1, E, A, 5, F, 4, D, 0, 2, 6, B, 9, 0, 1, 9, F, 2, B, 4, C, 5, E, 6, 3, D, A, 7, 8, 4, 5, E, D, F, 6, 8, 9, 7, B, A, 2, C, 1, 3, 0, 3, 0, C, A, 8, 1, B, F, 4, 2, 5, E, 6, D, 9, 7, B, D, 8, 7, E, 4, 5, 3, 6, 9, C, A, 0, 2, F, 1, F, 9, 5, 6, A, C, 2, 7, D, 1, 0, B, 3, 4, 8, E, E, 4, 2, 1, 9, 0, D, 6, 3, F, 7, 8, 5, B, A, C )
Visible( 0, 0, 0, 1, 0, 0, 1, 1, 1, 0, 1, 0, 0, 1, 0, 0, 1, 0, 1, 0, 1, 0, 0, 0, 0, 0, 1, 1, 0, 0, 1, 1, 0, 1, 0, 1, 0, 0, 1, 0, 0, 0, 1, 0, 0, 0, 1, 1, 1, 1, 1, 0, 1, 0, 0, 0, 0, 0, 0, 1, 0, 0, 0, 1, 0, 0, 0, 0, 1, 0, 0, 0, 1, 0, 0, 1, 1, 1, 1, 1, 1, 1, 0, 1, 1, 0, 1, 1, 1, 1, 0, 1, 0, 1, 1, 1, 0, 1, 0, 0, 0, 0, 0, 0, 0, 1, 1, 0, 1, 1, 0, 1, 1, 1, 0, 0, 0, 0, 1, 0, 1, 1, 1, 0, 0, 0, 0, 0, 1, 1, 0, 0, 1, 0, 0, 1, 1, 1, 1, 0, 1, 1, 0, 0, 0, 0, 0, 1, 1, 0, 0, 1, 0, 0, 0, 1, 0, 0, 1, 1, 0, 0, 0, 0, 0, 0, 1, 1, 1, 0, 0, 1, 1, 0, 1, 0, 1, 0, 1, 0, 0, 0, 0, 0, 0, 0, 1, 0, 1, 1, 0, 0, 1, 0, 1, 0, 0, 0, 1, 1, 1, 1, 1, 0, 0, 1, 0, 0, 1, 1, 0, 0, 1, 0, 1, 1, 1, 1, 0, 1, 1, 0, 0, 0, 0, 1, 0, 1, 1, 0, 1, 0, 0, 0, 1, 1, 0, 1, 1, 0, 0, 0, 1, 0, 0, 0, 1, 1, 1, 1, 1, 0, 0, 0, 1, 1 )
Hint([14,1]+[14,12]+[9,5] add up to 10)
Hint([12,8]+[13,6]+[2,9] add up to 26)
Hint([9,11]+[12,0] add up to 15)
Hint([13,15]+[2,10] add up to 20)
Hint([12,14]+[10,12] add up to 8)
Hint([15,3]+[3,5] add up to 5)
Hint([4,7]+[7,2]+[7,10] add up to 24)
Hint([3,2]+[4,10]+[2,6] add up to 6)
Hint([10,0]+[14,15]+[0,13] add up to 35)
Hint([10,15]+[5,13] add up to 11)
