Level( 9, 6, 7, 8, 5, 4, 3, 1, 2, 4, 1, 3, 6, 9, 2, 5, 7, 8, 8, 5, 2, 3, 7, 1, 9, 4, 6, 5, 9, 6, 1, 4, 7, 8, 2, 3, 2, 8, 4, 9, 3, 5, 1, 6, 7, 3, 7, 1, 2, 8, 6, 4, 9, 5, 6, 3, 5, 7, 1, 9, 2, 8, 4, 7, 4, 9, 5, 2, 8, 6, 3, 1, 1, 2, 8, 4, 6, 3, 7, 5, 9 )
Visible( 0, 1, 0, 1, 0, 0, 0, 0, 0, 1, 0, 0, 0, 0, 1, 0, 1, 0, 0, 1, 0, 1, 0, 0, 0, 1, 1, 1, 1, 0, 1, 0, 0, 0, 0, 1, 1, 0, 1, 0, 0, 1, 0, 1, 0, 0, 0, 0, 0, 0, 0, 1, 1, 0, 0, 0, 0, 0, 0, 0, 0, 1, 0, 1, 0, 0, 0, 0, 0, 0, 1, 0, 1, 0, 0, 0, 0, 0, 1, 0, 0 )
Hint([7,8]+[1,3]+[4,8] add up to 17)
Hint([5,0]+[6,8]+[2,4] add up to 12)
Hint([6,6]+[7,8] add up to 5)
Hint([5,2]+[8,4] add up to 6)
Hint([6,6]+[5,8] add up to 3)
Hint([1,5]+[3,3] add up to 6)
Hint([1,0]+[3,3]+[4,3] add up to 8)
Hint([0,6]+[3,1]+[0,5] add up to 12)
Hint([6,1]+[8,1] add up to 11)
Hint([0,2]+[4,8]+[3,7] add up to 16)
