Level( 1, 7, 5, 4, 8, 3, 2, 9, 6, 4, 6, 8, 9, 2, 7, 5, 1, 3, 2, 3, 9, 1, 5, 6, 7, 4, 8, 5, 1, 6, 7, 3, 2, 9, 8, 4, 9, 8, 7, 5, 6, 4, 1, 3, 2, 3, 4, 2, 8, 9, 1, 6, 5, 7, 7, 5, 3, 2, 1, 8, 4, 6, 9, 8, 2, 1, 6, 4, 9, 3, 7, 5, 6, 9, 4, 3, 7, 5, 8, 2, 1 )
Visible( 0, 1, 0, 1, 0, 0, 1, 0, 0, 0, 0, 0, 0, 0, 0, 0, 0, 0, 0, 0, 1, 0, 1, 1, 0, 0, 0, 1, 0, 1, 0, 1, 0, 0, 0, 1, 1, 0, 0, 0, 0, 0, 0, 0, 0, 1, 0, 1, 1, 1, 0, 0, 0, 0, 0, 0, 0, 1, 0, 1, 0, 1, 0, 0, 0, 0, 0, 0, 0, 1, 0, 1, 0, 0, 0, 1, 0, 0, 0, 1, 0 )
Hint([8,0]+[8,5]+[4,1] add up to 12)
Hint([5,6]+[8,2]+[0,0] add up to 14)
Hint([4,4]+[6,6] add up to 8)
Hint([5,1]+[8,5] add up to 12)
Hint([7,1]+[3,0] add up to 3)
Hint([7,3]+[2,1] add up to 14)
Hint([2,8]+[5,5]+[5,4] add up to 6)
Hint([0,5]+[3,1]+[0,8] add up to 15)
Hint([6,2]+[8,5] add up to 12)
Hint([0,2]+[4,3]+[1,2] add up to 5)
