Level( 5, 8, 2, 7, 9, 1, 3, 6, 4, 9, 4, 1, 2, 6, 3, 8, 5, 7, 6, 7, 3, 8, 4, 5, 9, 1, 2, 3, 5, 6, 4, 1, 8, 2, 7, 9, 7, 9, 8, 3, 2, 6, 5, 4, 1, 2, 1, 4, 5, 7, 9, 6, 8, 3, 4, 6, 7, 9, 5, 2, 1, 3, 8, 1, 3, 9, 6, 8, 4, 7, 2, 5, 8, 2, 5, 1, 3, 7, 4, 9, 6 )
Visible( 0, 0, 0, 1, 0, 1, 0, 1, 0, 0, 1, 0, 0, 0, 0, 0, 0, 0, 0, 0, 0, 1, 0, 0, 1, 1, 1, 0, 1, 1, 0, 0, 0, 0, 1, 0, 1, 0, 1, 1, 0, 1, 0, 0, 0, 0, 0, 0, 0, 0, 1, 0, 0, 0, 0, 0, 0, 0, 0, 0, 0, 1, 1, 1, 1, 0, 0, 0, 0, 0, 0, 0, 0, 1, 0, 0, 0, 0, 1, 0, 1 )
Hint([6,8]+[1,8]+[5,8] add up to 10)
Hint([5,4]+[7,3]+[1,5] add up to 11)
Hint([5,7]+[7,1] add up to 7)
Hint([7,2]+[8,7] add up to 4)
Hint([7,4]+[4,4] add up to 4)
Hint([1,4]+[2,1] add up to 8)
Hint([1,3]+[4,4]+[4,4] add up to 6)
Hint([1,1]+[2,2]+[0,0] add up to 9)
Hint([6,6]+[0,8]+[8,2] add up to 8)
Hint([5,0]+[0,7]+[6,4] add up to 4)
