Level( 9, 5, 7, 4, 1, 8, 6, 2, 3, 2, 3, 1, 6, 9, 7, 5, 4, 8, 4, 8, 6, 5, 2, 3, 9, 1, 7, 8, 7, 5, 1, 6, 4, 2, 3, 9, 6, 1, 9, 3, 7, 2, 4, 8, 5, 3, 4, 2, 9, 8, 5, 7, 6, 1, 5, 6, 4, 7, 3, 1, 8, 9, 2, 7, 2, 3, 8, 4, 9, 1, 5, 6, 1, 9, 8, 2, 5, 6, 3, 7, 4 )
Visible( 0, 0, 1, 0, 0, 1, 1, 1, 0, 1, 0, 0, 0, 0, 1, 0, 1, 0, 1, 0, 0, 0, 0, 0, 1, 0, 0, 0, 0, 1, 0, 1, 0, 0, 0, 0, 0, 0, 1, 1, 0, 0, 1, 0, 0, 0, 0, 0, 0, 1, 0, 0, 1, 1, 0, 1, 0, 0, 1, 0, 0, 0, 1, 0, 0, 1, 0, 0, 0, 0, 1, 0, 1, 0, 0, 1, 1, 0, 0, 0, 0 )
Hint([7,8]+[1,8]+[5,0] add up to 21)
Hint([5,8]+[8,4]+[1,0] add up to 13)
Hint([4,4]+[6,1] add up to 10)
Hint([7,8]+[1,2] add up to 13)
Hint([5,4]+[4,5] add up to 8)
Hint([8,7]+[3,2] add up to 9)
Hint([2,3]+[3,2]+[4,3] add up to 13)
Hint([8,8]+[4,6]+[1,8] add up to 13)
Hint([7,6]+[1,5] add up to 11)
Hint([8,4]+[4,8]+[2,6] add up to 11)
