Level( 9, 3, 8, 2, 6, 7, 5, 1, 4, 6, 5, 7, 9, 1, 4, 8, 2, 3, 2, 1, 4, 3, 8, 5, 6, 7, 9, 3, 8, 1, 5, 4, 6, 7, 9, 2, 4, 2, 6, 8, 7, 9, 1, 3, 5, 5, 7, 9, 1, 2, 3, 4, 6, 8, 7, 4, 5, 6, 9, 2, 3, 8, 1, 1, 6, 2, 4, 3, 8, 9, 5, 7, 8, 9, 3, 7, 5, 1, 2, 4, 6 )
Visible( 0, 0, 0, 0, 0, 0, 1, 0, 0, 1, 1, 0, 0, 1, 1, 0, 0, 0, 0, 0, 0, 0, 0, 0, 0, 1, 1, 0, 1, 0, 0, 1, 0, 0, 0, 0, 1, 1, 0, 0, 0, 0, 1, 0, 0, 1, 0, 0, 0, 0, 1, 0, 1, 1, 0, 0, 0, 1, 0, 0, 0, 0, 0, 1, 0, 0, 0, 0, 1, 1, 0, 0, 0, 0, 1, 1, 0, 0, 0, 0, 0 )
Hint([7,1]+[8,6]+[5,5] add up to 3)
Hint([5,7]+[8,0]+[0,1] add up to 15)
Hint([4,4]+[6,6] add up to 8)
Hint([7,2]+[8,6] add up to 6)
Hint([5,3]+[4,4] add up to 11)
Hint([8,8]+[4,4] add up to 11)
Hint([1,2]+[3,3]+[4,8] add up to 8)
Hint([0,7]+[4,3]+[0,7] add up to 3)
Hint([7,1]+[8,6] add up to 1)
Hint([7,5]+[5,2]+[1,2] add up to 9)
