Level( 5, 8, 9, 1, 3, 7, 2, 4, 6, 7, 6, 1, 4, 9, 2, 5, 8, 3, 3, 4, 2, 5, 6, 8, 7, 1, 9, 1, 5, 4, 2, 8, 9, 6, 3, 7, 9, 7, 8, 6, 4, 3, 1, 5, 2, 6, 2, 3, 7, 1, 5, 8, 9, 4, 4, 9, 5, 8, 7, 6, 3, 2, 1, 8, 1, 7, 3, 2, 4, 9, 6, 5, 2, 3, 6, 9, 5, 1, 4, 7, 8 )
Visible( 1, 1, 0, 0, 0, 0, 0, 0, 0, 0, 0, 1, 0, 1, 0, 0, 0, 0, 0, 1, 0, 1, 1, 0, 0, 0, 1, 0, 0, 1, 1, 0, 0, 1, 0, 0, 0, 0, 0, 0, 0, 0, 1, 0, 1, 0, 0, 1, 1, 0, 1, 0, 0, 1, 0, 0, 0, 1, 0, 0, 0, 1, 0, 0, 0, 1, 1, 0, 0, 0, 0, 1, 0, 0, 0, 0, 0, 0, 1, 1, 0 )
Hint([8,7]+[1,4]+[4,3] add up to 17)
Hint([6,2]+[7,7]+[2,0] add up to 19)
Hint([5,1]+[5,0] add up to 7)
Hint([6,4]+[0,0] add up to 4)
Hint([6,4]+[4,5] add up to 0)
Hint([0,5]+[3,2] add up to 9)
Hint([2,8]+[5,8]+[5,6] add up to 10)
Hint([1,3]+[3,5]+[1,1] add up to 15)
Hint([6,3]+[0,1]+[7,7] add up to 16)
Hint([3,2]+[1,0] add up to 11)
