Level( 4, 5, A, F, 6, E, C, D, 7, B, 8, 9, 3, 0, 2, 1, 6, 2, 9, D, 4, 0, 5, 8, 1, 3, A, E, B, F, C, 7, E, B, 7, 1, F, 2, 3, A, 0, 4, C, D, 8, 6, 5, 9, 8, C, 0, 3, 9, 7, B, 1, F, 2, 6, 5, 4, D, A, E, B, 4, D, 8, 7, 5, E, F, A, 0, 2, 3, C, 9, 1, 6, 3, A, 5, 0, 1, 4, 8, 6, 9, C, E, F, D, 2, 7, B, 9, F, E, 2, B, D, A, C, 8, 6, 7, 1, 0, 5, 3, 4, 1, 7, C, 6, 2, 3, 9, 0, 5, D, B, 4, F, E, 8, A, A, D, 2, E, C, 9, 7, 4, B, F, 1, 6, 5, 8, 0, 3, 7, 1, 3, C, 8, B, 6, 2, D, 5, 0, A, 9, 4, E, F, 5, 6, F, 4, E, 1, 0, 3, 2, 7, 9, 8, A, B, D, C, 0, 9, 8, B, A, F, D, 5, 4, E, 3, C, 7, 1, 6, 2, F, 3, B, 7, 5, 6, 4, E, C, 8, D, 2, 1, A, 9, 0, 2, 8, 6, 5, 0, A, 1, B, 3, 9, 4, 7, E, C, F, D, D, E, 4, A, 3, C, F, 9, 6, 1, 5, 0, 2, 7, B, 8, C, 0, 1, 9, D, 8, 2, 7, E, A, F, B, 6, 3, 4, 5 )
Visible( 1, 0, 0, 0, 0, 0, 0, 1, 0, 0, 0, 0, 1, 0, 0, 0, 0, 1, 1, 0, 1, 1, 0, 1, 1, 0, 1, 1, 0, 1, 0, 1, 0, 0, 1, 1, 1, 1, 0, 0, 0, 1, 0, 0, 1, 1, 1, 0, 1, 0, 0, 0, 1, 1, 0, 1, 1, 0, 0, 1, 0, 1, 0, 0, 0, 1, 1, 0, 0, 1, 1, 0, 0, 1, 0, 1, 0, 1, 1, 1, 0, 1, 1, 1, 1, 0, 0, 0, 1, 1, 1, 0, 1, 0, 0, 0, 0, 1, 0, 1, 1, 1, 1, 0, 0, 0, 1, 0, 0, 0, 0, 0, 1, 1, 1, 0, 1, 0, 1, 0, 1, 0, 1, 0, 1, 0, 0, 1, 0, 0, 0, 0, 0, 0, 1, 0, 0, 0, 0, 1, 1, 1, 0, 0, 1, 0, 0, 1, 0, 0, 0, 1, 1, 0, 1, 0, 0, 0, 0, 0, 1, 1, 1, 0, 0, 0, 0, 1, 0, 0, 1, 1, 0, 0, 1, 1, 1, 0, 0, 1, 1, 0, 0, 0, 0, 0, 0, 0, 1, 1, 0, 1, 1, 0, 1, 0, 0, 0, 0, 0, 1, 0, 0, 0, 1, 1, 0, 1, 1, 0, 1, 1, 0, 0, 0, 1, 1, 1, 0, 0, 0, 0, 0, 1, 1, 0, 1, 0, 0, 0, 0, 1, 0, 0, 0, 0, 0, 0, 1, 0, 0, 0, 0, 0, 0, 1, 1, 1, 1, 0, 1, 1, 0, 1, 1, 0 )
Hint([13,7]+[0,6]+[7,4] add up to 38)
Hint([12,15]+[15,8]+[3,5] add up to 9)
Hint([10,11]+[12,15] add up to 9)
Hint([12,2]+[15,12] add up to 8)
Hint([12,6]+[7,15] add up to 7)
Hint([15,1]+[3,13] add up to 12)
Hint([1,9]+[8,7]+[8,9] add up to 19)
Hint([2,1]+[4,1]+[0,8] add up to 23)
Hint([11,11]+[1,8] add up to 25)
Hint([14,12]+[9,0]+[1,9] add up to 21)
