Level( 4, 6, 2, 1, 7, 8, 9, 3, 5, 8, 9, 1, 5, 3, 2, 7, 6, 4, 3, 5, 7, 9, 6, 4, 2, 1, 8, 5, 1, 4, 8, 2, 3, 6, 9, 7, 9, 7, 3, 4, 5, 6, 1, 8, 2, 2, 8, 6, 7, 9, 1, 5, 4, 3, 6, 4, 8, 2, 1, 7, 3, 5, 9, 1, 2, 9, 3, 4, 5, 8, 7, 6, 7, 3, 5, 6, 8, 9, 4, 2, 1 )
Visible( 0, 0, 0, 0, 0, 0, 0, 0, 0, 1, 0, 1, 0, 1, 0, 0, 0, 0, 0, 0, 0, 1, 0, 0, 1, 0, 1, 0, 0, 0, 1, 1, 0, 0, 1, 1, 0, 0, 1, 1, 0, 0, 0, 0, 0, 0, 0, 1, 0, 0, 0, 1, 0, 0, 0, 1, 0, 0, 0, 1, 0, 0, 1, 0, 0, 1, 0, 0, 1, 0, 0, 1, 1, 0, 0, 1, 1, 0, 0, 0, 0 )
Hint([8,3]+[0,4]+[4,3] add up to 15)
Hint([5,7]+[8,3]+[1,7] add up to 11)
Hint([6,3]+[6,6] add up to 7)
Hint([7,6]+[1,5] add up to 11)
Hint([6,1]+[3,1] add up to 10)
Hint([1,4]+[2,5] add up to 11)
Hint([1,6]+[4,0]+[3,2] add up to 17)
Hint([0,1]+[2,6]+[1,2] add up to 18)
Hint([6,3]+[0,1]+[6,0] add up to 20)
Hint([4,5]+[2,7]+[6,8] add up to 19)
