Level( 1, 6, 4, 7, 2, 3, 9, 8, 5, 5, 2, 3, 9, 8, 4, 1, 6, 7, 8, 9, 7, 1, 6, 5, 3, 4, 2, 6, 5, 9, 4, 7, 1, 2, 3, 8, 4, 7, 2, 3, 5, 8, 6, 1, 9, 3, 1, 8, 2, 9, 6, 7, 5, 4, 9, 8, 5, 6, 1, 7, 4, 2, 3, 2, 4, 6, 5, 3, 9, 8, 7, 1, 7, 3, 1, 8, 4, 2, 5, 9, 6 )
Visible( 0, 0, 0, 0, 1, 1, 0, 0, 0, 0, 0, 0, 1, 0, 0, 0, 1, 0, 0, 0, 1, 0, 1, 1, 0, 0, 0, 1, 0, 0, 1, 1, 0, 0, 0, 1, 0, 0, 1, 0, 0, 0, 0, 0, 0, 0, 0, 0, 0, 1, 1, 0, 0, 1, 1, 0, 0, 0, 0, 0, 1, 0, 1, 0, 1, 0, 1, 0, 0, 0, 1, 1, 0, 1, 0, 0, 0, 0, 1, 1, 0 )
Hint([8,0]+[8,4]+[4,4] add up to 16)
Hint([6,1]+[6,6]+[2,4] add up to 4)
Hint([5,5]+[6,0] add up to 13)
Hint([7,2]+[8,5] add up to 6)
Hint([6,8]+[5,3] add up to 4)
Hint([1,1]+[2,6] add up to 5)
Hint([2,3]+[3,1]+[3,7] add up to 20)
Hint([0,8]+[4,3]+[0,3] add up to 17)
Hint([7,1]+[8,3]+[7,8] add up to 20)
Hint([4,8]+[3,7] add up to 7)
