Level( 2, 1, 4, 5, 6, 7, 3, 8, 9, 9, 7, 5, 3, 8, 1, 4, 6, 2, 8, 3, 6, 9, 2, 4, 1, 7, 5, 5, 2, 8, 4, 7, 6, 9, 1, 3, 6, 4, 7, 1, 9, 3, 5, 2, 8, 3, 9, 1, 2, 5, 8, 7, 4, 6, 4, 8, 9, 7, 3, 2, 6, 5, 1, 7, 5, 2, 6, 1, 9, 8, 3, 4, 1, 6, 3, 8, 4, 5, 2, 9, 7 )
Visible( 1, 1, 0, 0, 1, 0, 0, 0, 0, 0, 0, 1, 0, 1, 0, 0, 0, 0, 0, 1, 0, 0, 0, 1, 0, 0, 1, 0, 0, 0, 0, 0, 0, 1, 0, 1, 1, 1, 1, 0, 0, 1, 1, 0, 0, 0, 0, 1, 0, 0, 0, 0, 1, 0, 0, 0, 1, 1, 0, 0, 0, 0, 0, 0, 0, 0, 0, 0, 0, 1, 0, 1, 0, 1, 0, 0, 0, 1, 0, 0, 1 )
Hint([7,3]+[8,2]+[4,1] add up to 11)
Hint([6,1]+[6,0]+[0,2] add up to 12)
Hint([4,5]+[6,8] add up to 5)
Hint([7,7]+[1,4] add up to 5)
Hint([5,6]+[5,0] add up to 7)
Hint([0,6]+[3,7] add up to 8)
Hint([2,7]+[5,7]+[5,1] add up to 9)
Hint([0,2]+[2,6] add up to 15)
Hint([1,3]+[6,3] add up to 9)
Hint([8,7]+[0,4] add up to 8)
