Level( 3, 9, 7, 6, 2, 4, 5, 1, 8, 1, 4, 8, 3, 5, 9, 7, 6, 2, 5, 2, 6, 8, 7, 1, 4, 9, 3, 6, 1, 4, 5, 3, 8, 9, 2, 7, 7, 5, 3, 9, 6, 2, 1, 8, 4, 2, 8, 9, 4, 1, 7, 3, 5, 6, 4, 7, 5, 1, 8, 6, 2, 3, 9, 9, 6, 1, 2, 4, 3, 8, 7, 5, 8, 3, 2, 7, 9, 5, 6, 4, 1 )
Visible( 0, 1, 1, 0, 0, 0, 0, 0, 0, 0, 1, 0, 0, 0, 1, 0, 1, 0, 0, 0, 0, 0, 0, 0, 0, 1, 1, 1, 0, 1, 1, 0, 1, 0, 0, 0, 0, 0, 0, 1, 0, 0, 1, 0, 0, 0, 0, 0, 1, 0, 1, 0, 1, 0, 0, 0, 0, 1, 0, 0, 1, 1, 0, 0, 0, 0, 1, 0, 0, 1, 0, 0, 1, 1, 0, 0, 0, 0, 0, 1, 0 )
Hint([7,1]+[8,0]+[3,0] add up to 17)
Hint([5,2]+[7,4]+[1,4] add up to 11)
Hint([4,5]+[6,4] add up to 0)
Hint([7,5]+[0,7] add up to 12)
Hint([6,7]+[5,8] add up to 11)
Hint([1,3]+[2,4] add up to 2)
Hint([2,0]+[3,1]+[4,7] add up to 11)
Hint([1,2]+[2,0]+[0,8] add up to 14)
Hint([8,3]+[0,5] add up to 7)
Hint([8,8]+[5,2]+[1,3] add up to 0)
