Level( 6, 9, 2, 8, 7, 3, 4, 1, 5, 3, 8, 7, 5, 4, 1, 9, 2, 6, 4, 1, 5, 2, 9, 6, 3, 8, 7, 1, 7, 3, 4, 5, 8, 2, 6, 9, 8, 2, 6, 7, 3, 9, 1, 5, 4, 9, 5, 4, 1, 6, 2, 8, 7, 3, 2, 4, 9, 6, 8, 5, 7, 3, 1, 5, 3, 8, 9, 1, 7, 6, 4, 2, 7, 6, 1, 3, 2, 4, 5, 9, 8 )
Visible( 0, 0, 0, 0, 1, 0, 0, 0, 0, 0, 0, 0, 0, 0, 0, 0, 1, 0, 1, 0, 0, 0, 0, 0, 0, 1, 0, 0, 1, 1, 1, 0, 1, 1, 1, 0, 1, 0, 0, 0, 0, 1, 0, 1, 0, 0, 0, 1, 1, 0, 0, 0, 0, 0, 0, 0, 1, 1, 0, 0, 1, 0, 1, 0, 1, 0, 0, 0, 0, 0, 0, 0, 0, 1, 0, 0, 1, 0, 0, 0, 0 )
Hint([7,4]+[0,2]+[4,7] add up to 7)
Hint([5,0]+[6,2]+[0,6] add up to 5)
Hint([5,0]+[5,8] add up to 5)
Hint([6,4]+[0,0] add up to 5)
Hint([5,8]+[5,3] add up to 10)
Hint([8,5]+[3,8] add up to 4)
Hint([1,8]+[5,3]+[4,7] add up to 12)
Hint([1,5]+[3,2]+[0,3] add up to 5)
Hint([7,1]+[8,6]+[8,7] add up to 2)
Hint([5,8]+[3,2] add up to 4)
