Level( 5, 1, 4, 9, 2, 8, 6, 3, 7, 7, 8, 3, 4, 1, 6, 2, 9, 5, 6, 9, 2, 3, 5, 7, 8, 1, 4, 2, 4, 6, 5, 7, 3, 9, 8, 1, 9, 7, 5, 2, 8, 1, 3, 4, 6, 1, 3, 8, 6, 4, 9, 7, 5, 2, 3, 2, 9, 1, 6, 4, 5, 7, 8, 8, 5, 1, 7, 3, 2, 4, 6, 9, 4, 6, 7, 8, 9, 5, 1, 2, 3 )
Visible( 0, 0, 1, 0, 0, 1, 1, 0, 1, 0, 0, 1, 1, 0, 1, 0, 0, 1, 0, 1, 0, 0, 0, 1, 0, 1, 0, 0, 0, 1, 1, 0, 0, 1, 0, 0, 0, 1, 0, 0, 0, 1, 0, 0, 0, 1, 0, 0, 1, 0, 0, 0, 1, 0, 0, 0, 0, 0, 0, 0, 0, 0, 0, 1, 0, 1, 0, 0, 1, 1, 0, 0, 1, 0, 0, 0, 1, 0, 0, 0, 0 )
Hint([8,2]+[8,4]+[4,4] add up to 15)
Hint([5,6]+[8,5]+[1,5] add up to 6)
Hint([6,4]+[6,0] add up to 7)
Hint([7,3]+[0,6] add up to 9)
Hint([5,2]+[4,8] add up to 14)
Hint([8,3]+[2,8] add up to 6)
Hint([1,8]+[5,5]+[5,0] add up to 20)
Hint([0,7]+[4,7] add up to 9)
Hint([0,5]+[7,7] add up to 5)
Hint([8,0]+[7,4] add up to 9)
