Level( 7, 3, 1, 4, 5, 6, 9, 2, 8, 8, 4, 5, 9, 3, 2, 1, 6, 7, 6, 9, 2, 1, 7, 8, 5, 4, 3, 9, 5, 4, 3, 8, 1, 2, 7, 6, 3, 1, 6, 7, 2, 4, 8, 9, 5, 2, 7, 8, 5, 6, 9, 4, 3, 1, 4, 8, 9, 6, 1, 7, 3, 5, 2, 5, 2, 7, 8, 9, 3, 6, 1, 4, 1, 6, 3, 2, 4, 5, 7, 8, 9 )
Visible( 0, 0, 1, 0, 0, 1, 0, 0, 1, 0, 1, 0, 1, 0, 0, 1, 0, 0, 0, 0, 1, 0, 1, 0, 0, 1, 0, 0, 0, 0, 0, 1, 0, 0, 1, 0, 1, 0, 0, 0, 0, 1, 0, 1, 0, 0, 1, 0, 0, 1, 0, 1, 0, 1, 0, 0, 1, 0, 0, 0, 0, 1, 0, 0, 0, 0, 1, 0, 0, 0, 0, 0, 1, 1, 0, 0, 1, 0, 1, 0, 0 )
Hint([8,5]+[0,3]+[4,3] add up to 15)
Hint([5,1]+[6,3]+[1,0] add up to 4)
Hint([6,4]+[6,5] add up to 10)
Hint([5,6]+[0,3] add up to 14)
Hint([5,5]+[4,6] add up to 8)
Hint([8,8]+[3,2] add up to 8)
Hint([2,0]+[3,7]+[5,1] add up to 8)
Hint([1,8]+[4,6] add up to 5)
Hint([7,0]+[6,4] add up to 8)
Hint([7,4]+[8,7] add up to 11)
