Level( 5, 8, 2, 1, 4, 6, 7, 9, 3, 1, 9, 6, 3, 8, 7, 5, 2, 4, 3, 4, 7, 5, 2, 9, 6, 1, 8, 9, 7, 3, 4, 6, 2, 8, 5, 1, 8, 2, 1, 9, 7, 5, 4, 3, 6, 6, 5, 4, 8, 3, 1, 2, 7, 9, 2, 6, 8, 7, 1, 3, 9, 4, 5, 4, 3, 9, 2, 5, 8, 1, 6, 7, 7, 1, 5, 6, 9, 4, 3, 8, 2 )
Visible( 0, 0, 1, 0, 1, 0, 1, 0, 0, 0, 0, 0, 0, 0, 0, 1, 0, 0, 0, 0, 1, 1, 0, 0, 0, 1, 0, 1, 1, 0, 0, 0, 1, 0, 1, 0, 0, 0, 0, 0, 0, 1, 0, 0, 1, 1, 0, 0, 0, 1, 0, 0, 1, 0, 0, 0, 0, 0, 1, 1, 0, 0, 0, 0, 1, 1, 1, 0, 0, 0, 0, 0, 0, 1, 0, 1, 1, 0, 0, 1, 1 )
Hint([6,4]+[0,3]+[4,6] add up to 11)
Hint([6,2]+[7,7]+[2,3] add up to 12)
Hint([4,4]+[6,8] add up to 8)
Hint([6,7]+[1,5] add up to 4)
Hint([5,7]+[5,4] add up to 11)
Hint([1,2]+[2,1] add up to 8)
Hint([1,1]+[3,5]+[5,4] add up to 19)
Hint([0,4]+[3,8]+[2,6] add up to 19)
Hint([7,3]+[0,7] add up to 7)
Hint([7,7]+[5,2]+[1,3] add up to 19)
