Level( 5, 2, 6, 1, 9, 3, 8, 4, 7, 9, 8, 7, 4, 6, 2, 5, 3, 1, 4, 1, 3, 7, 5, 8, 2, 9, 6, 3, 5, 4, 6, 7, 1, 9, 2, 8, 1, 6, 2, 8, 3, 9, 4, 7, 5, 7, 9, 8, 2, 4, 5, 6, 1, 3, 6, 4, 9, 5, 1, 7, 3, 8, 2, 2, 7, 5, 3, 8, 4, 1, 6, 9, 8, 3, 1, 9, 2, 6, 7, 5, 4 )
Visible( 0, 0, 1, 0, 0, 0, 0, 0, 0, 0, 0, 0, 1, 0, 1, 0, 0, 1, 0, 0, 1, 1, 0, 0, 0, 1, 0, 0, 0, 0, 0, 0, 1, 0, 0, 1, 0, 1, 0, 1, 0, 1, 0, 1, 1, 0, 1, 0, 0, 0, 1, 0, 0, 0, 0, 0, 0, 1, 0, 1, 1, 0, 0, 1, 0, 0, 0, 0, 0, 1, 0, 0, 1, 0, 1, 0, 0, 0, 0, 0, 0 )
Hint([7,3]+[8,4]+[4,3] add up to 11)
Hint([7,1]+[6,0]+[0,8] add up to 16)
Hint([4,4]+[6,0] add up to 9)
Hint([7,3]+[0,8] add up to 8)
Hint([7,5]+[5,3] add up to 0)
Hint([8,1]+[1,6] add up to 3)
Hint([2,7]+[5,0]+[3,1] add up to 9)
Hint([0,6]+[4,6]+[1,3] add up to 9)
Hint([7,0]+[8,2]+[7,4] add up to 14)
Hint([4,4]+[2,1]+[4,8] add up to 9)
