Level( 9, 4, 5, 7, 1, 8, 6, 3, 2, 2, 8, 7, 6, 3, 9, 4, 5, 1, 1, 6, 3, 5, 4, 2, 7, 8, 9, 5, 7, 2, 4, 8, 3, 9, 1, 6, 6, 3, 1, 9, 5, 7, 2, 4, 8, 4, 9, 8, 1, 2, 6, 5, 7, 3, 7, 1, 9, 8, 6, 4, 3, 2, 5, 3, 5, 4, 2, 9, 1, 8, 6, 7, 8, 2, 6, 3, 7, 5, 1, 9, 4 )
Visible( 0, 0, 1, 1, 0, 0, 1, 0, 1, 0, 1, 0, 0, 0, 1, 1, 0, 0, 0, 0, 1, 1, 1, 0, 0, 1, 0, 0, 1, 1, 0, 0, 1, 1, 0, 0, 0, 0, 0, 0, 1, 1, 0, 0, 0, 1, 0, 0, 0, 0, 0, 0, 0, 1, 1, 1, 0, 0, 0, 0, 1, 0, 0, 0, 0, 0, 1, 1, 0, 0, 0, 0, 0, 0, 0, 0, 0, 1, 0, 0, 0 )
Hint([7,5]+[0,4]+[4,6] add up to 16)
Hint([5,1]+[6,3]+[1,4] add up to 18)
Hint([5,4]+[6,2] add up to 12)
Hint([6,4]+[0,8] add up to 8)
Hint([5,6]+[5,2] add up to 4)
Hint([8,1]+[2,5] add up to 7)
Hint([1,7]+[5,8]+[6,6] add up to 10)
Hint([1,8]+[4,4]+[1,1] add up to 12)
Hint([7,6]+[0,4]+[7,5] add up to 12)
Hint([4,8]+[3,5]+[6,2] add up to 12)
