Level( 5, 7, 8, 2, 3, 6, 4, 9, 1, 9, 6, 4, 1, 7, 8, 3, 2, 5, 2, 1, 3, 5, 4, 9, 6, 7, 8, 8, 5, 6, 9, 1, 3, 7, 4, 2, 4, 9, 1, 8, 2, 7, 5, 3, 6, 3, 2, 7, 4, 6, 5, 1, 8, 9, 6, 4, 5, 7, 9, 2, 8, 1, 3, 1, 8, 2, 3, 5, 4, 9, 6, 7, 7, 3, 9, 6, 8, 1, 2, 5, 4 )
Visible( 1, 1, 0, 0, 1, 0, 0, 1, 0, 0, 0, 0, 1, 0, 0, 0, 0, 0, 0, 0, 0, 0, 0, 0, 1, 1, 0, 0, 0, 0, 0, 0, 1, 0, 0, 1, 0, 0, 1, 1, 1, 1, 0, 1, 0, 0, 0, 0, 0, 0, 0, 1, 0, 0, 0, 1, 0, 0, 0, 0, 1, 0, 1, 1, 0, 0, 0, 1, 0, 1, 0, 0, 1, 0, 0, 1, 0, 0, 0, 0, 0 )
Hint([7,8]+[1,5]+[4,7] add up to 9)
Hint([6,3]+[7,5]+[1,1] add up to 18)
Hint([5,1]+[5,0] add up to 12)
Hint([7,4]+[0,1] add up to 10)
Hint([6,5]+[5,0] add up to 5)
Hint([0,1]+[2,5] add up to 14)
Hint([1,2]+[3,5]+[5,0] add up to 8)
Hint([1,5]+[3,8] add up to 6)
Hint([1,6]+[7,3] add up to 6)
Hint([7,8]+[0,3] add up to 11)
