Level( 7, 2, 9, 4, 5, 1, 8, 3, 6, 6, 1, 4, 3, 2, 8, 5, 7, 9, 5, 3, 8, 9, 6, 7, 4, 1, 2, 2, 4, 6, 7, 1, 3, 9, 8, 5, 1, 9, 7, 8, 4, 5, 6, 2, 3, 3, 8, 5, 6, 9, 2, 1, 4, 7, 9, 5, 2, 1, 3, 4, 7, 6, 8, 4, 7, 3, 5, 8, 6, 2, 9, 1, 8, 6, 1, 2, 7, 9, 3, 5, 4 )
Visible( 0, 0, 0, 1, 0, 0, 0, 0, 0, 1, 0, 0, 1, 1, 1, 0, 1, 1, 1, 0, 0, 0, 0, 0, 0, 1, 1, 0, 0, 0, 0, 0, 1, 0, 1, 0, 0, 1, 0, 0, 0, 0, 0, 0, 0, 1, 0, 0, 0, 1, 0, 0, 0, 1, 1, 0, 0, 0, 0, 0, 0, 0, 1, 0, 1, 0, 1, 0, 0, 0, 0, 1, 0, 1, 0, 1, 1, 0, 0, 0, 0 )
Hint([8,4]+[0,0]+[3,3] add up to 14)
Hint([6,7]+[8,7]+[2,2] add up to 8)
Hint([5,7]+[7,7] add up to 13)
Hint([6,5]+[0,6] add up to 8)
Hint([6,7]+[5,0] add up to 1)
Hint([8,4]+[3,1] add up to 4)
Hint([3,1]+[3,4] add up to 9)
Hint([5,7]+[1,2]+[2,4] add up to 13)
Hint([8,7]+[7,5] add up to 3)
Hint([8,2]+[7,3] add up to 8)
