Level( 1, 4, 9, B, 3, 2, 0, 6, 5, 7, C, E, 8, F, A, D, D, 5, F, 3, 8, E, 7, A, 4, 6, 1, 9, B, 2, C, 0, C, E, 7, A, 1, F, 4, B, 0, D, 2, 8, 3, 6, 9, 5, 6, 0, 2, 8, C, D, 5, 9, F, A, B, 3, E, 4, 7, 1, 7, A, B, C, 2, 8, 1, 0, E, 3, 4, F, D, 9, 5, 6, 5, 9, 1, 2, 6, 3, A, 7, B, C, 8, D, 4, 0, F, E, E, 8, D, 4, 9, B, F, 5, A, 0, 7, 6, 1, C, 3, 2, 3, 6, 0, F, E, C, D, 4, 2, 5, 9, 1, 7, A, 8, B, 4, 2, A, 1, 0, 5, 6, 3, 8, F, D, 7, 9, E, B, C, 0, B, 3, 5, 4, 7, 2, 8, 6, 9, E, C, A, 1, D, F, 8, 7, 6, D, F, 9, E, C, 1, B, A, 0, 2, 5, 4, 3, 9, F, C, E, D, A, B, 1, 3, 2, 5, 4, 6, 8, 0, 7, B, C, 5, 9, 7, 1, 8, E, D, 4, 0, 2, F, 3, 6, A, 2, 1, 4, 6, 5, 0, 3, D, 7, 8, F, A, C, B, E, 9, F, D, 8, 0, A, 6, C, 2, 9, E, 3, B, 5, 7, 1, 4, A, 3, E, 7, B, 4, 9, F, C, 1, 6, 5, 0, D, 2, 8 )
Visible( 1, 0, 0, 0, 1, 1, 0, 0, 1, 1, 1, 0, 1, 1, 1, 1, 0, 1, 0, 0, 0, 0, 1, 0, 1, 0, 0, 0, 0, 1, 1, 0, 0, 0, 1, 0, 1, 1, 0, 0, 0, 1, 0, 1, 1, 1, 0, 0, 0, 1, 0, 1, 0, 0, 0, 0, 1, 0, 0, 1, 0, 1, 1, 1, 0, 0, 0, 1, 0, 0, 1, 0, 1, 0, 1, 0, 1, 0, 0, 0, 1, 1, 0, 1, 1, 0, 1, 0, 1, 0, 0, 0, 1, 0, 1, 1, 0, 0, 1, 0, 1, 0, 1, 0, 0, 1, 1, 1, 1, 0, 1, 0, 0, 0, 0, 1, 1, 0, 0, 0, 0, 0, 0, 1, 1, 1, 1, 0, 0, 0, 0, 0, 1, 1, 1, 0, 1, 0, 0, 0, 1, 1, 1, 0, 0, 1, 1, 1, 0, 1, 0, 0, 1, 1, 1, 0, 0, 1, 0, 0, 1, 1, 1, 0, 0, 0, 1, 1, 1, 0, 1, 1, 0, 1, 1, 0, 1, 0, 0, 1, 0, 0, 0, 0, 1, 1, 1, 0, 1, 0, 1, 0, 0, 1, 0, 0, 1, 1, 0, 1, 1, 1, 1, 1, 0, 0, 1, 1, 1, 0, 1, 0, 0, 0, 1, 0, 0, 0, 0, 0, 1, 1, 1, 1, 1, 0, 0, 0, 0, 1, 0, 0, 0, 0, 1, 0, 1, 1, 1, 0, 0, 1, 0, 0, 0, 0, 1, 0, 1, 0, 1, 1, 1, 1, 1, 0 )
Hint([12,4]+[15,0]+[6,5] add up to 36)
Hint([10,13]+[15,11]+[3,2] add up to 32)
Hint([7,14]+[13,13] add up to 13)
Hint([11,7]+[0,10] add up to 9)
Hint([12,13]+[10,10] add up to 22)
Hint([0,5]+[4,13] add up to 10)
Hint([4,8]+[7,10]+[9,12] add up to 16)
Hint([2,12]+[7,14]+[3,4] add up to 19)
Hint([13,13]+[2,3]+[12,0] add up to 21)
Hint([9,13]+[4,13]+[11,7] add up to 14)
