Level( C, 4, 5, A, 6, 7, 2, D, 1, 3, B, 8, 9, E, F, 0, 6, 1, 9, B, 5, A, 8, F, 0, 4, E, C, D, 3, 2, 7, 7, F, 2, 0, 3, E, C, 9, D, 5, A, 6, 8, B, 4, 1, 3, E, 8, D, 4, 0, 1, B, 2, 7, F, 9, C, A, 6, 5, 1, 8, E, 4, 7, 9, A, 6, 5, 0, 2, D, F, C, 3, B, 9, 2, A, 5, E, D, B, C, F, 8, 3, 7, 4, 1, 0, 6, 0, D, C, F, 1, 2, 3, 5, B, E, 6, 4, A, 8, 7, 9, B, 7, 3, 6, F, 4, 0, 8, 9, 1, C, A, E, 5, D, 2, F, A, B, 3, D, C, 7, 1, E, 9, 8, 0, 2, 6, 5, 4, 4, 9, D, E, A, F, 5, 0, 6, C, 1, 2, 3, 7, B, 8, 2, 5, 0, C, 8, 6, 4, 3, 7, B, D, F, 1, 9, A, E, 8, 6, 1, 7, 9, B, E, 2, 4, A, 5, 3, 0, F, C, D, E, B, F, 9, 2, 3, D, 7, C, 6, 0, 1, 5, 4, 8, A, A, 3, 4, 2, B, 1, F, E, 8, D, 7, 5, 6, 0, 9, C, 5, 0, 6, 1, C, 8, 9, A, 3, 2, 4, B, 7, D, E, F, D, C, 7, 8, 0, 5, 6, 4, A, F, 9, E, B, 2, 1, 3 )
Visible( 1, 0, 0, 0, 1, 1, 1, 1, 1, 0, 1, 0, 1, 0, 0, 0, 0, 1, 1, 1, 0, 0, 0, 0, 0, 0, 1, 0, 0, 0, 0, 1, 0, 1, 0, 1, 1, 1, 0, 0, 0, 1, 0, 0, 0, 0, 0, 1, 0, 1, 0, 1, 0, 0, 0, 0, 1, 1, 1, 0, 0, 0, 1, 1, 1, 1, 1, 0, 0, 1, 0, 0, 1, 0, 1, 1, 0, 1, 1, 1, 1, 1, 1, 1, 0, 1, 0, 1, 1, 0, 0, 0, 0, 1, 0, 1, 0, 1, 0, 0, 1, 0, 0, 1, 1, 0, 1, 1, 1, 0, 0, 0, 1, 1, 1, 0, 1, 1, 0, 0, 0, 1, 1, 0, 1, 1, 1, 1, 0, 0, 1, 1, 0, 0, 0, 1, 0, 0, 0, 0, 0, 0, 1, 0, 1, 0, 1, 0, 1, 1, 0, 0, 1, 0, 0, 0, 1, 1, 0, 1, 1, 1, 1, 0, 0, 1, 0, 0, 1, 0, 1, 0, 0, 0, 1, 0, 0, 0, 0, 0, 1, 0, 0, 0, 1, 0, 0, 0, 1, 1, 1, 0, 1, 0, 1, 0, 0, 0, 1, 1, 0, 1, 0, 0, 0, 1, 0, 1, 0, 1, 0, 1, 0, 1, 1, 0, 0, 0, 0, 1, 0, 0, 0, 0, 0, 0, 0, 1, 0, 1, 1, 0, 1, 0, 1, 0, 1, 0, 1, 1, 0, 0, 0, 1, 1, 0, 1, 1, 1, 0, 0, 0, 0, 1, 0, 0 )
Hint([11,7]+[0,9]+[8,8] add up to 28)
Hint([9,3]+[12,6]+[2,15] add up to 24)
Hint([7,1]+[9,9] add up to 27)
Hint([11,8]+[0,1] add up to 6)
Hint([10,10]+[9,14] add up to 15)
Hint([1,8]+[5,3] add up to 10)
Hint([3,5]+[7,0]+[6,11] add up to 32)
Hint([2,4]+[5,11]+[2,0] add up to 30)
Hint([11,2]+[15,0]+[11,10] add up to 21)
Hint([6,8]+[3,7]+[9,11] add up to 23)
