Level( 4, 3, 7, 6, 1, 2, 8, 9, 5, 2, 5, 6, 9, 8, 3, 4, 7, 1, 1, 9, 8, 7, 5, 4, 3, 2, 6, 6, 7, 4, 5, 9, 1, 2, 3, 8, 5, 8, 2, 4, 3, 7, 1, 6, 9, 9, 1, 3, 2, 6, 8, 7, 5, 4, 3, 6, 1, 8, 7, 5, 9, 4, 2, 8, 4, 9, 3, 2, 6, 5, 1, 7, 7, 2, 5, 1, 4, 9, 6, 8, 3 )
Visible( 0, 0, 1, 0, 0, 1, 0, 0, 0, 1, 0, 1, 0, 0, 1, 0, 0, 1, 0, 1, 0, 0, 1, 0, 0, 0, 1, 0, 1, 0, 0, 0, 1, 1, 0, 0, 0, 0, 1, 1, 0, 1, 0, 0, 0, 0, 0, 1, 0, 1, 0, 0, 1, 1, 0, 0, 0, 0, 0, 0, 0, 0, 1, 1, 1, 0, 0, 0, 0, 1, 0, 0, 0, 0, 0, 0, 0, 0, 1, 1, 0 )
Hint([6,2]+[8,4]+[4,1] add up to 17)
Hint([5,6]+[8,5]+[1,1] add up to 11)
Hint([6,4]+[6,2] add up to 2)
Hint([6,4]+[0,1] add up to 1)
Hint([5,1]+[3,3] add up to 6)
Hint([1,1]+[2,5] add up to 6)
Hint([0,1]+[3,4]+[4,3] add up to 12)
Hint([0,7]+[4,1]+[0,5] add up to 22)
Hint([7,5]+[0,8] add up to 10)
Hint([0,7]+[5,6]+[2,7] add up to 19)
