Level( 8, 4, 6, 9, 7, 5, 1, 2, 3, 3, 9, 5, 6, 2, 1, 4, 8, 7, 1, 2, 7, 4, 3, 8, 5, 6, 9, 5, 6, 2, 3, 8, 9, 7, 4, 1, 4, 1, 9, 7, 5, 6, 2, 3, 8, 7, 3, 8, 2, 1, 4, 6, 9, 5, 2, 5, 4, 1, 9, 3, 8, 7, 6, 9, 7, 1, 8, 6, 2, 3, 5, 4, 6, 8, 3, 5, 4, 7, 9, 1, 2 )
Visible( 1, 1, 0, 0, 1, 1, 0, 1, 0, 1, 0, 1, 0, 0, 0, 0, 0, 0, 0, 0, 1, 0, 0, 0, 0, 0, 0, 0, 1, 0, 0, 0, 1, 1, 0, 0, 0, 1, 0, 0, 0, 1, 0, 0, 0, 0, 0, 0, 1, 0, 0, 0, 1, 1, 1, 0, 0, 0, 0, 0, 1, 0, 0, 0, 1, 0, 0, 1, 0, 1, 0, 0, 0, 0, 1, 0, 1, 0, 0, 1, 1 )
Hint([8,5]+[0,6]+[5,8] add up to 11)
Hint([6,4]+[7,0]+[0,1] add up to 4)
Hint([5,6]+[6,6] add up to 9)
Hint([6,5]+[0,5] add up to 11)
Hint([5,2]+[4,7] add up to 12)
Hint([8,2]+[2,6] add up to 11)
Hint([1,1]+[3,1]+[4,7] add up to 18)
Hint([0,0]+[2,5]+[1,6] add up to 18)
Hint([7,0]+[8,0] add up to 3)
Hint([0,0]+[3,0]+[0,6] add up to 16)
