Level( 3, 9, 1, 5, 7, 4, 6, 2, 8, 2, 5, 7, 8, 3, 6, 1, 4, 9, 4, 6, 8, 1, 9, 2, 7, 3, 5, 1, 4, 3, 6, 8, 7, 5, 9, 2, 8, 7, 6, 9, 2, 5, 3, 1, 4, 9, 2, 5, 4, 1, 3, 8, 6, 7, 5, 8, 4, 2, 6, 1, 9, 7, 3, 7, 1, 9, 3, 4, 8, 2, 5, 6, 6, 3, 2, 7, 5, 9, 4, 8, 1 )
Visible( 1, 0, 1, 1, 1, 0, 0, 1, 0, 0, 0, 0, 0, 0, 1, 0, 1, 0, 0, 0, 1, 0, 0, 0, 0, 0, 0, 0, 0, 1, 0, 1, 0, 0, 0, 1, 0, 1, 0, 1, 0, 0, 0, 0, 0, 0, 0, 1, 0, 1, 0, 0, 1, 1, 1, 0, 0, 0, 0, 1, 1, 0, 0, 0, 0, 0, 0, 0, 1, 0, 0, 1, 0, 0, 0, 1, 0, 1, 1, 0, 0 )
Hint([8,1]+[8,3]+[4,4] add up to 10)
Hint([5,2]+[7,4]+[1,5] add up to 2)
Hint([5,5]+[6,2] add up to 8)
Hint([7,8]+[1,7] add up to 7)
Hint([5,8]+[5,7] add up to 15)
Hint([0,0]+[1,6] add up to 9)
Hint([1,8]+[5,4]+[4,4] add up to 7)
Hint([1,6]+[4,8]+[2,5] add up to 15)
Hint([5,2]+[8,0] add up to 8)
Hint([8,4]+[4,5]+[2,0] add up to 3)
