Level( 3, 2, 4, 5, 9, 7, 1, 8, 6, 7, 9, 8, 4, 6, 1, 3, 5, 2, 6, 1, 5, 3, 2, 8, 4, 7, 9, 4, 6, 2, 8, 1, 5, 7, 9, 3, 1, 8, 9, 2, 7, 3, 6, 4, 5, 5, 3, 7, 9, 4, 6, 2, 1, 8, 8, 7, 1, 6, 3, 9, 5, 2, 4, 2, 5, 6, 7, 8, 4, 9, 3, 1, 9, 4, 3, 1, 5, 2, 8, 6, 7 )
Visible( 0, 1, 0, 0, 1, 0, 0, 1, 1, 0, 0, 0, 0, 1, 1, 0, 0, 0, 0, 0, 0, 0, 0, 1, 1, 1, 0, 0, 0, 1, 0, 1, 1, 1, 0, 0, 0, 1, 1, 0, 0, 0, 0, 0, 0, 0, 0, 0, 1, 0, 0, 0, 0, 0, 1, 0, 1, 0, 0, 0, 0, 0, 1, 0, 1, 1, 0, 0, 0, 1, 0, 1, 0, 0, 1, 0, 0, 1, 0, 0, 0 )
Hint([8,5]+[0,3]+[4,5] add up to 13)
Hint([5,6]+[8,2]+[1,0] add up to 17)
Hint([6,7]+[7,2] add up to 14)
Hint([7,7]+[1,3] add up to 7)
Hint([7,6]+[5,1] add up to 1)
Hint([7,7]+[3,4] add up to 3)
Hint([2,8]+[5,1]+[4,7] add up to 9)
Hint([0,1]+[2,1]+[0,2] add up to 18)
Hint([6,5]+[0,6]+[8,5] add up to 15)
Hint([5,1]+[1,7]+[6,2] add up to 7)
