Level( 4, 5, 6, 8, 9, 1, 2, 7, 3, 8, 2, 1, 3, 4, 7, 9, 6, 5, 7, 9, 3, 5, 6, 2, 1, 8, 4, 6, 8, 5, 9, 7, 3, 4, 1, 2, 3, 1, 9, 6, 2, 4, 7, 5, 8, 2, 7, 4, 1, 8, 5, 3, 9, 6, 9, 4, 2, 7, 5, 8, 6, 3, 1, 5, 3, 7, 4, 1, 6, 8, 2, 9, 1, 6, 8, 2, 3, 9, 5, 4, 7 )
Visible( 0, 1, 0, 0, 1, 0, 0, 0, 0, 1, 0, 0, 1, 0, 1, 1, 0, 0, 1, 0, 0, 0, 1, 1, 0, 1, 0, 0, 0, 0, 0, 1, 0, 1, 0, 0, 0, 0, 1, 0, 1, 0, 1, 0, 0, 0, 0, 1, 1, 0, 0, 0, 0, 1, 0, 0, 0, 1, 0, 1, 1, 0, 0, 1, 0, 0, 1, 0, 0, 0, 0, 0, 1, 0, 0, 0, 0, 1, 0, 0, 0 )
Hint([6,1]+[8,1]+[3,2] add up to 16)
Hint([5,4]+[7,3]+[1,6] add up to 6)
Hint([4,2]+[6,2] add up to 5)
Hint([5,4]+[0,6] add up to 11)
Hint([5,8]+[5,5] add up to 12)
Hint([0,4]+[2,4] add up to 10)
Hint([1,8]+[5,8]+[5,6] add up to 20)
Hint([0,1]+[2,1]+[0,7] add up to 11)
Hint([7,1]+[8,5] add up to 10)
Hint([7,1]+[3,0]+[0,3] add up to 17)
