Level( 6, 3, 7, 8, 9, 5, 2, 1, 4, 8, 1, 2, 3, 4, 7, 5, 9, 6, 9, 5, 4, 1, 2, 6, 8, 3, 7, 3, 4, 8, 9, 6, 1, 7, 2, 5, 2, 6, 9, 5, 7, 8, 3, 4, 1, 5, 7, 1, 4, 3, 2, 6, 8, 9, 7, 8, 3, 6, 1, 4, 9, 5, 2, 1, 9, 6, 2, 5, 3, 4, 7, 8, 4, 2, 5, 7, 8, 9, 1, 6, 3 )
Visible( 0, 0, 0, 0, 1, 0, 0, 1, 1, 0, 1, 0, 0, 1, 1, 0, 1, 0, 0, 0, 0, 0, 0, 0, 1, 0, 0, 0, 0, 1, 0, 1, 0, 1, 0, 0, 1, 0, 0, 0, 0, 1, 1, 0, 1, 1, 0, 0, 0, 0, 0, 0, 0, 1, 1, 0, 0, 0, 1, 0, 0, 0, 1, 1, 0, 1, 0, 0, 0, 0, 1, 0, 0, 1, 0, 0, 0, 1, 0, 0, 1 )
Hint([8,1]+[8,3]+[4,1] add up to 12)
Hint([7,7]+[8,0]+[0,0] add up to 14)
Hint([5,4]+[6,8] add up to 7)
Hint([6,7]+[1,7] add up to 11)
Hint([6,1]+[4,4] add up to 10)
Hint([0,2]+[2,1] add up to 9)
Hint([1,3]+[4,0]+[3,1] add up to 13)
Hint([1,3]+[3,5]+[1,1] add up to 6)
Hint([7,2]+[0,2]+[7,2] add up to 12)
Hint([3,0]+[0,5]+[5,7] add up to 13)
