Level( 1, 6, 9, 7, 2, 4, 8, 3, 5, 2, 8, 4, 3, 1, 5, 7, 9, 6, 5, 7, 3, 8, 9, 6, 4, 1, 2, 4, 1, 2, 9, 3, 7, 6, 5, 8, 7, 9, 5, 6, 4, 8, 1, 2, 3, 8, 3, 6, 2, 5, 1, 9, 7, 4, 6, 2, 8, 1, 7, 3, 5, 4, 9, 3, 5, 7, 4, 8, 9, 2, 6, 1, 9, 4, 1, 5, 6, 2, 3, 8, 7 )
Visible( 0, 0, 0, 0, 0, 1, 0, 1, 0, 1, 1, 0, 0, 0, 0, 0, 1, 0, 1, 0, 1, 0, 0, 1, 0, 0, 1, 0, 0, 0, 0, 0, 0, 0, 1, 0, 0, 1, 0, 0, 1, 0, 0, 1, 0, 1, 0, 1, 0, 0, 1, 0, 0, 0, 0, 0, 1, 0, 1, 1, 0, 0, 0, 0, 1, 0, 0, 0, 0, 1, 0, 1, 1, 0, 0, 0, 1, 0, 0, 0, 0 )
Hint([8,3]+[0,2]+[3,5] add up to 12)
Hint([7,5]+[8,5]+[1,6] add up to 10)
Hint([5,6]+[7,2] add up to 2)
Hint([6,7]+[1,4] add up to 9)
Hint([5,3]+[4,3] add up to 8)
Hint([0,4]+[2,3] add up to 7)
Hint([2,2]+[3,3]+[4,3] add up to 12)
Hint([0,5]+[3,8]+[2,2] add up to 13)
Hint([7,2]+[8,4]+[7,7] add up to 7)
Hint([5,7]+[2,8] add up to 8)
