Level( 8, E, A, C, 0, 3, 6, F, 7, 1, 9, 2, 4, 5, B, D, 5, 4, F, B, 1, 7, C, 9, D, 8, 6, 0, 3, A, E, 2, 6, 9, 3, 2, D, 8, 4, B, E, A, C, 5, 7, F, 0, 1, 0, 1, 7, D, 2, 5, E, A, F, B, 3, 4, 8, 6, 9, C, 3, B, 2, 0, C, 6, F, E, 5, 4, D, 1, A, 9, 7, 8, F, 6, D, 4, 5, 0, 3, 8, 9, E, A, 7, 1, C, 2, B, 9, 7, 8, 5, A, 1, 2, D, 3, C, B, F, E, 0, 4, 6, E, A, C, 1, 4, 9, B, 7, 2, 6, 0, 8, 5, D, F, 3, C, F, 6, 9, 7, D, 8, 0, 1, 3, 4, E, 2, B, A, 5, 4, 0, B, 7, E, C, A, 3, 8, 2, 5, D, 9, 1, 6, F, 2, D, E, 8, B, 4, 5, 1, 6, 9, F, A, C, 7, 3, 0, A, 5, 1, 3, 6, F, 9, 2, B, 0, 7, C, D, 4, 8, E, 7, 3, 0, 6, 9, 2, 1, C, 4, 5, 8, B, F, E, D, A, D, C, 5, F, 3, E, 0, 6, A, 7, 2, 9, B, 8, 1, 4, 1, 2, 9, A, 8, B, D, 4, C, F, E, 6, 0, 3, 5, 7, B, 8, 4, E, F, A, 7, 5, 0, D, 1, 3, 6, 2, C, 9 )
Visible( 1, 1, 0, 0, 1, 0, 0, 0, 0, 1, 1, 1, 0, 1, 1, 0, 1, 1, 1, 1, 1, 0, 0, 0, 0, 0, 0, 1, 0, 0, 0, 1, 0, 0, 0, 0, 0, 0, 1, 0, 0, 0, 0, 1, 0, 0, 0, 0, 0, 0, 1, 0, 1, 0, 0, 1, 0, 0, 0, 1, 0, 0, 1, 1, 1, 1, 1, 1, 0, 1, 1, 0, 1, 0, 0, 0, 1, 1, 1, 1, 0, 1, 1, 1, 0, 0, 0, 1, 0, 0, 0, 1, 1, 0, 1, 1, 1, 1, 1, 1, 0, 0, 1, 0, 1, 0, 1, 0, 1, 0, 1, 0, 1, 1, 0, 1, 0, 1, 0, 0, 0, 0, 0, 0, 0, 0, 0, 0, 0, 1, 0, 0, 1, 0, 1, 1, 0, 0, 0, 1, 0, 0, 0, 0, 0, 0, 1, 0, 0, 1, 1, 1, 1, 0, 1, 1, 1, 1, 1, 0, 0, 0, 1, 0, 0, 1, 1, 1, 1, 0, 0, 1, 1, 1, 0, 1, 0, 1, 1, 1, 1, 0, 0, 0, 1, 0, 0, 0, 1, 0, 0, 1, 0, 0, 1, 1, 1, 0, 0, 1, 0, 0, 0, 0, 0, 0, 0, 1, 1, 1, 1, 0, 0, 1, 0, 1, 1, 0, 0, 1, 0, 0, 0, 0, 0, 0, 0, 1, 1, 1, 1, 1, 0, 1, 1, 0, 1, 1, 0, 0, 0, 0, 1, 1, 1, 0, 0, 0, 0, 1, 1, 1, 1, 0, 0, 0 )
Hint([12,12]+[1,8]+[8,2] add up to 44)
Hint([10,3]+[12,1]+[1,13] add up to 18)
Hint([7,11]+[12,14] add up to 2)
Hint([13,15]+[2,15] add up to 6)
Hint([9,13]+[9,14] add up to 22)
Hint([14,2]+[3,1] add up to 11)
Hint([5,1]+[5,14] add up to 18)
Hint([11,0]+[14,15]+[8,12] add up to 18)
Hint([2,0]+[10,5] add up to 20)
Hint([12,8]+[15,13] add up to 6)
