Level( 6, 2, 7, 1, 5, 3, 4, 9, 8, 3, 5, 4, 7, 9, 8, 6, 1, 2, 9, 8, 1, 6, 2, 4, 3, 5, 7, 4, 1, 9, 5, 8, 7, 2, 3, 6, 8, 3, 2, 9, 4, 6, 1, 7, 5, 5, 7, 6, 2, 3, 1, 8, 4, 9, 1, 4, 5, 8, 6, 9, 7, 2, 3, 7, 9, 8, 3, 1, 2, 5, 6, 4, 2, 6, 3, 4, 7, 5, 9, 8, 1 )
Visible( 0, 0, 0, 1, 0, 0, 1, 1, 0, 0, 0, 0, 0, 0, 1, 0, 0, 1, 0, 1, 0, 0, 0, 0, 0, 1, 0, 0, 0, 0, 0, 1, 0, 0, 1, 0, 0, 1, 0, 1, 1, 0, 0, 1, 0, 0, 0, 1, 0, 0, 1, 0, 0, 0, 1, 1, 0, 0, 0, 0, 1, 0, 0, 0, 0, 0, 0, 0, 1, 0, 0, 0, 0, 1, 0, 0, 1, 1, 1, 0, 1 )
Hint([7,7]+[1,2]+[4,4] add up to 15)
Hint([6,5]+[7,4]+[1,2] add up to 20)
Hint([5,5]+[6,5] add up to 7)
Hint([6,5]+[0,1] add up to 9)
Hint([7,0]+[3,2] add up to 13)
Hint([0,3]+[2,7] add up to 10)
Hint([1,4]+[4,6]+[5,0] add up to 9)
Hint([8,7]+[4,7] add up to 3)
Hint([0,6]+[7,5] add up to 3)
Hint([8,0]+[7,1] add up to 7)
