Level( 7, 6, 3, 2, 1, 8, 5, 9, 4, 5, 4, 1, 7, 9, 6, 3, 2, 8, 8, 9, 2, 3, 4, 5, 6, 1, 7, 4, 7, 5, 8, 6, 9, 2, 3, 1, 2, 3, 9, 1, 7, 4, 8, 5, 6, 6, 1, 8, 5, 3, 2, 7, 4, 9, 3, 5, 4, 6, 8, 1, 9, 7, 2, 9, 2, 6, 4, 5, 7, 1, 8, 3, 1, 8, 7, 9, 2, 3, 4, 6, 5 )
Visible( 0, 0, 1, 0, 1, 1, 0, 0, 1, 0, 1, 0, 1, 1, 0, 1, 0, 1, 0, 1, 0, 0, 0, 0, 0, 1, 0, 0, 1, 0, 1, 0, 0, 0, 0, 0, 0, 1, 0, 0, 0, 0, 0, 0, 1, 0, 0, 1, 0, 1, 1, 0, 1, 0, 0, 0, 0, 0, 0, 0, 0, 0, 1, 0, 0, 0, 1, 1, 0, 1, 0, 0, 1, 0, 0, 0, 1, 0, 0, 1, 0 )
Hint([6,2]+[8,7]+[5,3] add up to 15)
Hint([6,2]+[7,4]+[1,0] add up to 14)
Hint([6,7]+[7,4] add up to 4)
Hint([6,8]+[1,2] add up to 11)
Hint([6,0]+[3,8] add up to 12)
Hint([0,6]+[3,2] add up to 4)
Hint([1,2]+[3,0]+[3,6] add up to 14)
Hint([0,0]+[2,8]+[2,6] add up to 15)
Hint([7,0]+[8,1] add up to 15)
Hint([8,8]+[5,3]+[1,4] add up to 14)
