Level( 2, 5, 8, 4, 7, 1, 3, 6, 9, 1, 4, 7, 9, 3, 6, 2, 8, 5, 3, 6, 9, 2, 5, 8, 7, 4, 1, 6, 7, 3, 1, 9, 2, 8, 5, 4, 5, 1, 2, 7, 8, 4, 6, 9, 3, 9, 8, 4, 3, 6, 5, 1, 2, 7, 7, 9, 6, 8, 4, 3, 5, 1, 2, 8, 3, 1, 5, 2, 9, 4, 7, 6, 4, 2, 5, 6, 1, 7, 9, 3, 8 )
Visible( 0, 1, 0, 0, 0, 1, 1, 0, 0, 0, 0, 0, 0, 0, 0, 1, 0, 0, 0, 0, 0, 0, 1, 1, 0, 0, 0, 1, 0, 0, 0, 1, 0, 0, 0, 1, 1, 0, 0, 1, 0, 1, 0, 0, 0, 0, 1, 0, 0, 0, 0, 1, 1, 0, 0, 0, 1, 0, 0, 0, 1, 1, 0, 1, 1, 0, 1, 0, 0, 1, 0, 1, 0, 0, 0, 0, 1, 1, 0, 0, 0 )
Hint([8,4]+[0,0]+[3,5] add up to 5)
Hint([7,7]+[8,3]+[1,7] add up to 11)
Hint([6,5]+[6,4] add up to 5)
Hint([7,5]+[0,6] add up to 7)
Hint([6,3]+[4,7] add up to 8)
Hint([8,3]+[2,4] add up to 4)
Hint([3,7]+[5,6]+[5,0] add up to 6)
Hint([8,3]+[3,3] add up to 3)
Hint([0,8]+[8,3] add up to 6)
Hint([7,1]+[7,5] add up to 8)
