Level( 9, 8, 7, 3, 6, 5, 4, 2, 1, 2, 3, 5, 4, 7, 1, 6, 9, 8, 1, 4, 6, 8, 2, 9, 3, 5, 7, 3, 7, 4, 1, 5, 6, 9, 8, 2, 6, 1, 9, 2, 3, 8, 7, 4, 5, 5, 2, 8, 9, 4, 7, 1, 6, 3, 8, 6, 3, 5, 1, 4, 2, 7, 9, 7, 9, 1, 6, 8, 2, 5, 3, 4, 4, 5, 2, 7, 9, 3, 8, 1, 6 )
Visible( 0, 0, 0, 0, 1, 0, 0, 1, 0, 0, 0, 0, 0, 0, 0, 1, 0, 0, 0, 0, 1, 1, 0, 1, 1, 0, 1, 1, 0, 0, 0, 0, 1, 0, 1, 1, 0, 1, 0, 0, 0, 0, 0, 0, 0, 0, 1, 0, 0, 1, 0, 1, 1, 0, 1, 0, 0, 0, 1, 1, 0, 1, 0, 1, 0, 0, 0, 0, 0, 1, 0, 0, 0, 1, 0, 1, 0, 1, 0, 0, 0 )
Hint([6,5]+[0,4]+[4,3] add up to 9)
Hint([6,6]+[8,8]+[2,0] add up to 12)
Hint([5,3]+[6,0] add up to 8)
Hint([5,3]+[0,8] add up to 8)
Hint([5,0]+[3,0] add up to 6)
Hint([8,3]+[2,0] add up to 7)
Hint([1,3]+[3,4] add up to 7)
Hint([5,6]+[1,5]+[3,1] add up to 7)
Hint([0,4]+[7,6] add up to 11)
Hint([8,6]+[8,1] add up to 15)
