Level( 7, 3, 2, 1, 4, 6, 9, 8, 5, 9, 6, 1, 7, 8, 5, 2, 3, 4, 8, 4, 5, 9, 2, 3, 7, 1, 6, 2, 7, 8, 3, 9, 4, 6, 5, 1, 3, 5, 9, 8, 6, 1, 4, 2, 7, 6, 1, 4, 2, 5, 7, 3, 9, 8, 5, 9, 6, 4, 1, 2, 8, 7, 3, 1, 2, 7, 6, 3, 8, 5, 4, 9, 4, 8, 3, 5, 7, 9, 1, 6, 2 )
Visible( 1, 0, 1, 0, 1, 0, 0, 1, 1, 0, 0, 0, 0, 0, 0, 0, 0, 1, 0, 1, 1, 0, 1, 0, 0, 0, 0, 0, 0, 1, 1, 1, 1, 0, 0, 0, 0, 0, 1, 1, 1, 0, 0, 1, 0, 0, 0, 0, 0, 0, 1, 1, 0, 0, 0, 0, 0, 0, 0, 0, 0, 1, 1, 1, 0, 1, 0, 0, 0, 1, 0, 0, 0, 0, 0, 1, 0, 1, 0, 1, 0 )
Hint([7,1]+[8,0]+[3,2] add up to 14)
Hint([5,7]+[8,3]+[1,4] add up to 11)
Hint([4,8]+[7,1] add up to 8)
Hint([5,6]+[0,8] add up to 4)
Hint([6,8]+[5,3] add up to 3)
Hint([0,2]+[2,6] add up to 12)
Hint([2,7]+[5,4]+[4,4] add up to 11)
Hint([0,4]+[3,4]+[1,2] add up to 12)
Hint([6,4]+[0,7]+[8,4] add up to 9)
Hint([5,5]+[2,4]+[5,5] add up to 20)
