Level( 1, 7, 5, 6, 2, 8, 3, 4, 9, 8, 3, 9, 7, 5, 4, 6, 2, 1, 4, 2, 6, 9, 1, 3, 8, 5, 7, 2, 6, 7, 8, 9, 5, 4, 1, 3, 9, 8, 4, 1, 3, 2, 5, 7, 6, 5, 1, 3, 4, 6, 7, 2, 9, 8, 7, 4, 2, 3, 8, 1, 9, 6, 5, 3, 9, 1, 5, 4, 6, 7, 8, 2, 6, 5, 8, 2, 7, 9, 1, 3, 4 )
Visible( 0, 0, 0, 1, 1, 0, 1, 1, 0, 1, 0, 1, 0, 0, 1, 0, 1, 1, 0, 0, 0, 0, 0, 0, 1, 0, 0, 0, 0, 1, 0, 1, 0, 0, 0, 0, 0, 1, 1, 1, 0, 0, 0, 1, 0, 1, 0, 1, 0, 1, 0, 0, 1, 0, 0, 1, 0, 0, 0, 1, 0, 0, 0, 0, 0, 0, 0, 0, 0, 0, 0, 0, 1, 0, 1, 0, 1, 0, 0, 1, 0 )
Hint([7,6]+[0,3]+[4,4] add up to 8)
Hint([6,2]+[7,7]+[2,3] add up to 20)
Hint([4,8]+[7,2] add up to 10)
Hint([6,7]+[1,5] add up to 6)
Hint([7,0]+[3,5] add up to 6)
Hint([8,5]+[3,1] add up to 13)
Hint([3,7]+[5,6]+[5,0] add up to 11)
Hint([0,1]+[2,0] add up to 11)
Hint([0,3]+[6,8]+[1,1] add up to 3)
Hint([7,6]+[5,7]+[2,2] add up to 15)
