Level( 2, 3, 5, 8, 7, 9, 4, 6, 1, 7, 8, 9, 6, 4, 1, 2, 5, 3, 4, 6, 1, 5, 3, 2, 8, 9, 7, 8, 9, 4, 7, 5, 3, 1, 2, 6, 5, 2, 6, 1, 9, 8, 7, 3, 4, 3, 1, 7, 4, 2, 6, 5, 8, 9, 9, 4, 3, 2, 1, 5, 6, 7, 8, 6, 7, 2, 3, 8, 4, 9, 1, 5, 1, 5, 8, 9, 6, 7, 3, 4, 2 )
Visible( 0, 1, 0, 1, 0, 0, 1, 0, 1, 0, 1, 0, 1, 0, 0, 0, 0, 0, 1, 0, 0, 1, 0, 0, 1, 0, 0, 0, 1, 1, 0, 0, 0, 0, 1, 0, 1, 0, 1, 1, 0, 0, 0, 1, 0, 0, 0, 0, 0, 0, 0, 0, 0, 1, 0, 0, 1, 0, 0, 1, 0, 0, 0, 1, 0, 0, 0, 0, 1, 1, 0, 0, 1, 0, 1, 0, 0, 0, 0, 0, 1 )
Hint([7,5]+[0,4]+[4,0] add up to 17)
Hint([7,7]+[8,7]+[2,4] add up to 9)
Hint([6,0]+[5,3] add up to 5)
Hint([6,6]+[1,6] add up to 8)
Hint([6,7]+[5,4] add up to 15)
Hint([8,8]+[4,2] add up to 3)
Hint([3,6]+[4,8]+[6,1] add up to 7)
Hint([0,5]+[3,7]+[1,2] add up to 9)
Hint([8,1]+[8,7]+[8,1] add up to 8)
Hint([3,8]+[3,2]+[5,8] add up to 18)
