Level( 4, 2, 9, 1, 8, 5, 6, 3, 7, 1, 6, 3, 7, 9, 4, 2, 8, 5, 7, 8, 5, 6, 2, 3, 4, 1, 9, 3, 4, 7, 8, 6, 1, 9, 5, 2, 8, 5, 1, 2, 4, 9, 3, 7, 6, 2, 9, 6, 5, 3, 7, 1, 4, 8, 5, 7, 4, 9, 1, 6, 8, 2, 3, 6, 3, 8, 4, 5, 2, 7, 9, 1, 9, 1, 2, 3, 7, 8, 5, 6, 4 )
Visible( 0, 0, 1, 0, 1, 0, 0, 0, 0, 0, 1, 0, 1, 1, 0, 0, 0, 0, 1, 0, 1, 0, 0, 0, 0, 1, 0, 0, 0, 0, 0, 0, 0, 0, 0, 1, 0, 0, 0, 1, 0, 0, 1, 0, 0, 0, 1, 1, 0, 0, 0, 0, 0, 1, 0, 1, 0, 0, 1, 0, 1, 0, 0, 0, 0, 0, 1, 0, 1, 1, 1, 0, 0, 0, 0, 1, 0, 0, 0, 1, 0 )
Hint([7,3]+[0,3]+[4,4] add up to 9)
Hint([6,8]+[8,1]+[0,4] add up to 15)
Hint([4,1]+[5,2] add up to 10)
Hint([6,1]+[8,1] add up to 5)
Hint([5,2]+[4,4] add up to 5)
Hint([8,1]+[1,6] add up to 10)
Hint([2,4]+[4,5]+[5,0] add up to 6)
Hint([1,4]+[3,6] add up to 12)
Hint([0,8]+[8,4] add up to 13)
Hint([8,0]+[7,8] add up to 11)
