Level( 6, 9, 8, 5, 7, 1, 2, 4, 3, 7, 4, 5, 2, 8, 3, 1, 9, 6, 1, 2, 3, 6, 9, 4, 5, 7, 8, 5, 1, 9, 3, 6, 7, 4, 8, 2, 3, 7, 2, 4, 1, 8, 6, 5, 9, 4, 8, 6, 9, 5, 2, 7, 3, 1, 2, 3, 1, 7, 4, 9, 8, 6, 5, 9, 6, 4, 8, 2, 5, 3, 1, 7, 8, 5, 7, 1, 3, 6, 9, 2, 4 )
Visible( 0, 0, 0, 0, 0, 0, 0, 1, 1, 0, 0, 0, 0, 0, 0, 1, 0, 0, 0, 0, 0, 1, 0, 1, 1, 0, 0, 0, 0, 1, 0, 0, 0, 0, 1, 0, 1, 0, 0, 0, 1, 0, 1, 1, 0, 0, 0, 1, 0, 0, 1, 0, 0, 0, 0, 1, 0, 0, 0, 0, 0, 0, 0, 1, 1, 0, 1, 1, 0, 0, 0, 1, 0, 0, 1, 0, 0, 1, 1, 0, 1 )
Hint([7,5]+[0,8]+[5,1] add up to 11)
Hint([6,5]+[7,4]+[1,1] add up to 13)
Hint([6,1]+[5,4] add up to 7)
Hint([6,2]+[8,1] add up to 9)
Hint([6,6]+[5,1] add up to 9)
Hint([0,3]+[2,4] add up to 5)
Hint([1,8]+[5,2]+[4,7] add up to 8)
Hint([0,6]+[3,8]+[2,8] add up to 7)
Hint([6,1]+[8,1] add up to 5)
Hint([7,7]+[5,2]+[1,0] add up to 11)
