Level( 1, 6, 9, 2, 8, 7, 5, 4, 3, 7, 3, 8, 1, 5, 4, 2, 9, 6, 5, 2, 4, 3, 9, 6, 7, 1, 8, 3, 1, 2, 4, 6, 9, 8, 5, 7, 6, 8, 7, 5, 2, 1, 4, 3, 9, 4, 9, 5, 8, 7, 3, 1, 6, 2, 9, 4, 3, 7, 1, 2, 6, 8, 5, 8, 7, 6, 9, 4, 5, 3, 2, 1, 2, 5, 1, 6, 3, 8, 9, 7, 4 )
Visible( 0, 0, 1, 0, 0, 0, 0, 0, 1, 0, 0, 1, 1, 1, 1, 0, 0, 0, 0, 0, 0, 0, 0, 0, 1, 0, 0, 0, 0, 0, 0, 1, 0, 0, 0, 0, 0, 0, 0, 0, 0, 0, 1, 0, 0, 1, 0, 0, 1, 1, 0, 1, 1, 0, 0, 0, 1, 0, 1, 1, 0, 1, 0, 0, 1, 0, 1, 0, 1, 0, 0, 0, 0, 1, 0, 0, 0, 0, 0, 0, 0 )
Hint([7,2]+[8,1]+[3,5] add up to 12)
Hint([6,5]+[8,1]+[0,7] add up to 12)
Hint([6,8]+[7,8] add up to 14)
Hint([6,0]+[8,8] add up to 7)
Hint([6,4]+[4,4] add up to 4)
Hint([8,7]+[3,3] add up to 3)
Hint([2,4]+[4,2]+[4,7] add up to 17)
Hint([8,2]+[2,0]+[0,1] add up to 21)
Hint([6,3]+[0,7]+[8,5] add up to 15)
Hint([4,4]+[1,5]+[6,1] add up to 10)
