Level( 3, 6, F, 2, E, 0, 8, 9, C, B, 5, 7, D, 1, A, 4, D, 8, 4, 7, 5, B, 3, 6, A, E, F, 1, 0, 2, C, 9, E, A, B, 1, C, D, F, 4, 0, 9, 8, 2, 3, 7, 6, 5, 5, 0, C, 9, 7, 2, 1, A, 3, 4, 6, D, B, E, F, 8, 8, E, 0, D, B, 1, 2, 7, 5, C, 9, A, F, 4, 3, 6, F, 4, 6, C, 9, E, A, D, B, 8, 2, 3, 7, 5, 1, 0, 2, 5, 7, A, 8, 3, 4, F, 6, 1, 0, E, 9, C, D, B, 1, 3, 9, B, 0, C, 6, 5, F, 7, D, 4, 8, A, 2, E, A, B, E, 5, 6, 9, 7, 0, D, 2, C, 8, 1, 3, 4, F, 6, C, D, F, 4, 8, E, 3, 1, 5, A, 0, 2, 9, B, 7, 9, 1, 8, 0, A, F, C, 2, 4, 3, 7, B, 5, 6, E, D, 7, 2, 3, 4, D, 5, B, 1, 9, 6, E, F, C, 8, 0, A, 4, D, 1, 8, 3, A, 9, E, 7, 0, B, C, 6, F, 5, 2, B, F, 5, 3, 1, 6, 0, 8, 2, A, 4, 9, E, D, 7, C, C, 7, 2, E, F, 4, 5, B, 8, D, 3, 6, A, 0, 9, 1, 0, 9, A, 6, 2, 7, D, C, E, F, 1, 5, 4, B, 8, 3 )
Visible( 0, 0, 0, 1, 1, 0, 1, 0, 1, 1, 1, 0, 1, 0, 1, 0, 0, 1, 0, 1, 0, 1, 1, 1, 1, 1, 0, 1, 0, 0, 0, 1, 1, 0, 1, 0, 0, 0, 1, 0, 0, 0, 1, 0, 1, 0, 0, 0, 0, 0, 1, 1, 1, 1, 1, 0, 1, 1, 0, 0, 0, 1, 0, 0, 1, 0, 0, 1, 0, 1, 1, 1, 1, 0, 0, 1, 1, 0, 1, 0, 1, 1, 1, 1, 0, 0, 0, 0, 0, 1, 0, 0, 0, 0, 0, 0, 0, 1, 1, 0, 1, 0, 0, 1, 0, 1, 1, 1, 1, 0, 1, 1, 0, 1, 1, 1, 1, 0, 1, 1, 1, 1, 0, 0, 0, 0, 0, 0, 0, 0, 0, 0, 1, 1, 1, 0, 0, 0, 0, 1, 1, 0, 0, 0, 1, 0, 1, 0, 1, 0, 0, 1, 0, 0, 1, 0, 0, 1, 0, 1, 1, 1, 1, 1, 0, 1, 0, 0, 0, 0, 0, 0, 0, 1, 0, 1, 1, 0, 0, 0, 0, 0, 0, 0, 0, 0, 0, 0, 1, 1, 0, 0, 0, 1, 0, 0, 1, 0, 1, 1, 0, 0, 1, 1, 1, 0, 1, 0, 0, 0, 1, 1, 1, 1, 0, 1, 0, 0, 1, 0, 1, 1, 0, 1, 1, 1, 0, 1, 1, 1, 1, 0, 0, 0, 0, 1, 0, 1, 0, 1, 0, 0, 0, 0, 0, 0, 0, 1, 1, 0, 1, 0, 1, 0, 1, 0 )
Hint([14,13]+[1,7]+[8,10] add up to 14)
Hint([11,15]+[15,8]+[2,0] add up to 35)
Hint([9,15]+[13,3] add up to 29)
Hint([12,6]+[0,0] add up to 12)
Hint([13,15]+[10,10] add up to 18)
Hint([0,8]+[5,15] add up to 17)
Hint([1,6]+[7,8]+[8,6] add up to 11)
Hint([1,4]+[4,9]+[2,7] add up to 27)
Hint([11,4]+[15,5]+[13,8] add up to 13)
Hint([8,12]+[4,3]+[8,6] add up to 20)
