Level( 7, 5, 1, 6, 3, 9, 2, 4, 8, 8, 9, 2, 1, 4, 7, 6, 3, 5, 4, 3, 6, 5, 8, 2, 9, 1, 7, 3, 7, 8, 9, 6, 4, 1, 5, 2, 6, 4, 5, 2, 1, 8, 3, 7, 9, 2, 1, 9, 7, 5, 3, 8, 6, 4, 9, 2, 4, 3, 7, 1, 5, 8, 6, 1, 6, 7, 8, 2, 5, 4, 9, 3, 5, 8, 3, 4, 9, 6, 7, 2, 1 )
Visible( 0, 0, 1, 1, 0, 0, 0, 1, 0, 0, 0, 0, 0, 0, 1, 0, 0, 0, 0, 0, 0, 0, 1, 1, 0, 0, 0, 1, 0, 0, 0, 0, 0, 1, 1, 0, 1, 0, 0, 1, 0, 0, 0, 1, 1, 1, 0, 0, 0, 1, 0, 1, 0, 0, 0, 1, 0, 1, 0, 0, 0, 0, 1, 1, 1, 0, 0, 0, 0, 0, 0, 0, 1, 1, 0, 0, 1, 0, 0, 0, 0 )
Hint([7,8]+[1,5]+[4,7] add up to 2)
Hint([6,3]+[7,5]+[1,1] add up to 13)
Hint([5,1]+[5,0] add up to 14)
Hint([7,4]+[0,1] add up to 13)
Hint([6,5]+[5,0] add up to 15)
Hint([0,1]+[2,5] add up to 15)
Hint([1,2]+[3,5]+[5,0] add up to 16)
Hint([1,5]+[3,8] add up to 3)
Hint([1,6]+[7,3] add up to 5)
Hint([7,8]+[0,3] add up to 3)
