Level( 5, 7, 6, 4, 1, 8, 2, 3, 9, 8, 9, 4, 2, 3, 7, 1, 6, 5, 2, 1, 3, 9, 5, 6, 4, 8, 7, 9, 6, 2, 7, 8, 4, 3, 5, 1, 3, 4, 1, 5, 6, 9, 8, 7, 2, 7, 8, 5, 1, 2, 3, 9, 4, 6, 1, 2, 7, 8, 4, 5, 6, 9, 3, 4, 3, 9, 6, 7, 2, 5, 1, 8, 6, 5, 8, 3, 9, 1, 7, 2, 4 )
Visible( 0, 0, 0, 0, 1, 1, 0, 0, 0, 1, 0, 0, 0, 0, 0, 0, 0, 1, 0, 0, 0, 0, 0, 1, 1, 0, 1, 0, 1, 0, 0, 0, 0, 0, 1, 0, 0, 1, 0, 1, 0, 0, 0, 0, 1, 0, 0, 1, 0, 0, 0, 1, 0, 0, 1, 0, 0, 0, 0, 0, 0, 1, 1, 0, 0, 1, 1, 1, 0, 0, 0, 1, 1, 0, 0, 0, 0, 1, 1, 0, 0 )
Hint([7,2]+[8,1]+[3,7] add up to 16)
Hint([5,3]+[7,2]+[1,8] add up to 14)
Hint([6,4]+[6,2] add up to 10)
Hint([7,3]+[0,4] add up to 6)
Hint([7,1]+[3,8] add up to 7)
Hint([8,2]+[2,1] add up to 9)
Hint([2,1]+[3,0]+[3,6] add up to 13)
Hint([1,4]+[3,0]+[0,8] add up to 11)
Hint([6,4]+[0,6] add up to 7)
Hint([0,8]+[5,3]+[1,2] add up to 8)
