Level( 9, 0, C, 3, A, F, B, 5, D, 6, 8, 1, E, 7, 2, 4, A, B, 2, D, 3, 6, C, 4, E, 7, 0, 9, 1, 5, 8, F, 6, F, E, 5, 0, 8, 1, 7, B, 4, 3, 2, 9, C, A, D, 7, 8, 1, 4, D, 2, E, 9, 5, A, F, C, 3, 6, B, 0, 2, C, A, 7, B, 0, 4, E, 8, 3, 1, 6, F, D, 5, 9, D, 4, 5, 8, 1, 3, 9, F, A, C, 2, E, 0, B, 7, 6, B, E, 9, 6, C, 5, 8, A, F, D, 7, 0, 4, 3, 1, 2, F, 3, 0, 1, 2, D, 7, 6, 4, 9, B, 5, C, 8, E, A, 8, 7, F, E, 9, C, D, 0, 1, B, A, 3, 6, 2, 4, 5, C, D, 3, A, 8, B, F, 2, 6, 5, E, 4, 7, 9, 0, 1, 0, 9, 6, B, E, 4, 5, 1, 2, 8, D, 7, A, F, 3, C, 5, 1, 4, 2, 7, A, 6, 3, C, 0, 9, F, 8, E, D, B, 4, 2, B, C, F, 7, 0, 8, 9, E, 5, A, D, 1, 6, 3, 3, 5, D, 9, 6, 1, A, C, 7, 2, 4, 8, B, 0, F, E, E, A, 7, F, 5, 9, 3, D, 0, 1, 6, B, 2, 4, C, 8, 1, 6, 8, 0, 4, E, 2, B, 3, F, C, D, 5, A, 9, 7 )
Visible( 0, 0, 1, 1, 1, 1, 0, 1, 0, 0, 0, 1, 0, 1, 1, 0, 0, 0, 0, 1, 1, 0, 0, 1, 0, 0, 0, 0, 0, 1, 1, 0, 0, 1, 1, 0, 0, 0, 1, 0, 0, 0, 0, 0, 1, 1, 1, 1, 1, 0, 0, 1, 0, 0, 0, 1, 0, 1, 1, 0, 0, 1, 0, 0, 1, 0, 1, 0, 0, 0, 0, 1, 1, 1, 1, 1, 0, 1, 1, 1, 1, 0, 1, 1, 1, 0, 0, 0, 1, 0, 1, 1, 0, 0, 1, 1, 0, 1, 1, 1, 1, 1, 1, 1, 1, 0, 0, 1, 0, 0, 1, 1, 0, 1, 0, 0, 1, 1, 0, 0, 0, 0, 1, 1, 0, 0, 0, 1, 1, 0, 0, 0, 1, 0, 0, 0, 0, 1, 1, 1, 0, 1, 1, 0, 0, 0, 0, 1, 1, 1, 1, 1, 1, 0, 1, 0, 0, 0, 0, 0, 1, 0, 0, 1, 0, 1, 1, 0, 0, 1, 0, 0, 1, 1, 1, 0, 0, 0, 0, 1, 0, 1, 0, 0, 0, 0, 0, 0, 0, 0, 1, 0, 1, 1, 0, 0, 1, 1, 0, 0, 1, 1, 0, 1, 0, 1, 1, 1, 1, 0, 1, 1, 0, 1, 0, 0, 0, 0, 1, 1, 0, 1, 1, 1, 1, 0, 0, 0, 0, 1, 0, 0, 1, 1, 0, 0, 0, 1, 0, 1, 0, 0, 0, 1, 0, 1, 0, 1, 0, 1, 1, 1, 0, 0, 1, 1 )
Hint([12,12]+[1,5]+[7,3] add up to 26)
Hint([12,9]+[14,2]+[1,9] add up to 30)
Hint([11,9]+[12,4] add up to 19)
Hint([11,5]+[0,11] add up to 19)
Hint([10,6]+[8,14] add up to 7)
Hint([15,15]+[7,5] add up to 22)
Hint([1,15]+[9,9]+[9,4] add up to 14)
Hint([14,9]+[6,2]+[0,9] add up to 13)
Hint([13,15]+[2,9] add up to 13)
Hint([13,6]+[7,12]+[4,8] add up to 20)
