Level( 4, 2, 1, 7, 5, 3, 6, 9, 8, 6, 7, 5, 9, 2, 8, 4, 3, 1, 8, 9, 3, 6, 1, 4, 7, 5, 2, 9, 1, 2, 3, 7, 5, 8, 4, 6, 3, 4, 8, 2, 6, 1, 5, 7, 9, 7, 5, 6, 8, 4, 9, 1, 2, 3, 1, 6, 7, 4, 9, 2, 3, 8, 5, 5, 8, 9, 1, 3, 7, 2, 6, 4, 2, 3, 4, 5, 8, 6, 9, 1, 7 )
Visible( 1, 0, 1, 0, 0, 1, 0, 1, 1, 0, 1, 0, 1, 0, 0, 1, 0, 0, 0, 0, 1, 0, 0, 0, 1, 0, 1, 0, 0, 0, 0, 0, 0, 0, 0, 0, 0, 0, 1, 0, 0, 0, 0, 0, 1, 1, 1, 0, 0, 1, 0, 0, 0, 1, 0, 0, 0, 0, 0, 1, 0, 0, 1, 0, 0, 0, 1, 1, 0, 0, 1, 0, 1, 0, 0, 0, 0, 1, 0, 1, 0 )
Hint([6,2]+[8,1]+[3,3] add up to 8)
Hint([6,3]+[7,8]+[2,2] add up to 9)
Hint([5,0]+[5,7] add up to 8)
Hint([5,4]+[0,6] add up to 0)
Hint([5,4]+[4,3] add up to 6)
Hint([1,2]+[2,7] add up to 16)
Hint([1,5]+[4,1]+[3,2] add up to 10)
Hint([1,3]+[3,0]+[0,8] add up to 7)
Hint([8,8]+[1,1] add up to 12)
Hint([7,4]+[4,2]+[1,7] add up to 13)
