Level( 2, 4, 5, 8, 7, 3, 9, 1, 6, 9, 7, 8, 4, 6, 1, 2, 5, 3, 6, 1, 3, 9, 2, 5, 4, 7, 8, 3, 8, 6, 7, 1, 4, 5, 2, 9, 4, 2, 9, 3, 5, 8, 1, 6, 7, 1, 5, 7, 6, 9, 2, 3, 8, 4, 7, 3, 2, 1, 4, 6, 8, 9, 5, 5, 6, 4, 2, 8, 9, 7, 3, 1, 8, 9, 1, 5, 3, 7, 6, 4, 2 )
Visible( 0, 0, 1, 1, 0, 1, 1, 1, 0, 0, 0, 0, 1, 0, 0, 0, 1, 0, 1, 0, 1, 0, 1, 0, 0, 0, 0, 0, 1, 0, 0, 1, 0, 0, 0, 0, 0, 1, 0, 0, 0, 1, 0, 0, 1, 0, 0, 1, 0, 0, 0, 0, 1, 0, 0, 0, 0, 0, 0, 1, 1, 1, 0, 0, 0, 0, 0, 0, 0, 0, 0, 0, 0, 0, 0, 1, 1, 0, 1, 0, 1 )
Hint([6,5]+[0,1]+[3,6] add up to 10)
Hint([6,4]+[7,6]+[2,3] add up to 13)
Hint([4,3]+[6,2] add up to 3)
Hint([7,4]+[0,7] add up to 9)
Hint([7,7]+[5,0] add up to 4)
Hint([8,1]+[2,1] add up to 9)
Hint([2,6]+[4,8]+[6,1] add up to 4)
Hint([1,2]+[2,3]+[0,8] add up to 12)
Hint([8,3]+[0,5] add up to 8)
Hint([8,6]+[5,8]+[3,5] add up to 15)
