Level( 3, 7, 5, 2, 8, 6, 4, 1, 9, 4, 8, 1, 9, 7, 5, 2, 6, 3, 2, 9, 6, 4, 1, 3, 8, 5, 7, 5, 2, 9, 6, 3, 8, 7, 4, 1, 7, 6, 8, 1, 4, 9, 3, 2, 5, 1, 3, 4, 7, 5, 2, 9, 8, 6, 8, 1, 2, 3, 6, 7, 5, 9, 4, 9, 4, 3, 5, 2, 1, 6, 7, 8, 6, 5, 7, 8, 9, 4, 1, 3, 2 )
Visible( 0, 0, 1, 0, 1, 0, 0, 0, 1, 0, 0, 1, 0, 0, 1, 0, 0, 0, 0, 0, 0, 1, 0, 0, 0, 0, 0, 0, 1, 0, 0, 1, 0, 0, 1, 0, 0, 1, 0, 0, 0, 1, 1, 0, 1, 1, 0, 0, 0, 0, 0, 0, 0, 0, 0, 0, 0, 0, 1, 1, 1, 0, 0, 0, 1, 0, 1, 1, 0, 0, 0, 1, 0, 0, 1, 0, 0, 0, 1, 0, 0 )
Hint([8,6]+[0,5]+[4,4] add up to 6)
Hint([5,0]+[6,5]+[1,4] add up to 18)
Hint([5,0]+[5,3] add up to 12)
Hint([5,7]+[1,7] add up to 3)
Hint([7,8]+[5,8] add up to 5)
Hint([8,5]+[3,5] add up to 11)
Hint([2,0]+[3,6]+[5,5] add up to 7)
Hint([0,7]+[4,0]+[0,0] add up to 17)
Hint([6,1]+[8,8]+[0,3] add up to 6)
Hint([4,8]+[3,2]+[5,3] add up to 18)
