Level( 4, 9, 1, 8, 7, 5, 3, 2, 6, 8, 5, 3, 1, 2, 6, 7, 4, 9, 6, 2, 7, 3, 9, 4, 8, 5, 1, 9, 7, 6, 2, 8, 1, 4, 3, 5, 2, 8, 4, 9, 5, 3, 6, 1, 7, 1, 3, 5, 4, 6, 7, 9, 8, 2, 7, 4, 8, 6, 1, 2, 5, 9, 3, 3, 6, 2, 5, 4, 9, 1, 7, 8, 5, 1, 9, 7, 3, 8, 2, 6, 4 )
Visible( 0, 1, 0, 1, 0, 0, 0, 1, 0, 0, 1, 0, 0, 1, 0, 1, 1, 0, 0, 0, 1, 1, 0, 0, 0, 0, 1, 0, 0, 0, 1, 0, 0, 1, 0, 1, 1, 1, 0, 0, 0, 0, 0, 1, 0, 0, 0, 0, 0, 1, 0, 0, 0, 0, 0, 1, 0, 0, 0, 0, 1, 0, 1, 0, 0, 0, 1, 0, 1, 0, 1, 0, 0, 0, 0, 0, 0, 1, 1, 0, 0 )
Hint([7,6]+[0,2]+[3,2] add up to 15)
Hint([6,3]+[7,5]+[1,5] add up to 12)
Hint([6,6]+[6,2] add up to 11)
Hint([6,3]+[0,5] add up to 3)
Hint([6,0]+[3,3] add up to 3)
Hint([0,8]+[4,8] add up to 6)
Hint([1,8]+[5,0]+[3,2] add up to 6)
Hint([8,5]+[3,2]+[0,0] add up to 6)
Hint([6,7]+[1,6]+[8,8] add up to 6)
Hint([4,2]+[1,4] add up to 15)
