Level( D, E, 6, F, C, 3, B, A, 2, 9, 1, 8, 0, 7, 5, 4, 0, 2, 3, C, 1, 5, 7, F, A, D, 4, E, 6, 9, B, 8, 5, 7, 9, A, 2, 4, 0, 8, B, C, F, 6, D, 1, 3, E, 1, 8, 4, B, 9, 6, D, E, 5, 0, 3, 7, 2, A, C, F, A, 0, F, 2, E, B, C, 7, D, 1, 5, 4, 8, 3, 9, 6, 4, 5, 1, 8, F, 9, 2, 3, C, 6, B, A, E, D, 0, 7, C, 3, D, 9, 5, A, 4, 6, 7, 8, E, 0, 1, 2, F, B, 6, B, E, 7, 8, 0, 1, D, 3, F, 9, 2, C, 4, A, 5, 7, A, 2, 5, 3, 8, 9, 1, 6, 4, C, D, B, F, E, 0, E, F, B, 3, 6, D, 5, C, 0, A, 2, 9, 4, 8, 7, 1, 9, D, C, 6, 0, 7, F, 4, E, B, 8, 1, A, 5, 2, 3, 8, 4, 0, 1, A, 2, E, B, F, 5, 7, 3, 9, 6, D, C, B, C, 8, E, D, F, A, 9, 4, 7, 6, 5, 3, 0, 1, 2, 2, 6, 5, 4, B, 1, 3, 0, 9, E, A, F, 7, C, 8, D, F, 9, 7, D, 4, E, 8, 2, 1, 3, 0, C, 5, B, 6, A, 3, 1, A, 0, 7, C, 6, 5, 8, 2, D, B, F, E, 4, 9 )
Visible( 0, 0, 1, 0, 0, 1, 1, 1, 0, 0, 1, 1, 0, 0, 0, 0, 1, 0, 1, 0, 0, 0, 1, 1, 0, 1, 1, 1, 1, 1, 1, 0, 1, 0, 0, 0, 1, 1, 0, 1, 0, 0, 1, 1, 0, 0, 0, 1, 1, 1, 0, 1, 0, 0, 1, 0, 1, 1, 1, 1, 0, 1, 0, 0, 1, 1, 0, 1, 0, 1, 1, 1, 1, 0, 0, 0, 1, 1, 1, 0, 1, 0, 0, 1, 0, 0, 0, 1, 0, 0, 1, 0, 0, 1, 1, 0, 0, 1, 0, 1, 0, 0, 0, 0, 1, 0, 1, 1, 0, 0, 0, 0, 0, 0, 0, 1, 0, 1, 0, 0, 1, 0, 1, 0, 1, 0, 0, 0, 1, 0, 1, 0, 0, 0, 0, 0, 1, 1, 0, 0, 0, 1, 1, 1, 0, 1, 0, 1, 0, 1, 1, 0, 1, 1, 1, 1, 1, 1, 0, 0, 0, 0, 0, 0, 0, 1, 0, 1, 0, 1, 0, 1, 0, 0, 1, 0, 1, 1, 1, 1, 0, 1, 0, 1, 1, 0, 0, 1, 1, 1, 0, 1, 1, 1, 0, 0, 0, 0, 1, 1, 0, 0, 1, 0, 0, 1, 1, 1, 0, 1, 0, 0, 0, 1, 1, 1, 1, 0, 0, 0, 0, 1, 1, 1, 1, 1, 1, 0, 1, 1, 1, 0, 0, 0, 1, 0, 0, 0, 0, 1, 0, 0, 0, 0, 0, 0, 0, 1, 1, 1, 1, 1, 1, 0, 1, 1 )
Hint([11,12]+[1,13]+[9,6] add up to 19)
Hint([13,15]+[15,12]+[4,5] add up to 31)
Hint([8,13]+[13,11] add up to 15)
Hint([10,12]+[2,11] add up to 6)
Hint([10,14]+[10,13] add up to 10)
Hint([15,5]+[4,13] add up to 18)
Hint([4,1]+[5,0]+[6,15] add up to 10)
Hint([2,10]+[6,9]+[2,5] add up to 18)
Hint([13,12]+[2,15]+[15,15] add up to 19)
Hint([7,3]+[2,13] add up to 19)
