Level( 1, 6, 3, 8, 2, 9, 7, 5, 4, 4, 5, 2, 1, 3, 7, 6, 9, 8, 7, 9, 8, 5, 6, 4, 3, 2, 1, 3, 1, 9, 4, 5, 2, 8, 7, 6, 8, 7, 5, 6, 9, 3, 1, 4, 2, 2, 4, 6, 7, 1, 8, 5, 3, 9, 9, 3, 7, 2, 8, 6, 4, 1, 5, 5, 8, 4, 9, 7, 1, 2, 6, 3, 6, 2, 1, 3, 4, 5, 9, 8, 7 )
Visible( 0, 1, 1, 1, 0, 0, 0, 0, 0, 1, 0, 0, 0, 0, 0, 0, 0, 0, 0, 0, 1, 0, 1, 0, 0, 1, 0, 0, 0, 0, 0, 1, 0, 0, 1, 1, 0, 0, 0, 0, 0, 1, 0, 0, 0, 0, 0, 1, 0, 1, 0, 0, 0, 1, 0, 1, 0, 1, 0, 1, 0, 1, 0, 0, 1, 0, 0, 0, 0, 0, 0, 1, 0, 0, 1, 0, 1, 0, 1, 0, 1 )
Hint([7,8]+[1,7]+[5,6] add up to 19)
Hint([5,4]+[7,3]+[1,2] add up to 16)
Hint([5,7]+[7,4] add up to 3)
Hint([6,3]+[0,2] add up to 13)
Hint([5,3]+[4,8] add up to 4)
Hint([0,2]+[2,7] add up to 9)
Hint([3,5]+[4,3]+[4,8] add up to 13)
Hint([1,1]+[2,5]+[1,8] add up to 10)
Hint([6,4]+[0,8] add up to 5)
Hint([7,1]+[4,0] add up to 9)
