Level( 9, 3, 1, 8, 4, 7, 5, 2, 6, 6, 5, 8, 2, 3, 9, 7, 4, 1, 2, 7, 4, 6, 1, 5, 9, 8, 3, 8, 4, 3, 1, 5, 6, 2, 9, 7, 7, 2, 6, 3, 9, 4, 8, 1, 5, 1, 9, 5, 7, 8, 2, 3, 6, 4, 5, 1, 9, 4, 2, 3, 6, 7, 8, 3, 8, 7, 9, 6, 1, 4, 5, 2, 4, 6, 2, 5, 7, 8, 1, 3, 9 )
Visible( 0, 0, 0, 1, 1, 0, 1, 1, 0, 0, 1, 0, 1, 0, 0, 0, 0, 1, 0, 1, 1, 0, 1, 0, 0, 1, 0, 1, 0, 0, 1, 0, 0, 1, 0, 0, 0, 0, 1, 0, 0, 0, 0, 1, 0, 0, 1, 0, 0, 0, 0, 0, 0, 0, 1, 1, 0, 1, 0, 0, 0, 0, 0, 1, 0, 0, 0, 0, 0, 1, 0, 0, 0, 0, 0, 0, 1, 0, 0, 1, 1 )
Hint([7,0]+[8,2]+[4,8] add up to 9)
Hint([5,2]+[7,5]+[1,2] add up to 15)
Hint([4,3]+[6,2] add up to 12)
Hint([6,0]+[8,8] add up to 12)
Hint([6,6]+[5,4] add up to 8)
Hint([8,2]+[2,0] add up to 2)
Hint([2,5]+[4,3] add up to 8)
Hint([5,7]+[1,4]+[3,8] add up to 5)
Hint([0,7]+[7,7] add up to 6)
Hint([0,6]+[0,6] add up to 8)
