Level( 3, 7, 2, 6, 4, 1, 5, 8, 9, 5, 9, 1, 2, 8, 3, 4, 7, 6, 4, 6, 8, 7, 9, 5, 2, 3, 1, 8, 2, 6, 3, 5, 7, 1, 9, 4, 9, 3, 7, 4, 1, 6, 8, 2, 5, 1, 5, 4, 8, 2, 9, 7, 6, 3, 6, 1, 3, 5, 7, 2, 9, 4, 8, 7, 4, 5, 9, 3, 8, 6, 1, 2, 2, 8, 9, 1, 6, 4, 3, 5, 7 )
Visible( 1, 0, 1, 1, 1, 0, 1, 0, 0, 1, 0, 0, 0, 1, 0, 0, 1, 1, 0, 0, 0, 0, 0, 0, 0, 0, 0, 0, 1, 0, 0, 0, 1, 0, 0, 1, 1, 0, 0, 0, 0, 0, 0, 0, 0, 0, 1, 0, 1, 0, 1, 1, 0, 0, 0, 0, 0, 0, 0, 0, 0, 1, 1, 0, 0, 0, 1, 1, 0, 1, 0, 1, 1, 0, 1, 0, 0, 1, 0, 0, 0 )
Hint([6,0]+[8,8]+[5,6] add up to 11)
Hint([7,6]+[8,5]+[1,3] add up to 6)
Hint([5,0]+[5,1] add up to 2)
Hint([6,6]+[0,7] add up to 14)
Hint([5,7]+[5,8] add up to 10)
Hint([0,6]+[3,3] add up to 7)
Hint([1,4]+[4,7]+[5,1] add up to 6)
Hint([0,2]+[2,1] add up to 3)
Hint([8,6]+[7,4] add up to 8)
Hint([8,3]+[8,5] add up to 5)
