Level( 8, 3, 5, 7, 1, 4, 2, 6, 9, 1, 4, 7, 9, 2, 6, 3, 8, 5, 9, 2, 6, 8, 3, 5, 1, 7, 4, 4, 8, 9, 2, 6, 7, 5, 1, 3, 6, 5, 2, 3, 4, 1, 8, 9, 7, 7, 1, 3, 5, 9, 8, 4, 2, 6, 2, 9, 8, 6, 5, 3, 7, 4, 1, 5, 6, 4, 1, 7, 2, 9, 3, 8, 3, 7, 1, 4, 8, 9, 6, 5, 2 )
Visible( 0, 1, 0, 0, 0, 0, 0, 0, 0, 0, 0, 0, 0, 1, 0, 0, 0, 1, 1, 0, 0, 0, 0, 1, 1, 0, 0, 0, 1, 0, 0, 0, 1, 0, 0, 1, 1, 0, 1, 0, 1, 0, 0, 1, 0, 1, 0, 0, 1, 0, 0, 1, 0, 0, 0, 0, 1, 0, 0, 0, 1, 0, 0, 0, 0, 0, 1, 0, 1, 0, 1, 0, 0, 0, 0, 0, 0, 1, 1, 0, 0 )
Hint([7,8]+[1,3]+[4,6] add up to 15)
Hint([6,3]+[7,5]+[1,4] add up to 9)
Hint([5,1]+[5,8] add up to 13)
Hint([5,8]+[1,6] add up to 16)
Hint([7,6]+[5,6] add up to 5)
Hint([8,6]+[3,6] add up to 5)
Hint([1,1]+[3,3]+[4,8] add up to 11)
Hint([1,1]+[2,7]+[1,4] add up to 10)
Hint([6,6]+[0,7] add up to 10)
Hint([7,5]+[4,8]+[3,2] add up to 15)
