Level( 8, 4, 9, 6, 2, 5, 7, 3, 1, 3, 5, 6, 1, 7, 9, 2, 4, 8, 1, 2, 7, 3, 8, 4, 9, 6, 5, 5, 8, 4, 7, 3, 1, 6, 9, 2, 7, 6, 1, 8, 9, 2, 4, 5, 3, 2, 9, 3, 5, 4, 6, 8, 1, 7, 4, 7, 8, 9, 1, 3, 5, 2, 6, 6, 1, 2, 4, 5, 8, 3, 7, 9, 9, 3, 5, 2, 6, 7, 1, 8, 4 )
Visible( 0, 1, 0, 1, 0, 1, 1, 0, 0, 0, 0, 0, 1, 0, 0, 0, 1, 0, 0, 0, 0, 0, 0, 0, 1, 0, 0, 0, 1, 0, 1, 0, 0, 0, 0, 1, 1, 1, 0, 1, 0, 0, 0, 0, 0, 0, 0, 1, 0, 0, 0, 0, 1, 0, 0, 0, 0, 0, 0, 1, 0, 1, 1, 0, 0, 0, 1, 0, 0, 1, 0, 0, 1, 0, 1, 0, 0, 1, 0, 0, 0 )
Hint([8,0]+[8,7]+[5,5] add up to 13)
Hint([7,2]+[7,5]+[1,0] add up to 8)
Hint([5,3]+[6,1] add up to 1)
Hint([6,8]+[1,2] add up to 1)
Hint([5,7]+[5,7] add up to 14)
Hint([8,3]+[2,2] add up to 7)
Hint([2,4]+[4,8]+[6,2] add up to 13)
Hint([0,4]+[3,7]+[1,4] add up to 14)
Hint([6,4]+[0,8] add up to 11)
Hint([7,0]+[3,7]+[2,5] add up to 7)
