Level( 6, 8, 3, 2, 1, 5, 9, 7, 4, 1, 2, 9, 4, 7, 8, 5, 6, 3, 5, 4, 7, 3, 6, 9, 1, 2, 8, 9, 1, 8, 6, 3, 4, 2, 5, 7, 2, 6, 4, 7, 5, 1, 3, 8, 9, 7, 3, 5, 9, 8, 2, 6, 4, 1, 4, 9, 6, 8, 2, 3, 7, 1, 5, 8, 7, 1, 5, 9, 6, 4, 3, 2, 3, 5, 2, 1, 4, 7, 8, 9, 6 )
Visible( 0, 0, 0, 0, 0, 0, 0, 1, 0, 0, 1, 1, 0, 0, 1, 0, 1, 0, 0, 1, 0, 1, 0, 0, 1, 0, 0, 0, 0, 0, 0, 0, 0, 0, 0, 0, 0, 1, 0, 1, 1, 0, 0, 1, 1, 1, 1, 0, 0, 0, 0, 0, 0, 0, 0, 0, 0, 0, 0, 1, 0, 0, 0, 0, 0, 1, 1, 1, 0, 0, 0, 0, 0, 0, 1, 1, 0, 0, 0, 1, 0 )
Hint([7,7]+[1,1]+[3,0] add up to 4)
Hint([5,7]+[8,6]+[2,0] add up to 11)
Hint([4,5]+[6,8] add up to 14)
Hint([6,2]+[8,1] add up to 2)
Hint([6,4]+[4,1] add up to 8)
Hint([0,7]+[3,2] add up to 9)
Hint([1,7]+[5,7]+[5,6] add up to 13)
Hint([0,1]+[2,2]+[0,7] add up to 13)
Hint([7,6]+[0,8] add up to 2)
Hint([7,5]+[4,2]+[1,3] add up to 8)
