Level( 7, 5, 2, 3, 4, 6, 9, 8, 1, 4, 6, 9, 5, 1, 8, 7, 3, 2, 1, 3, 8, 9, 7, 2, 5, 4, 6, 9, 1, 3, 2, 6, 5, 4, 7, 8, 2, 4, 5, 8, 3, 7, 1, 6, 9, 8, 7, 6, 4, 9, 1, 2, 5, 3, 5, 2, 4, 6, 8, 9, 3, 1, 7, 3, 8, 1, 7, 2, 4, 6, 9, 5, 6, 9, 7, 1, 5, 3, 8, 2, 4 )
Visible( 0, 0, 0, 0, 0, 0, 0, 0, 1, 0, 1, 0, 1, 0, 0, 0, 0, 0, 0, 0, 1, 0, 1, 1, 1, 0, 0, 0, 1, 0, 0, 0, 0, 0, 0, 0, 0, 1, 0, 0, 0, 0, 0, 1, 1, 0, 0, 0, 0, 1, 0, 1, 1, 0, 1, 0, 0, 0, 0, 0, 0, 0, 0, 1, 0, 0, 0, 1, 0, 0, 1, 0, 0, 0, 1, 0, 0, 1, 0, 0, 1 )
Hint([7,5]+[0,1]+[3,4] add up to 14)
Hint([5,8]+[8,1]+[0,5] add up to 10)
Hint([4,3]+[6,4] add up to 5)
Hint([7,6]+[0,0] add up to 6)
Hint([5,3]+[4,8] add up to 8)
Hint([8,2]+[2,0] add up to 6)
Hint([0,8]+[5,3] add up to 9)
Hint([5,7]+[1,3] add up to 3)
Hint([1,1]+[8,0] add up to 5)
Hint([1,2]+[7,7]+[0,1] add up to 13)
