Level( 1, 6, 8, 2, 7, 5, 3, 9, 4, 9, 3, 5, 8, 4, 6, 7, 1, 2, 4, 2, 7, 9, 1, 3, 5, 6, 8, 3, 5, 2, 7, 6, 8, 1, 4, 9, 6, 9, 4, 1, 3, 2, 8, 7, 5, 7, 8, 1, 4, 5, 9, 2, 3, 6, 5, 1, 3, 6, 2, 4, 9, 8, 7, 8, 7, 6, 5, 9, 1, 4, 2, 3, 2, 4, 9, 3, 8, 7, 6, 5, 1 )
Visible( 1, 1, 0, 0, 0, 1, 0, 0, 0, 0, 0, 0, 0, 0, 0, 0, 0, 1, 0, 0, 1, 0, 0, 0, 0, 0, 0, 1, 0, 1, 0, 0, 0, 1, 0, 1, 0, 0, 0, 0, 0, 0, 1, 0, 1, 1, 1, 1, 0, 0, 1, 0, 0, 0, 0, 1, 0, 0, 1, 0, 1, 0, 0, 1, 0, 1, 1, 0, 0, 0, 0, 1, 0, 1, 0, 1, 0, 0, 1, 0, 0 )
Hint([6,8]+[1,5]+[5,4] add up to 13)
Hint([5,7]+[8,1]+[0,5] add up to 7)
Hint([4,0]+[5,6] add up to 9)
Hint([6,4]+[0,1] add up to 15)
Hint([6,8]+[5,6] add up to 8)
Hint([0,3]+[2,0] add up to 9)
Hint([1,6]+[4,1] add up to 3)
Hint([6,7]+[1,2] add up to 4)
Hint([1,4]+[0,3] add up to 10)
Hint([0,5]+[8,8]+[0,1] add up to 14)
