Level( 8, 7, 6, 4, 3, 2, 5, 1, 9, 2, 5, 1, 9, 8, 7, 4, 6, 3, 9, 3, 4, 5, 6, 1, 2, 7, 8, 3, 6, 8, 1, 2, 4, 9, 5, 7, 1, 2, 5, 3, 7, 9, 8, 4, 6, 7, 4, 9, 8, 5, 6, 3, 2, 1, 4, 1, 7, 2, 9, 8, 6, 3, 5, 6, 9, 3, 7, 4, 5, 1, 8, 2, 5, 8, 2, 6, 1, 3, 7, 9, 4 )
Visible( 0, 0, 0, 1, 1, 0, 0, 0, 0, 0, 0, 1, 1, 0, 0, 0, 0, 0, 0, 0, 1, 0, 0, 0, 0, 1, 1, 1, 1, 0, 1, 1, 0, 0, 0, 0, 0, 0, 1, 0, 1, 0, 0, 1, 1, 0, 1, 0, 0, 0, 0, 1, 0, 0, 0, 1, 0, 1, 0, 0, 0, 0, 0, 0, 0, 0, 0, 0, 0, 0, 0, 1, 1, 0, 0, 1, 1, 1, 1, 1, 0 )
Hint([7,5]+[0,4]+[4,1] add up to 8)
Hint([7,3]+[7,6]+[2,3] add up to 13)
Hint([6,4]+[6,0] add up to 11)
Hint([5,7]+[1,6] add up to 4)
Hint([6,0]+[3,8] add up to 9)
Hint([1,8]+[3,4] add up to 9)
Hint([2,4]+[4,2]+[4,7] add up to 12)
Hint([0,6]+[4,1]+[0,4] add up to 10)
Hint([6,2]+[8,0] add up to 9)
Hint([7,1]+[3,1]+[1,3] add up to 18)
