Level( 3, 4, 7, 9, 6, 8, 5, 1, 2, 1, 8, 9, 2, 7, 5, 3, 6, 4, 5, 6, 2, 3, 1, 4, 7, 9, 8, 7, 3, 8, 4, 5, 9, 1, 2, 6, 4, 5, 6, 1, 2, 7, 9, 8, 3, 2, 9, 1, 8, 3, 6, 4, 5, 7, 6, 2, 4, 7, 9, 1, 8, 3, 5, 9, 7, 5, 6, 8, 3, 2, 4, 1, 8, 1, 3, 5, 4, 2, 6, 7, 9 )
Visible( 0, 0, 0, 1, 0, 0, 0, 0, 0, 0, 1, 0, 0, 1, 1, 0, 1, 0, 0, 1, 1, 0, 0, 0, 0, 0, 1, 1, 0, 0, 0, 0, 0, 0, 1, 0, 0, 0, 0, 1, 0, 0, 0, 0, 1, 0, 1, 0, 1, 1, 0, 0, 0, 0, 0, 0, 1, 0, 0, 1, 1, 0, 0, 0, 1, 0, 0, 0, 0, 1, 1, 0, 0, 0, 0, 0, 1, 0, 0, 1, 1 )
Hint([6,4]+[0,3]+[4,6] add up to 22)
Hint([6,2]+[7,7]+[2,3] add up to 16)
Hint([4,4]+[6,8] add up to 6)
Hint([6,7]+[1,5] add up to 9)
Hint([5,7]+[5,4] add up to 8)
Hint([1,2]+[2,1] add up to 13)
Hint([1,1]+[3,5]+[5,4] add up to 20)
Hint([0,4]+[3,8]+[2,6] add up to 10)
Hint([7,3]+[0,7] add up to 9)
Hint([7,7]+[5,2]+[1,3] add up to 8)
