Level( 1, 3, 4, 2, 5, 6, 8, 7, 9, 7, 9, 6, 3, 1, 8, 4, 2, 5, 2, 8, 5, 7, 4, 9, 1, 3, 6, 6, 5, 3, 1, 8, 2, 7, 9, 4, 8, 7, 2, 6, 9, 4, 3, 5, 1, 9, 4, 1, 5, 3, 7, 2, 6, 8, 5, 1, 8, 9, 7, 3, 6, 4, 2, 4, 6, 7, 8, 2, 5, 9, 1, 3, 3, 2, 9, 4, 6, 1, 5, 8, 7 )
Visible( 0, 0, 1, 1, 0, 0, 0, 0, 1, 0, 0, 1, 0, 1, 1, 0, 0, 1, 0, 0, 1, 0, 1, 0, 1, 1, 0, 0, 0, 1, 0, 1, 0, 0, 1, 0, 0, 0, 1, 1, 0, 1, 0, 0, 0, 0, 0, 0, 0, 0, 0, 1, 0, 1, 1, 0, 0, 1, 0, 1, 0, 0, 1, 0, 0, 0, 0, 0, 0, 0, 0, 0, 1, 0, 0, 0, 1, 0, 1, 0, 0 )
Hint([7,0]+[8,0]+[3,7] add up to 21)
Hint([7,1]+[6,6]+[2,7] add up to 12)
Hint([4,5]+[6,1] add up to 5)
Hint([6,3]+[0,2] add up to 7)
Hint([5,7]+[5,0] add up to 9)
Hint([1,0]+[1,4] add up to 8)
Hint([2,4]+[4,5]+[5,0] add up to 8)
Hint([1,0]+[2,5] add up to 2)
Hint([8,3]+[6,5] add up to 4)
Hint([7,3]+[8,2] add up to 13)
