Level( 4, 9, 1, 2, 3, 7, 5, 8, 6, 5, 3, 6, 8, 1, 4, 7, 9, 2, 8, 7, 2, 6, 9, 5, 4, 1, 3, 6, 4, 9, 5, 7, 8, 3, 2, 1, 2, 8, 7, 1, 4, 3, 9, 6, 5, 3, 1, 5, 9, 2, 6, 8, 4, 7, 7, 6, 4, 3, 8, 2, 1, 5, 9, 1, 2, 8, 7, 5, 9, 6, 3, 4, 9, 5, 3, 4, 6, 1, 2, 7, 8 )
Visible( 0, 1, 0, 0, 1, 0, 1, 1, 0, 1, 0, 0, 1, 0, 0, 0, 1, 1, 0, 0, 1, 0, 0, 0, 0, 0, 0, 0, 0, 1, 1, 1, 1, 0, 0, 1, 1, 0, 0, 0, 0, 0, 1, 0, 1, 0, 0, 0, 0, 0, 1, 0, 0, 0, 1, 0, 0, 0, 0, 0, 0, 0, 0, 1, 0, 1, 0, 1, 0, 0, 0, 0, 0, 0, 0, 1, 0, 0, 1, 1, 0 )
Hint([8,0]+[8,4]+[4,4] add up to 12)
Hint([6,1]+[6,6]+[2,4] add up to 12)
Hint([5,5]+[6,0] add up to 9)
Hint([7,2]+[8,5] add up to 6)
Hint([6,8]+[5,3] add up to 8)
Hint([1,1]+[2,6] add up to 5)
Hint([2,3]+[3,1]+[3,7] add up to 21)
Hint([0,8]+[4,3]+[0,3] add up to 19)
Hint([7,1]+[8,3]+[7,8] add up to 14)
Hint([4,8]+[3,7] add up to 11)
