Level( 1, 2, 6, 7, 9, 4, 3, 5, 8, 9, 3, 5, 6, 2, 8, 4, 7, 1, 7, 8, 4, 1, 3, 5, 9, 2, 6, 3, 5, 9, 8, 6, 7, 1, 4, 2, 2, 1, 8, 4, 5, 9, 6, 3, 7, 4, 6, 7, 3, 1, 2, 5, 8, 9, 6, 7, 2, 9, 4, 3, 8, 1, 5, 5, 4, 1, 2, 8, 6, 7, 9, 3, 8, 9, 3, 5, 7, 1, 2, 6, 4 )
Visible( 1, 0, 0, 1, 0, 0, 0, 0, 0, 0, 0, 1, 1, 0, 0, 0, 0, 0, 1, 0, 0, 0, 0, 1, 1, 1, 0, 1, 0, 0, 0, 0, 0, 0, 1, 0, 0, 1, 0, 0, 0, 1, 0, 0, 0, 0, 0, 0, 0, 1, 1, 1, 1, 0, 0, 0, 1, 0, 1, 1, 0, 0, 0, 1, 0, 0, 0, 0, 1, 1, 0, 0, 0, 0, 0, 0, 0, 0, 0, 0, 1 )
Hint([7,7]+[1,3]+[4,2] add up to 14)
Hint([5,5]+[8,7]+[2,7] add up to 3)
Hint([5,7]+[7,8] add up to 10)
Hint([6,5]+[0,1] add up to 12)
Hint([6,4]+[4,3] add up to 10)
Hint([8,4]+[2,4] add up to 13)
Hint([1,7]+[5,4]+[4,4] add up to 15)
Hint([1,6]+[3,8]+[2,5] add up to 16)
Hint([7,7]+[1,3] add up to 12)
Hint([7,7]+[5,7]+[2,1] add up to 17)
