Level( 2, 1, 6, 3, 4, 7, 9, 8, 5, 9, 4, 5, 1, 8, 2, 7, 3, 6, 7, 8, 3, 9, 5, 6, 4, 1, 2, 3, 5, 9, 6, 1, 8, 2, 7, 4, 6, 2, 8, 4, 7, 9, 3, 5, 1, 4, 7, 1, 5, 2, 3, 8, 6, 9, 5, 3, 2, 8, 6, 4, 1, 9, 7, 1, 9, 7, 2, 3, 5, 6, 4, 8, 8, 6, 4, 7, 9, 1, 5, 2, 3 )
Visible( 1, 1, 0, 1, 0, 0, 1, 0, 0, 0, 0, 1, 0, 0, 1, 0, 0, 0, 1, 0, 0, 0, 0, 0, 1, 0, 0, 1, 0, 0, 0, 1, 0, 0, 0, 0, 0, 1, 1, 0, 1, 0, 0, 0, 1, 1, 0, 0, 0, 0, 0, 0, 1, 0, 0, 1, 0, 1, 0, 0, 1, 1, 0, 0, 0, 0, 1, 0, 0, 0, 0, 1, 0, 0, 1, 0, 0, 0, 1, 0, 0 )
Hint([7,4]+[0,8]+[5,0] add up to 17)
Hint([6,4]+[7,6]+[2,4] add up to 17)
Hint([4,1]+[5,1] add up to 8)
Hint([5,0]+[8,6] add up to 12)
Hint([6,6]+[5,2] add up to 5)
Hint([0,0]+[1,5] add up to 7)
Hint([1,3]+[3,5]+[5,0] add up to 14)
Hint([0,4]+[3,4] add up to 8)
Hint([8,4]+[7,3] add up to 6)
Hint([0,0]+[7,0] add up to 8)
