Level( 3, 7, E, 8, 4, 1, 0, D, 5, 2, 9, A, B, 6, C, F, C, 4, D, 9, 5, A, B, 2, E, 7, F, 6, 8, 0, 1, 3, 2, 6, 5, A, C, 8, F, 7, 0, 1, 3, B, 4, E, 9, D, F, 0, B, 1, 9, 6, E, 3, C, 4, 8, D, 2, A, 7, 5, 9, 1, F, 6, B, 3, 2, 0, D, C, 7, 4, E, 8, 5, A, 0, C, 7, B, 1, E, 8, 5, A, 9, 2, 3, F, D, 4, 6, E, D, A, 5, F, C, 9, 4, 6, 8, B, 1, 7, 2, 3, 0, 4, 3, 8, 2, A, D, 7, 6, F, E, 0, 5, C, 9, B, 1, B, 2, 9, 4, 8, F, D, A, 3, 0, 1, 7, 5, C, 6, E, 6, 8, 3, D, 7, 4, 5, C, 9, B, E, F, 0, 1, A, 2, 7, A, C, 0, E, B, 6, 1, 8, D, 5, 2, 3, 4, F, 9, 5, E, 1, F, 0, 2, 3, 9, 4, 6, A, C, D, B, 8, 7, A, 5, 0, C, 6, 7, 1, E, 2, 3, 4, 8, 9, F, D, B, 8, F, 6, 3, 2, 9, 4, B, 7, A, D, 0, 1, 5, E, C, 1, 9, 2, 7, D, 5, A, 8, B, F, C, E, 6, 3, 0, 4, D, B, 4, E, 3, 0, C, F, 1, 5, 6, 9, A, 7, 2, 8 )
Visible( 1, 1, 1, 0, 0, 1, 0, 1, 1, 1, 1, 0, 1, 0, 0, 0, 1, 0, 0, 0, 1, 0, 1, 1, 1, 0, 0, 0, 1, 0, 1, 0, 1, 0, 0, 1, 0, 0, 1, 1, 1, 1, 1, 1, 1, 0, 0, 1, 0, 1, 1, 0, 1, 0, 0, 0, 0, 0, 0, 0, 1, 1, 1, 0, 0, 1, 0, 1, 1, 1, 1, 0, 1, 0, 1, 1, 1, 1, 0, 0, 1, 1, 1, 1, 0, 0, 1, 0, 0, 1, 1, 0, 0, 1, 0, 0, 1, 1, 0, 1, 0, 0, 0, 1, 1, 0, 0, 0, 0, 0, 0, 0, 1, 1, 1, 1, 0, 0, 1, 0, 1, 1, 1, 0, 0, 1, 0, 0, 0, 1, 0, 0, 1, 0, 1, 1, 0, 0, 1, 0, 1, 1, 1, 0, 0, 0, 0, 1, 0, 1, 0, 0, 1, 1, 0, 0, 0, 0, 1, 1, 0, 1, 1, 0, 0, 0, 0, 1, 0, 0, 1, 1, 1, 0, 0, 0, 0, 0, 0, 1, 1, 1, 0, 1, 1, 0, 0, 0, 1, 1, 1, 1, 0, 0, 1, 0, 0, 0, 0, 0, 0, 0, 0, 0, 0, 0, 0, 0, 0, 1, 1, 0, 0, 1, 0, 0, 1, 0, 0, 1, 1, 0, 1, 0, 1, 0, 1, 0, 0, 1, 0, 0, 1, 1, 1, 1, 0, 1, 1, 0, 0, 0, 1, 1, 0, 0, 0, 1, 0, 0, 0, 0, 1, 0, 0, 1 )
Hint([14,4]+[15,14]+[10,2] add up to 12)
Hint([10,0]+[11,13]+[4,9] add up to 16)
Hint([7,0]+[9,11] add up to 19)
Hint([12,10]+[1,3] add up to 3)
Hint([10,9]+[8,3] add up to 26)
Hint([1,15]+[7,2] add up to 18)
Hint([5,7]+[7,14]+[10,7] add up to 21)
Hint([0,5]+[5,3]+[0,4] add up to 15)
Hint([11,13]+[2,6]+[13,0] add up to 16)
Hint([6,0]+[1,1]+[8,1] add up to 18)
