Level( 6, 3, 1, 2, 4, 7, 5, 9, 8, 5, 2, 4, 1, 8, 9, 3, 7, 6, 8, 7, 9, 5, 6, 3, 1, 2, 4, 4, 5, 7, 9, 2, 6, 8, 3, 1, 9, 8, 3, 7, 1, 5, 4, 6, 2, 1, 6, 2, 4, 3, 8, 9, 5, 7, 2, 1, 5, 3, 7, 4, 6, 8, 9, 3, 4, 6, 8, 9, 2, 7, 1, 5, 7, 9, 8, 6, 5, 1, 2, 4, 3 )
Visible( 0, 0, 1, 0, 1, 0, 0, 1, 0, 0, 0, 0, 1, 1, 0, 1, 0, 0, 0, 1, 0, 0, 0, 0, 0, 0, 0, 1, 1, 0, 0, 0, 0, 1, 0, 0, 1, 0, 0, 1, 0, 0, 0, 0, 1, 0, 0, 0, 0, 0, 0, 0, 1, 0, 1, 0, 0, 0, 0, 0, 1, 0, 0, 1, 1, 0, 0, 1, 0, 0, 0, 0, 1, 1, 0, 1, 1, 0, 1, 0, 1 )
Hint([7,2]+[8,1]+[3,8] add up to 11)
Hint([6,5]+[7,1]+[0,1] add up to 18)
Hint([5,0]+[5,5] add up to 13)
Hint([6,7]+[1,4] add up to 13)
Hint([6,6]+[5,0] add up to 11)
Hint([0,0]+[1,6] add up to 5)
Hint([0,2]+[3,3]+[4,3] add up to 16)
Hint([8,1]+[2,7]+[1,3] add up to 14)
Hint([6,4]+[0,6]+[8,6] add up to 12)
Hint([3,5]+[2,4]+[5,6] add up to 8)
