Level( 1, F, 4, 6, 0, D, A, 3, 2, 9, C, B, 8, E, 5, 7, 7, 2, A, 5, 6, E, 9, 8, 0, 1, 4, F, C, 3, B, D, B, 3, 0, C, 4, 7, 1, 5, 6, 8, D, E, 2, A, 9, F, 9, 8, E, D, F, C, 2, B, 5, A, 3, 7, 0, 1, 6, 4, E, A, C, 4, 5, 0, B, F, 8, D, 9, 6, 1, 2, 7, 3, 0, D, 9, 2, 8, 3, 7, A, 4, B, F, 1, E, 6, C, 5, 6, 5, 8, B, 2, 1, E, C, A, 0, 7, 3, 4, F, D, 9, 3, 7, 1, F, 9, 4, 6, D, C, 2, E, 5, A, B, 0, 8, D, E, B, 7, 3, A, 0, 4, F, 5, 1, 2, 6, 9, 8, C, 8, 9, 2, 0, D, B, C, 1, 3, 4, 6, A, 5, 7, F, E, F, 4, 5, 3, E, 6, 8, 2, 7, C, 0, 9, B, D, 1, A, C, 1, 6, A, 7, 5, F, 9, D, E, B, 8, 3, 4, 2, 0, 5, 0, 7, 9, A, 2, 3, 6, 1, F, 8, 4, D, C, E, B, 2, B, D, E, C, 8, 4, 7, 9, 6, A, 0, F, 5, 3, 1, A, C, 3, 1, B, F, 5, 0, E, 7, 2, D, 9, 8, 4, 6, 4, 6, F, 8, 1, 9, D, E, B, 3, 5, C, 7, 0, A, 2 )
Visible( 0, 1, 1, 1, 1, 1, 0, 0, 0, 1, 0, 1, 0, 1, 0, 0, 1, 0, 1, 1, 1, 0, 0, 1, 0, 0, 1, 0, 1, 1, 1, 0, 0, 0, 0, 1, 0, 0, 1, 1, 1, 0, 1, 1, 0, 1, 0, 0, 0, 1, 0, 1, 1, 1, 0, 0, 0, 1, 1, 0, 0, 1, 0, 1, 0, 0, 1, 1, 0, 1, 0, 0, 0, 0, 0, 1, 0, 1, 0, 0, 1, 0, 0, 0, 0, 1, 0, 0, 0, 0, 0, 0, 1, 1, 1, 1, 1, 1, 0, 1, 1, 1, 0, 1, 1, 1, 0, 0, 1, 1, 1, 1, 0, 1, 0, 1, 1, 1, 0, 1, 1, 0, 0, 0, 1, 0, 0, 1, 0, 0, 1, 0, 0, 0, 1, 0, 0, 1, 1, 0, 0, 1, 1, 0, 1, 0, 1, 0, 1, 0, 0, 1, 1, 1, 0, 1, 0, 1, 1, 1, 0, 0, 0, 0, 0, 0, 0, 1, 0, 0, 1, 1, 1, 1, 1, 1, 0, 1, 1, 0, 1, 1, 1, 0, 1, 0, 0, 0, 0, 1, 0, 0, 1, 0, 0, 1, 1, 1, 0, 1, 1, 0, 0, 0, 1, 1, 1, 1, 0, 0, 0, 0, 0, 0, 0, 0, 0, 0, 0, 0, 0, 0, 0, 0, 1, 1, 1, 1, 1, 0, 0, 0, 0, 0, 1, 0, 1, 1, 0, 0, 1, 0, 0, 0, 1, 0, 1, 0, 1, 1, 0, 0, 0, 1, 0, 1 )
Hint([14,3]+[15,5]+[7,0] add up to 14)
Hint([12,6]+[13,4]+[1,4] add up to 16)
Hint([10,8]+[11,3] add up to 8)
Hint([10,11]+[1,7] add up to 18)
Hint([12,9]+[8,7] add up to 17)
Hint([2,0]+[3,2] add up to 16)
Hint([5,1]+[5,3]+[7,14] add up to 26)
Hint([3,8]+[6,9]+[2,1] add up to 29)
Hint([11,6]+[0,11]+[14,7] add up to 15)
Hint([8,4]+[2,9]+[10,5] add up to 25)
