Level( 4, 9, 7, 8, 6, 1, 2, 3, 5, 2, 5, 1, 7, 3, 9, 4, 8, 6, 8, 3, 6, 4, 5, 2, 9, 1, 7, 6, 7, 3, 2, 8, 5, 1, 9, 4, 5, 8, 2, 1, 9, 4, 7, 6, 3, 9, 1, 4, 6, 7, 3, 8, 5, 2, 7, 6, 5, 9, 2, 8, 3, 4, 1, 1, 2, 9, 3, 4, 6, 5, 7, 8, 3, 4, 8, 5, 1, 7, 6, 2, 9 )
Visible( 0, 0, 1, 1, 0, 0, 0, 0, 1, 1, 0, 1, 0, 1, 0, 0, 0, 0, 0, 1, 0, 0, 0, 1, 0, 0, 0, 1, 0, 0, 0, 0, 0, 1, 0, 0, 0, 1, 0, 0, 1, 0, 0, 0, 0, 1, 0, 0, 0, 0, 1, 0, 0, 1, 0, 0, 0, 0, 1, 0, 1, 0, 0, 1, 0, 0, 0, 0, 1, 0, 1, 1, 0, 0, 0, 1, 0, 1, 1, 0, 0 )
Hint([6,8]+[1,6]+[5,5] add up to 12)
Hint([7,8]+[8,4]+[1,8] add up to 6)
Hint([5,4]+[6,3] add up to 3)
Hint([6,5]+[0,3] add up to 12)
Hint([5,3]+[4,6] add up to 5)
Hint([0,0]+[1,0] add up to 11)
Hint([2,4]+[4,8] add up to 1)
Hint([5,7]+[1,3]+[3,7] add up to 13)
Hint([8,5]+[7,7] add up to 7)
Hint([7,4]+[8,8] add up to 13)
