Level( 8, 6, 4, 7, 2, 5, 1, 3, 9, 5, 3, 7, 4, 9, 1, 2, 8, 6, 2, 1, 9, 6, 3, 8, 5, 7, 4, 9, 2, 6, 1, 5, 7, 3, 4, 8, 1, 5, 8, 9, 4, 3, 6, 2, 7, 4, 7, 3, 8, 6, 2, 9, 5, 1, 7, 9, 2, 5, 1, 4, 8, 6, 3, 3, 4, 1, 2, 8, 6, 7, 9, 5, 6, 8, 5, 3, 7, 9, 4, 1, 2 )
Visible( 0, 1, 0, 0, 1, 0, 0, 0, 1, 0, 1, 0, 1, 0, 0, 0, 1, 0, 1, 0, 0, 0, 1, 0, 1, 0, 0, 1, 0, 0, 0, 0, 0, 0, 1, 0, 0, 0, 0, 0, 0, 1, 0, 0, 1, 0, 1, 0, 0, 0, 0, 1, 0, 1, 1, 1, 0, 1, 0, 1, 1, 0, 0, 0, 0, 1, 0, 0, 1, 0, 0, 0, 0, 1, 0, 0, 0, 0, 0, 0, 1 )
Hint([6,7]+[0,2]+[4,6] add up to 7)
Hint([5,4]+[7,0]+[0,3] add up to 12)
Hint([4,1]+[5,5] add up to 9)
Hint([7,2]+[0,4] add up to 6)
Hint([5,6]+[5,8] add up to 11)
Hint([0,8]+[3,2] add up to 10)
Hint([2,4]+[4,8]+[6,6] add up to 20)
Hint([8,6]+[3,2]+[0,0] add up to 14)
Hint([6,3]+[0,2]+[7,5] add up to 7)
Hint([5,2]+[1,8]+[6,1] add up to 15)
