Level( 4, 5, 6, 7, 8, C, A, 9, 0, 3, D, 2, 1, E, F, B, 2, E, D, C, F, 1, 3, B, 7, 4, 5, A, 9, 6, 0, 8, 1, F, 0, B, 2, 6, 7, 5, 9, 8, C, E, D, A, 3, 4, 8, 9, A, 3, 0, E, 4, D, F, B, 6, 1, 7, 2, 5, C, E, 4, 5, 0, A, 8, C, 3, 6, 9, 1, B, 2, D, 7, F, 3, D, 1, A, 6, 4, 0, F, E, 5, 2, 7, 8, B, C, 9, F, 6, 8, 9, 7, 5, B, 2, D, C, 0, 3, 4, 1, E, A, C, B, 7, 2, 1, 9, D, E, A, F, 4, 8, 0, 3, 6, 5, A, 7, C, 5, B, D, 8, 1, 2, E, 3, 0, F, 4, 9, 6, B, 1, E, 4, C, 3, F, 0, 5, D, 9, 6, A, 8, 2, 7, 0, 8, 9, D, 5, A, 2, 6, B, 7, F, 4, E, C, 1, 3, 6, 3, 2, F, E, 7, 9, 4, 8, 1, A, C, B, 5, D, 0, D, 2, B, 8, 3, 0, 1, A, C, 6, 7, 9, 5, F, 4, E, 5, 0, 3, E, D, B, 6, 7, 4, 2, 8, F, C, 9, A, 1, 9, A, F, 6, 4, 2, E, C, 1, 0, B, 5, 3, 7, 8, D, 7, C, 4, 1, 9, F, 5, 8, 3, A, E, D, 6, 0, B, 2 )
Visible( 0, 0, 0, 1, 0, 1, 1, 1, 1, 0, 0, 1, 1, 1, 1, 1, 0, 0, 1, 1, 0, 0, 0, 0, 1, 1, 0, 1, 0, 1, 1, 1, 0, 0, 0, 0, 0, 1, 1, 1, 0, 1, 0, 1, 0, 1, 1, 0, 1, 1, 1, 1, 1, 0, 0, 0, 1, 0, 1, 1, 1, 0, 0, 1, 0, 1, 1, 0, 1, 0, 0, 0, 1, 0, 1, 1, 1, 0, 0, 0, 0, 0, 0, 0, 0, 0, 0, 0, 0, 1, 1, 0, 0, 0, 0, 1, 1, 1, 0, 1, 0, 1, 0, 1, 1, 1, 1, 0, 0, 0, 0, 1, 1, 0, 0, 0, 0, 0, 0, 0, 1, 1, 1, 0, 1, 1, 1, 1, 0, 0, 1, 0, 1, 1, 1, 1, 1, 1, 1, 1, 0, 0, 1, 1, 1, 1, 1, 1, 1, 0, 1, 0, 0, 1, 1, 1, 1, 1, 0, 0, 1, 0, 0, 1, 0, 1, 0, 0, 1, 0, 0, 1, 1, 0, 1, 1, 1, 1, 1, 1, 1, 0, 1, 1, 0, 1, 0, 1, 0, 1, 0, 1, 1, 1, 0, 0, 0, 1, 0, 1, 1, 1, 1, 1, 1, 0, 0, 1, 0, 1, 0, 1, 0, 0, 0, 1, 1, 1, 1, 1, 1, 0, 0, 1, 0, 0, 0, 0, 0, 1, 0, 1, 1, 1, 1, 0, 1, 1, 0, 0, 1, 0, 1, 0, 1, 0, 0, 0, 0, 0, 1, 1, 1, 1, 1, 1 )
Hint([11,9]+[1,0]+[6,12] add up to 12)
Hint([10,0]+[11,3]+[1,13] add up to 14)
Hint([9,0]+[9,12] add up to 9)
Hint([11,13]+[2,5] add up to 16)
Hint([10,7]+[8,8] add up to 6)
Hint([0,13]+[6,5] add up to 5)
Hint([3,6]+[7,15]+[10,8] add up to 20)
Hint([1,0]+[4,3]+[0,9] add up to 16)
Hint([11,6]+[0,2] add up to 4)
Hint([14,3]+[7,13]+[5,14] add up to 14)
