Level( 5, 4, 1, 8, 6, 2, 7, 9, 3, 7, 6, 3, 9, 4, 1, 2, 8, 5, 9, 8, 2, 7, 5, 3, 1, 4, 6, 2, 3, 6, 1, 9, 5, 4, 7, 8, 4, 5, 9, 6, 7, 8, 3, 1, 2, 8, 1, 7, 2, 3, 4, 5, 6, 9, 3, 7, 5, 4, 8, 9, 6, 2, 1, 6, 2, 8, 3, 1, 7, 9, 5, 4, 1, 9, 4, 5, 2, 6, 8, 3, 7 )
Visible( 0, 0, 0, 0, 1, 1, 1, 0, 0, 0, 0, 0, 1, 0, 1, 0, 0, 0, 0, 1, 0, 1, 1, 0, 0, 0, 0, 0, 1, 0, 0, 0, 0, 0, 0, 0, 0, 1, 1, 0, 0, 0, 0, 1, 0, 0, 0, 1, 0, 0, 1, 0, 1, 1, 0, 1, 1, 0, 1, 0, 0, 1, 1, 0, 0, 1, 0, 1, 0, 0, 1, 0, 0, 0, 0, 0, 0, 1, 0, 0, 0 )
Hint([6,6]+[0,8]+[5,3] add up to 9)
Hint([5,7]+[8,6]+[2,1] add up to 8)
Hint([6,3]+[6,7] add up to 11)
Hint([7,7]+[1,8] add up to 12)
Hint([5,3]+[4,3] add up to 12)
Hint([8,5]+[3,5] add up to 9)
Hint([0,5]+[4,4]+[4,4] add up to 19)
Hint([8,2]+[2,2]+[0,1] add up to 12)
Hint([8,5]+[0,2]+[7,6] add up to 17)
Hint([6,5]+[2,6] add up to 8)
