Level( 4, 7, 8, 9, 6, 1, 5, 2, 3, 5, 1, 2, 8, 4, 3, 6, 9, 7, 3, 6, 9, 2, 7, 5, 4, 8, 1, 1, 8, 3, 4, 5, 7, 2, 6, 9, 7, 9, 5, 6, 8, 2, 1, 3, 4, 6, 2, 4, 3, 1, 9, 7, 5, 8, 8, 4, 7, 5, 9, 6, 3, 1, 2, 9, 3, 6, 1, 2, 4, 8, 7, 5, 2, 5, 1, 7, 3, 8, 9, 4, 6 )
Visible( 0, 0, 0, 0, 1, 0, 0, 1, 0, 0, 0, 1, 0, 1, 0, 0, 0, 1, 1, 1, 0, 0, 0, 1, 0, 1, 0, 0, 0, 0, 0, 0, 0, 0, 1, 0, 1, 0, 0, 0, 0, 0, 1, 1, 0, 0, 0, 1, 1, 0, 1, 1, 0, 0, 0, 1, 0, 0, 0, 0, 0, 0, 1, 1, 0, 0, 1, 0, 0, 0, 0, 0, 0, 0, 0, 1, 1, 0, 0, 1, 0 )
Hint([6,6]+[0,3]+[4,8] add up to 4)
Hint([7,1]+[6,3]+[1,2] add up to 14)
Hint([4,6]+[7,5] add up to 12)
Hint([7,5]+[0,1] add up to 8)
Hint([7,7]+[5,0] add up to 6)
Hint([8,6]+[3,8] add up to 7)
Hint([1,2]+[3,8]+[6,1] add up to 16)
Hint([1,2]+[2,5]+[1,1] add up to 8)
Hint([6,7]+[1,5]+[8,1] add up to 14)
Hint([5,2]+[1,5]+[6,6] add up to 7)
