Level( 2, 4, E, F, 7, 1, 3, 5, 6, 8, 9, D, A, C, 0, B, A, 3, 6, 8, 0, 9, B, D, 1, 5, C, 7, F, 2, 4, E, 1, D, C, B, F, A, 6, 2, E, 4, 3, 0, 9, 7, 8, 5, 0, 5, 7, 9, 4, C, E, 8, B, A, 2, F, 1, 3, D, 6, 8, 0, 2, 6, 9, 5, D, 1, 7, 3, E, C, 4, A, B, F, 5, F, 3, 7, E, 4, 8, 0, 2, 9, A, B, D, 1, 6, C, B, 9, 1, D, C, 6, A, 3, 5, F, 4, 8, 2, E, 7, 0, 4, C, A, E, B, 2, F, 7, D, 6, 0, 1, 8, 5, 9, 3, E, 1, 9, C, 2, F, 5, 6, 8, B, D, 3, 0, 4, A, 7, 3, 2, D, 5, 8, E, 4, B, A, 0, 7, 6, C, 9, F, 1, 6, B, F, A, D, 0, 7, C, 9, E, 1, 4, 5, 8, 3, 2, 7, 8, 4, 0, 1, 3, 9, A, F, C, 5, 2, 6, B, E, D, F, 6, 8, 2, A, 7, C, E, 0, 1, B, 9, 3, D, 5, 4, C, A, 0, 4, 5, B, 1, 9, 3, D, 6, E, 7, F, 2, 8, 9, 7, B, 1, 3, D, 0, F, 4, 2, 8, 5, E, 6, C, A, D, E, 5, 3, 6, 8, 2, 4, C, 7, F, A, B, 0, 1, 9 )
Visible( 0, 1, 0, 1, 1, 1, 0, 0, 1, 0, 1, 0, 0, 0, 1, 0, 0, 0, 0, 1, 1, 1, 1, 0, 1, 1, 0, 1, 1, 0, 0, 0, 0, 0, 1, 0, 0, 0, 0, 0, 0, 1, 0, 0, 1, 0, 1, 0, 0, 0, 1, 1, 1, 1, 0, 1, 0, 1, 0, 1, 0, 1, 1, 0, 0, 0, 1, 0, 0, 1, 0, 1, 1, 0, 1, 1, 0, 0, 1, 1, 0, 0, 1, 1, 0, 0, 1, 0, 0, 0, 0, 1, 1, 0, 0, 1, 1, 0, 1, 0, 1, 1, 0, 1, 1, 1, 1, 0, 0, 0, 0, 1, 0, 0, 1, 1, 0, 0, 1, 0, 1, 1, 0, 0, 1, 1, 0, 1, 1, 0, 1, 1, 1, 0, 0, 1, 0, 0, 1, 0, 0, 1, 0, 1, 0, 0, 0, 0, 1, 1, 0, 1, 1, 0, 0, 0, 0, 1, 0, 1, 1, 0, 1, 0, 0, 0, 1, 0, 0, 0, 0, 0, 0, 1, 1, 0, 0, 0, 1, 0, 1, 1, 0, 0, 0, 1, 0, 0, 0, 1, 0, 1, 0, 0, 0, 0, 1, 0, 0, 0, 1, 1, 0, 0, 1, 0, 1, 1, 1, 1, 0, 1, 0, 1, 0, 0, 1, 1, 0, 1, 1, 0, 1, 1, 0, 0, 1, 0, 0, 0, 1, 1, 0, 0, 0, 0, 1, 1, 0, 0, 0, 0, 1, 1, 0, 1, 1, 0, 0, 0, 1, 0, 0, 0, 1, 0 )
Hint([12,1]+[14,14]+[9,12] add up to 28)
Hint([10,5]+[12,14]+[4,4] add up to 33)
Hint([7,15]+[13,7] add up to 9)
Hint([10,12]+[2,7] add up to 21)
Hint([12,1]+[6,12] add up to 27)
Hint([15,9]+[5,13] add up to 12)
Hint([3,6]+[7,15]+[10,6] add up to 21)
Hint([0,15]+[8,15]+[4,9] add up to 33)
Hint([11,13]+[2,13] add up to 14)
Hint([15,8]+[8,12]+[4,1] add up to 7)
