Level( 6, 1, 2, 7, 5, 8, 3, 4, 9, 9, 4, 5, 6, 3, 1, 8, 2, 7, 3, 8, 7, 2, 4, 9, 5, 6, 1, 2, 3, 1, 5, 8, 4, 7, 9, 6, 7, 5, 8, 9, 1, 6, 4, 3, 2, 4, 9, 6, 3, 2, 7, 1, 8, 5, 8, 7, 9, 1, 6, 3, 2, 5, 4, 5, 6, 3, 4, 7, 2, 9, 1, 8, 1, 2, 4, 8, 9, 5, 6, 7, 3 )
Visible( 1, 0, 0, 0, 1, 0, 0, 0, 1, 0, 1, 0, 0, 0, 1, 1, 0, 0, 1, 0, 1, 0, 0, 0, 0, 1, 0, 1, 0, 0, 0, 1, 0, 0, 1, 1, 0, 1, 0, 0, 0, 0, 1, 0, 0, 0, 0, 0, 0, 0, 1, 1, 0, 0, 1, 0, 1, 1, 0, 1, 0, 0, 0, 0, 1, 1, 0, 0, 0, 0, 0, 0, 0, 0, 0, 0, 0, 0, 0, 1, 0 )
Hint([6,7]+[1,8]+[5,0] add up to 16)
Hint([7,0]+[6,8]+[2,8] add up to 11)
Hint([5,4]+[6,7] add up to 13)
Hint([6,2]+[8,0] add up to 12)
Hint([5,5]+[5,7] add up to 7)
Hint([0,8]+[3,7] add up to 3)
Hint([2,6]+[4,7]+[5,1] add up to 14)
Hint([1,3]+[3,1]+[0,4] add up to 13)
Hint([7,3]+[0,0] add up to 13)
Hint([0,7]+[5,1]+[1,3] add up to 6)
