Level( 1, 3, 4, 9, 2, 5, 6, 7, 8, 2, 7, 8, 3, 6, 4, 1, 9, 5, 6, 9, 5, 7, 1, 8, 3, 4, 2, 3, 8, 9, 2, 5, 7, 4, 1, 6, 4, 6, 1, 8, 9, 3, 5, 2, 7, 7, 5, 2, 1, 4, 6, 9, 8, 3, 8, 4, 3, 5, 7, 9, 2, 6, 1, 9, 2, 7, 6, 3, 1, 8, 5, 4, 5, 1, 6, 4, 8, 2, 7, 3, 9 )
Visible( 1, 0, 0, 0, 0, 0, 0, 1, 0, 0, 0, 0, 0, 0, 1, 0, 0, 0, 0, 1, 1, 0, 0, 0, 1, 0, 0, 1, 1, 1, 0, 0, 1, 1, 0, 0, 1, 0, 1, 0, 0, 0, 0, 1, 0, 0, 0, 0, 0, 0, 1, 0, 0, 0, 0, 1, 0, 0, 0, 1, 0, 1, 1, 0, 1, 0, 0, 1, 0, 0, 1, 0, 1, 0, 0, 0, 1, 0, 0, 0, 0 )
Hint([6,6]+[0,2]+[3,0] add up to 14)
Hint([5,0]+[6,8]+[2,6] add up to 12)
Hint([6,2]+[6,5] add up to 10)
Hint([6,6]+[1,1] add up to 7)
Hint([5,4]+[4,3] add up to 6)
Hint([8,7]+[3,3] add up to 4)
Hint([2,2]+[3,0]+[3,7] add up to 17)
Hint([1,5]+[3,0]+[8,0] add up to 19)
Hint([7,8]+[1,3]+[7,0] add up to 15)
Hint([4,1]+[1,2]+[5,0] add up to 17)
