Level( 2, 9, 4, 1, 5, 8, 3, 6, 7, 7, 6, 5, 9, 3, 4, 1, 8, 2, 8, 1, 3, 7, 6, 2, 9, 4, 5, 4, 2, 7, 6, 9, 5, 8, 1, 3, 6, 5, 8, 2, 1, 3, 4, 7, 9, 9, 3, 1, 8, 4, 7, 2, 5, 6, 5, 4, 6, 3, 2, 1, 7, 9, 8, 3, 7, 9, 4, 8, 6, 5, 2, 1, 1, 8, 2, 5, 7, 9, 6, 3, 4 )
Visible( 0, 0, 0, 0, 1, 0, 1, 0, 1, 0, 0, 0, 1, 0, 0, 0, 0, 0, 1, 0, 0, 1, 0, 0, 0, 0, 0, 0, 0, 0, 0, 0, 0, 0, 1, 1, 1, 1, 0, 0, 0, 1, 0, 0, 1, 1, 0, 1, 1, 0, 0, 0, 0, 0, 0, 1, 0, 0, 0, 0, 0, 1, 0, 0, 1, 0, 0, 0, 1, 1, 1, 1, 0, 0, 1, 1, 0, 0, 0, 0, 0 )
Hint([7,3]+[0,4]+[4,6] add up to 6)
Hint([6,7]+[8,3]+[1,2] add up to 6)
Hint([6,3]+[6,3] add up to 14)
Hint([5,5]+[0,1] add up to 12)
Hint([5,2]+[4,7] add up to 8)
Hint([8,6]+[3,8] add up to 11)
Hint([2,4]+[4,1]+[4,7] add up to 16)
Hint([0,0]+[2,3]+[0,4] add up to 12)
Hint([6,5]+[0,0] add up to 2)
Hint([7,1]+[3,6]+[2,7] add up to 17)
