Level( 5, 8, 3, 4, 1, 6, 9, 2, 7, 1, 6, 9, 7, 5, 2, 4, 3, 8, 7, 4, 2, 8, 9, 3, 6, 5, 1, 6, 9, 5, 2, 7, 8, 1, 4, 3, 2, 3, 1, 6, 4, 5, 7, 8, 9, 8, 7, 4, 9, 3, 1, 5, 6, 2, 4, 2, 7, 5, 8, 9, 3, 1, 6, 3, 5, 8, 1, 6, 7, 2, 9, 4, 9, 1, 6, 3, 2, 4, 8, 7, 5 )
Visible( 1, 0, 0, 0, 0, 1, 0, 1, 0, 0, 1, 1, 0, 0, 0, 0, 0, 0, 1, 0, 0, 1, 0, 0, 0, 0, 1, 0, 0, 0, 0, 0, 0, 1, 0, 1, 1, 1, 0, 0, 0, 1, 1, 0, 0, 0, 0, 0, 0, 0, 1, 1, 0, 0, 0, 1, 0, 1, 1, 1, 0, 0, 0, 0, 0, 0, 1, 0, 0, 0, 1, 0, 0, 0, 0, 0, 1, 0, 0, 0, 0 )
Hint([8,2]+[8,8]+[5,0] add up to 9)
Hint([6,8]+[8,7]+[2,4] add up to 10)
Hint([6,3]+[6,1] add up to 3)
Hint([7,0]+[8,5] add up to 2)
Hint([5,2]+[4,6] add up to 9)
Hint([0,6]+[3,2] add up to 10)
Hint([2,7]+[5,1]+[4,7] add up to 13)
Hint([0,5]+[3,0]+[8,8] add up to 14)
Hint([7,6]+[0,4] add up to 1)
Hint([0,1]+[4,4]+[1,0] add up to 10)
