Level( 2, 7, 6, 5, 3, 8, 9, 4, 1, 1, 5, 3, 4, 7, 9, 2, 8, 6, 4, 8, 9, 1, 2, 6, 3, 7, 5, 3, 1, 8, 2, 5, 4, 6, 9, 7, 6, 9, 2, 8, 1, 7, 4, 5, 3, 5, 4, 7, 6, 9, 3, 1, 2, 8, 8, 3, 5, 9, 6, 2, 7, 1, 4, 7, 2, 1, 3, 4, 5, 8, 6, 9, 9, 6, 4, 7, 8, 1, 5, 3, 2 )
Visible( 1, 0, 0, 0, 1, 0, 0, 1, 0, 0, 1, 0, 0, 1, 0, 0, 1, 1, 0, 1, 1, 1, 0, 0, 0, 0, 0, 0, 1, 0, 0, 1, 0, 1, 0, 1, 0, 0, 0, 1, 1, 0, 0, 0, 0, 0, 0, 1, 0, 1, 0, 0, 0, 1, 0, 0, 0, 0, 0, 1, 0, 0, 0, 1, 1, 0, 0, 0, 0, 0, 1, 0, 0, 1, 0, 0, 0, 0, 1, 1, 0 )
Hint([8,4]+[0,7]+[5,0] add up to 15)
Hint([5,2]+[7,8]+[2,6] add up to 11)
Hint([5,4]+[6,1] add up to 7)
Hint([5,8]+[1,3] add up to 0)
Hint([7,6]+[5,1] add up to 8)
Hint([0,1]+[2,8] add up to 3)
Hint([0,2]+[3,0]+[3,6] add up to 15)
Hint([1,4]+[3,0]+[0,5] add up to 16)
Hint([6,6]+[1,8] add up to 11)
Hint([8,4]+[4,6]+[2,8] add up to 10)
