Level( 4, 1, 7, 3, 6, 8, 2, 9, 5, 5, 6, 8, 7, 9, 2, 1, 4, 3, 3, 2, 9, 4, 1, 5, 8, 6, 7, 7, 8, 3, 9, 2, 4, 5, 1, 6, 9, 4, 6, 5, 7, 1, 3, 8, 2, 1, 5, 2, 6, 8, 3, 9, 7, 4, 2, 9, 4, 1, 5, 7, 6, 3, 8, 8, 7, 1, 2, 3, 6, 4, 5, 9, 6, 3, 5, 8, 4, 9, 7, 2, 1 )
Visible( 0, 1, 0, 0, 0, 0, 0, 0, 1, 1, 0, 0, 0, 1, 0, 1, 0, 1, 0, 0, 1, 1, 0, 0, 0, 1, 0, 0, 1, 0, 0, 0, 0, 0, 0, 0, 0, 0, 1, 0, 1, 0, 0, 0, 0, 1, 0, 0, 1, 0, 0, 0, 0, 0, 0, 0, 1, 1, 0, 0, 0, 0, 0, 0, 0, 0, 1, 0, 1, 1, 1, 0, 0, 1, 0, 1, 0, 0, 1, 0, 0 )
Hint([6,8]+[1,5]+[5,4] add up to 10)
Hint([5,7]+[8,1]+[0,5] add up to 7)
Hint([4,0]+[5,6] add up to 11)
Hint([6,4]+[0,1] add up to 6)
Hint([6,8]+[5,6] add up to 12)
Hint([0,3]+[2,0] add up to 12)
Hint([1,6]+[4,1] add up to 16)
Hint([6,7]+[1,2] add up to 4)
Hint([1,4]+[0,3] add up to 9)
Hint([0,5]+[8,8]+[0,1] add up to 4)
