Level( 4, 8, 7, 3, 1, 5, 9, 2, 6, 6, 5, 1, 9, 7, 2, 8, 3, 4, 2, 3, 9, 8, 6, 4, 5, 7, 1, 7, 6, 4, 1, 9, 3, 2, 5, 8, 8, 1, 3, 5, 2, 7, 6, 4, 9, 9, 2, 5, 6, 4, 8, 7, 1, 3, 1, 7, 6, 2, 3, 9, 4, 8, 5, 5, 9, 2, 4, 8, 1, 3, 6, 7, 3, 4, 8, 7, 5, 6, 1, 9, 2 )
Visible( 0, 0, 1, 1, 1, 0, 0, 0, 0, 0, 0, 0, 1, 0, 0, 0, 0, 1, 0, 0, 0, 0, 0, 1, 1, 1, 0, 0, 1, 0, 0, 0, 1, 0, 0, 1, 1, 1, 0, 0, 1, 0, 1, 1, 0, 1, 0, 0, 0, 0, 0, 0, 0, 1, 1, 0, 0, 0, 0, 0, 0, 0, 0, 0, 0, 0, 0, 1, 0, 0, 1, 0, 1, 0, 0, 0, 0, 0, 0, 1, 0 )
Hint([7,0]+[8,1]+[3,0] add up to 6)
Hint([7,0]+[6,8]+[2,5] add up to 5)
Hint([5,8]+[7,2] add up to 11)
Hint([6,6]+[1,3] add up to 8)
Hint([6,7]+[5,2] add up to 5)
Hint([0,5]+[3,7] add up to 11)
Hint([1,3]+[4,1]+[4,7] add up to 18)
Hint([8,5]+[3,2]+[0,1] add up to 14)
Hint([7,6]+[0,7]+[8,4] add up to 19)
Hint([4,0]+[0,0]+[4,1] add up to 9)
