Level( 4, 1, 7, 6, 3, 2, 8, 9, 5, 3, 5, 9, 1, 7, 8, 2, 4, 6, 8, 2, 6, 4, 5, 9, 1, 3, 7, 6, 4, 3, 5, 8, 7, 9, 2, 1, 5, 9, 2, 3, 6, 1, 7, 8, 4, 7, 8, 1, 9, 2, 4, 5, 6, 3, 1, 6, 5, 2, 9, 3, 4, 7, 8, 9, 7, 4, 8, 1, 6, 3, 5, 2, 2, 3, 8, 7, 4, 5, 6, 1, 9 )
Visible( 1, 0, 0, 0, 0, 0, 0, 0, 0, 0, 0, 0, 1, 0, 0, 1, 0, 0, 0, 0, 0, 0, 0, 1, 0, 0, 1, 0, 0, 0, 0, 1, 0, 1, 0, 0, 1, 0, 1, 0, 1, 0, 0, 1, 0, 0, 1, 1, 0, 0, 1, 0, 1, 1, 1, 0, 1, 1, 0, 1, 1, 0, 0, 0, 0, 0, 1, 0, 0, 0, 0, 0, 1, 0, 0, 0, 0, 1, 0, 1, 0 )
Hint([6,0]+[8,4]+[4,4] add up to 15)
Hint([5,0]+[6,8]+[2,6] add up to 10)
Hint([4,8]+[7,8] add up to 3)
Hint([7,1]+[8,2] add up to 9)
Hint([5,8]+[5,2] add up to 12)
Hint([8,3]+[2,0] add up to 6)
Hint([2,2]+[3,4] add up to 7)
Hint([5,4]+[0,0]+[2,0] add up to 9)
Hint([0,5]+[7,5] add up to 11)
Hint([7,3]+[8,0] add up to 5)
