Level( 4, 9, 3, 8, 7, 1, 5, 2, 6, 6, 8, 1, 3, 5, 2, 4, 7, 9, 7, 2, 5, 6, 9, 4, 3, 1, 8, 3, 4, 9, 1, 2, 5, 8, 6, 7, 2, 6, 7, 4, 8, 3, 9, 5, 1, 1, 5, 8, 7, 6, 9, 2, 3, 4, 5, 1, 6, 2, 4, 8, 7, 9, 3, 8, 7, 2, 9, 3, 6, 1, 4, 5, 9, 3, 4, 5, 1, 7, 6, 8, 2 )
Visible( 0, 0, 0, 1, 0, 0, 0, 1, 0, 1, 0, 0, 1, 0, 0, 0, 0, 0, 0, 0, 0, 1, 1, 0, 1, 1, 0, 1, 0, 0, 0, 0, 1, 0, 0, 0, 0, 0, 0, 0, 0, 0, 1, 1, 1, 1, 0, 1, 0, 0, 0, 0, 0, 0, 0, 0, 0, 0, 0, 0, 0, 1, 0, 1, 1, 1, 0, 0, 0, 0, 1, 0, 0, 0, 1, 0, 1, 1, 1, 0, 0 )
Hint([8,8]+[1,5]+[4,0] add up to 11)
Hint([6,5]+[7,7]+[2,6] add up to 9)
Hint([6,0]+[5,0] add up to 4)
Hint([7,0]+[8,3] add up to 7)
Hint([5,6]+[5,1] add up to 8)
Hint([8,6]+[3,1] add up to 4)
Hint([2,1]+[3,7]+[5,5] add up to 16)
Hint([0,4]+[3,8]+[2,1] add up to 5)
Hint([6,7]+[1,8]+[0,3] add up to 4)
Hint([4,3]+[1,7]+[6,3] add up to 14)
