Level( 9, 3, 4, 5, 2, 1, 8, 7, 6, 7, 8, 2, 6, 3, 4, 9, 1, 5, 1, 5, 6, 7, 9, 8, 2, 4, 3, 2, 1, 8, 4, 5, 3, 6, 9, 7, 3, 9, 7, 8, 6, 2, 1, 5, 4, 6, 4, 5, 9, 1, 7, 3, 8, 2, 4, 7, 9, 2, 8, 6, 5, 3, 1, 5, 6, 1, 3, 7, 9, 4, 2, 8, 8, 2, 3, 1, 4, 5, 7, 6, 9 )
Visible( 1, 1, 0, 0, 0, 0, 0, 0, 0, 0, 0, 1, 0, 0, 1, 0, 0, 1, 0, 1, 0, 0, 0, 1, 0, 0, 0, 0, 1, 1, 1, 0, 1, 1, 0, 0, 1, 0, 0, 0, 1, 0, 0, 0, 0, 0, 0, 0, 0, 1, 0, 0, 1, 1, 1, 0, 1, 0, 0, 0, 0, 1, 0, 0, 0, 1, 0, 0, 1, 1, 0, 1, 0, 1, 0, 1, 0, 0, 0, 1, 0 )
Hint([7,5]+[0,5]+[4,8] add up to 15)
Hint([5,0]+[6,5]+[1,2] add up to 6)
Hint([4,7]+[7,3] add up to 14)
Hint([6,8]+[1,0] add up to 8)
Hint([5,6]+[5,5] add up to 11)
Hint([1,7]+[3,7] add up to 7)
Hint([3,7]+[5,5]+[5,4] add up to 9)
Hint([8,4]+[3,1]+[0,8] add up to 15)
Hint([5,7]+[1,8] add up to 9)
Hint([0,6]+[5,5]+[2,3] add up to 16)
