Level( 3, 6, 7, 4, 5, 9, 8, 2, 1, 2, 1, 9, 6, 8, 3, 5, 4, 7, 4, 5, 8, 7, 1, 2, 6, 9, 3, 9, 4, 5, 1, 7, 6, 2, 3, 8, 7, 8, 2, 3, 9, 4, 1, 6, 5, 1, 3, 6, 8, 2, 5, 9, 7, 4, 6, 2, 3, 5, 4, 8, 7, 1, 9, 5, 9, 1, 2, 3, 7, 4, 8, 6, 8, 7, 4, 9, 6, 1, 3, 5, 2 )
Visible( 0, 0, 0, 0, 1, 1, 0, 0, 1, 0, 0, 1, 0, 0, 1, 0, 0, 0, 1, 0, 0, 0, 0, 0, 1, 0, 0, 0, 0, 0, 1, 0, 0, 0, 0, 0, 0, 0, 0, 0, 1, 0, 0, 0, 1, 0, 1, 0, 1, 0, 1, 0, 1, 0, 0, 1, 1, 0, 0, 0, 0, 0, 1, 1, 0, 0, 0, 0, 1, 0, 0, 1, 0, 1, 0, 1, 1, 0, 1, 0, 0 )
Hint([7,2]+[8,4]+[4,6] add up to 15)
Hint([5,8]+[8,7]+[2,1] add up to 13)
Hint([4,3]+[6,0] add up to 13)
Hint([5,8]+[1,8] add up to 6)
Hint([6,3]+[4,0] add up to 5)
Hint([0,7]+[3,4] add up to 6)
Hint([2,6]+[4,6]+[5,5] add up to 9)
Hint([1,5]+[3,7]+[1,0] add up to 8)
Hint([6,2]+[8,4]+[7,4] add up to 14)
Hint([4,8]+[3,4]+[5,2] add up to 8)
