Level( 9, 3, 5, 2, 8, 1, 7, 6, 4, 2, 7, 8, 9, 6, 4, 3, 1, 5, 1, 4, 6, 5, 3, 7, 2, 9, 8, 7, 6, 3, 8, 4, 2, 9, 5, 1, 8, 1, 2, 3, 5, 9, 4, 7, 6, 5, 9, 4, 1, 7, 6, 8, 3, 2, 4, 5, 7, 6, 9, 8, 1, 2, 3, 6, 2, 9, 4, 1, 3, 5, 8, 7, 3, 8, 1, 7, 2, 5, 6, 4, 9 )
Visible( 0, 0, 0, 0, 0, 0, 1, 1, 0, 1, 0, 0, 0, 1, 0, 0, 1, 0, 0, 1, 0, 0, 1, 0, 0, 0, 1, 0, 0, 0, 0, 1, 0, 0, 0, 0, 1, 1, 0, 0, 0, 1, 0, 1, 0, 0, 1, 0, 1, 0, 0, 0, 0, 0, 1, 1, 0, 0, 0, 1, 0, 0, 1, 0, 1, 1, 0, 0, 0, 0, 0, 0, 0, 0, 0, 1, 0, 1, 0, 0, 0 )
Hint([7,2]+[8,4]+[4,2] add up to 15)
Hint([5,1]+[6,6]+[2,5] add up to 6)
Hint([5,0]+[5,3] add up to 1)
Hint([6,2]+[8,5] add up to 2)
Hint([5,1]+[3,4] add up to 5)
Hint([8,4]+[2,6] add up to 11)
Hint([1,0]+[3,2]+[4,2] add up to 8)
Hint([0,5]+[3,4]+[1,4] add up to 6)
Hint([6,6]+[0,5] add up to 4)
Hint([7,4]+[4,4]+[2,6] add up to 16)
