Level( 1, 4, 2, 3, 5, 9, 7, 6, 8, 9, 7, 5, 6, 8, 2, 1, 3, 4, 6, 3, 8, 7, 4, 1, 5, 9, 2, 5, 9, 3, 8, 1, 7, 4, 2, 6, 8, 1, 6, 5, 2, 4, 3, 7, 9, 7, 2, 4, 9, 3, 6, 8, 5, 1, 4, 8, 7, 2, 9, 5, 6, 1, 3, 2, 6, 1, 4, 7, 3, 9, 8, 5, 3, 5, 9, 1, 6, 8, 2, 4, 7 )
Visible( 0, 1, 0, 0, 1, 0, 1, 0, 1, 0, 1, 0, 0, 0, 0, 0, 1, 0, 0, 0, 0, 0, 0, 1, 0, 1, 0, 1, 0, 0, 0, 0, 0, 0, 0, 1, 0, 0, 1, 0, 1, 0, 1, 0, 0, 0, 0, 0, 1, 1, 0, 0, 0, 0, 1, 0, 0, 0, 0, 0, 0, 1, 0, 0, 0, 1, 0, 1, 0, 0, 0, 1, 0, 1, 1, 0, 1, 0, 0, 1, 0 )
Hint([6,7]+[1,5]+[4,4] add up to 10)
Hint([6,7]+[8,6]+[2,2] add up to 17)
Hint([5,5]+[6,0] add up to 11)
Hint([6,3]+[0,7] add up to 4)
Hint([5,3]+[4,7] add up to 12)
Hint([0,6]+[3,0] add up to 5)
Hint([1,8]+[5,2] add up to 4)
Hint([6,8]+[1,1] add up to 7)
Hint([0,6]+[0,0] add up to 3)
Hint([8,8]+[8,4]+[8,2] add up to 15)
