Level( 1, 5, 7, 6, 4, 2, 9, 8, 3, 9, 2, 8, 7, 1, 3, 4, 6, 5, 3, 6, 4, 8, 9, 5, 1, 2, 7, 2, 4, 9, 5, 3, 7, 8, 1, 6, 6, 3, 5, 1, 8, 4, 7, 9, 2, 8, 7, 1, 9, 2, 6, 5, 3, 4, 4, 9, 2, 3, 5, 8, 6, 7, 1, 7, 1, 3, 4, 6, 9, 2, 5, 8, 5, 8, 6, 2, 7, 1, 3, 4, 9 )
Visible( 1, 0, 0, 0, 0, 0, 1, 0, 0, 0, 1, 1, 0, 1, 0, 0, 0, 1, 1, 0, 0, 1, 0, 0, 0, 0, 1, 0, 0, 0, 0, 1, 1, 0, 1, 0, 1, 0, 0, 0, 0, 1, 0, 0, 0, 1, 0, 1, 0, 0, 0, 1, 0, 0, 0, 0, 1, 0, 0, 0, 1, 1, 0, 0, 0, 0, 1, 0, 1, 1, 0, 1, 0, 0, 0, 0, 0, 0, 0, 0, 1 )
Hint([7,6]+[0,7]+[5,0] add up to 13)
Hint([5,7]+[8,6]+[2,6] add up to 9)
Hint([6,2]+[6,1] add up to 3)
Hint([6,0]+[8,3] add up to 13)
Hint([5,1]+[3,7] add up to 5)
Hint([1,3]+[2,2] add up to 6)
Hint([2,7]+[5,3]+[4,8] add up to 14)
Hint([1,3]+[2,4]+[1,0] add up to 11)
Hint([6,3]+[0,3]+[7,5] add up to 10)
Hint([4,5]+[2,7]+[6,8] add up to 5)
