Level( 3, 6, 5, 8, 4, 2, 7, 1, 9, 9, 1, 8, 3, 5, 7, 6, 2, 4, 4, 2, 7, 6, 1, 9, 8, 3, 5, 5, 3, 9, 1, 6, 8, 2, 4, 7, 1, 7, 4, 5, 2, 3, 9, 8, 6, 2, 8, 6, 7, 9, 4, 3, 5, 1, 6, 4, 3, 9, 8, 1, 5, 7, 2, 7, 5, 1, 2, 3, 6, 4, 9, 8, 8, 9, 2, 4, 7, 5, 1, 6, 3 )
Visible( 0, 0, 0, 0, 0, 1, 0, 1, 0, 0, 0, 0, 1, 1, 0, 0, 0, 0, 0, 0, 0, 1, 1, 1, 0, 1, 0, 1, 0, 1, 0, 0, 0, 0, 0, 1, 1, 0, 0, 0, 0, 0, 0, 0, 1, 1, 1, 0, 0, 0, 1, 0, 1, 1, 0, 1, 1, 0, 0, 0, 0, 0, 0, 0, 0, 1, 0, 0, 0, 1, 0, 1, 0, 0, 0, 0, 1, 1, 0, 0, 0 )
Hint([7,4]+[0,7]+[5,4] add up to 15)
Hint([7,8]+[8,2]+[0,3] add up to 13)
Hint([6,0]+[5,7] add up to 11)
Hint([7,4]+[0,2] add up to 10)
Hint([6,0]+[3,5] add up to 12)
Hint([8,6]+[3,0] add up to 8)
Hint([1,7]+[5,8] add up to 8)
Hint([5,2]+[0,5]+[3,0] add up to 16)
Hint([8,7]+[7,6] add up to 13)
Hint([8,3]+[8,8] add up to 8)
