Level( 4, 3, 6, 1, 8, 7, 2, 9, 5, 1, 7, 5, 3, 2, 9, 6, 4, 8, 2, 8, 9, 6, 5, 4, 3, 7, 1, 5, 6, 4, 8, 7, 1, 9, 2, 3, 7, 9, 2, 5, 4, 3, 8, 1, 6, 8, 1, 3, 9, 6, 2, 4, 5, 7, 9, 5, 1, 2, 3, 6, 7, 8, 4, 3, 2, 7, 4, 1, 8, 5, 6, 9, 6, 4, 8, 7, 9, 5, 1, 3, 2 )
Visible( 0, 1, 0, 0, 1, 0, 0, 0, 0, 0, 0, 0, 1, 0, 0, 0, 1, 0, 1, 0, 0, 0, 1, 0, 0, 0, 1, 1, 1, 0, 0, 0, 1, 0, 1, 1, 0, 1, 0, 0, 1, 0, 0, 0, 1, 1, 0, 0, 0, 0, 1, 0, 0, 0, 1, 0, 0, 0, 0, 1, 1, 0, 0, 0, 0, 0, 0, 0, 0, 1, 1, 0, 0, 0, 1, 0, 0, 0, 0, 0, 1 )
Hint([8,3]+[0,0]+[3,6] add up to 6)
Hint([6,3]+[7,8]+[2,0] add up to 15)
Hint([6,2]+[5,1] add up to 10)
Hint([6,5]+[0,8] add up to 8)
Hint([7,4]+[4,1] add up to 1)
Hint([8,7]+[3,1] add up to 10)
Hint([1,0]+[3,1]+[3,6] add up to 5)
Hint([1,6]+[3,2]+[0,8] add up to 14)
Hint([7,0]+[8,2] add up to 8)
Hint([8,5]+[5,5]+[2,7] add up to 13)
