Level( 9, 6, 7, 2, 5, 8, 3, 4, 1, 1, 2, 5, 7, 3, 4, 6, 8, 9, 8, 4, 3, 6, 9, 1, 7, 2, 5, 6, 3, 2, 4, 7, 5, 9, 1, 8, 7, 8, 4, 9, 1, 6, 5, 3, 2, 5, 1, 9, 8, 2, 3, 4, 7, 6, 3, 9, 1, 5, 8, 7, 2, 6, 4, 2, 7, 6, 1, 4, 9, 8, 5, 3, 4, 5, 8, 3, 6, 2, 1, 9, 7 )
Visible( 1, 0, 1, 0, 0, 1, 0, 0, 0, 0, 0, 0, 0, 0, 0, 0, 0, 0, 1, 0, 0, 1, 0, 0, 0, 1, 1, 0, 0, 0, 0, 1, 0, 0, 0, 1, 0, 0, 1, 0, 0, 1, 1, 0, 0, 1, 0, 0, 1, 0, 1, 0, 1, 0, 0, 0, 1, 0, 0, 1, 0, 1, 0, 0, 0, 1, 0, 1, 1, 0, 0, 0, 0, 0, 0, 1, 0, 0, 0, 1, 0 )
Hint([8,6]+[0,0]+[3,8] add up to 13)
Hint([7,4]+[7,0]+[0,4] add up to 11)
Hint([6,8]+[7,4] add up to 2)
Hint([6,7]+[1,2] add up to 10)
Hint([6,5]+[4,1] add up to 5)
Hint([1,6]+[3,5] add up to 15)
Hint([1,1]+[3,5]+[5,5] add up to 10)
Hint([1,7]+[4,3]+[0,4] add up to 18)
Hint([7,2]+[8,5] add up to 6)
Hint([8,2]+[4,6]+[2,2] add up to 13)
