Level( 2, 1, 6, 3, 7, 5, 9, 4, 8, 9, 5, 7, 8, 6, 4, 2, 3, 1, 4, 3, 8, 9, 1, 2, 7, 6, 5, 1, 2, 4, 6, 9, 3, 8, 5, 7, 3, 7, 5, 4, 2, 8, 6, 1, 9, 8, 6, 9, 7, 5, 1, 4, 2, 3, 6, 8, 1, 2, 3, 7, 5, 9, 4, 7, 9, 3, 5, 4, 6, 1, 8, 2, 5, 4, 2, 1, 8, 9, 3, 7, 6 )
Visible( 0, 0, 0, 0, 0, 0, 1, 0, 1, 0, 0, 1, 1, 0, 0, 0, 1, 0, 1, 0, 0, 0, 0, 1, 0, 0, 0, 1, 0, 1, 1, 1, 0, 0, 1, 1, 0, 0, 0, 0, 0, 0, 1, 1, 0, 0, 0, 0, 0, 1, 1, 0, 0, 0, 1, 1, 0, 1, 1, 0, 0, 0, 0, 0, 0, 1, 1, 0, 1, 1, 0, 0, 0, 0, 0, 0, 0, 0, 0, 1, 0 )
Hint([7,2]+[8,3]+[4,0] add up to 17)
Hint([5,2]+[7,4]+[1,7] add up to 9)
Hint([4,7]+[7,2] add up to 8)
Hint([7,7]+[1,5] add up to 12)
Hint([5,1]+[3,2] add up to 11)
Hint([0,7]+[3,4] add up to 9)
Hint([2,1]+[3,5]+[5,4] add up to 19)
Hint([8,0]+[2,7]+[1,6] add up to 16)
Hint([6,5]+[0,1] add up to 11)
Hint([0,1]+[4,8]+[3,8] add up to 15)
