Level( 6, 8, 4, 5, 9, 2, 7, 3, 1, 5, 9, 3, 8, 7, 1, 2, 6, 4, 1, 7, 2, 4, 6, 3, 8, 5, 9, 9, 2, 5, 6, 1, 4, 3, 7, 8, 7, 1, 8, 3, 2, 5, 9, 4, 6, 4, 3, 6, 9, 8, 7, 1, 2, 5, 3, 4, 9, 7, 5, 8, 6, 1, 2, 2, 6, 7, 1, 4, 9, 5, 8, 3, 8, 5, 1, 2, 3, 6, 4, 9, 7 )
Visible( 1, 0, 0, 1, 0, 1, 0, 0, 0, 0, 0, 0, 0, 0, 1, 0, 0, 1, 0, 1, 0, 1, 0, 0, 1, 1, 0, 0, 0, 0, 1, 0, 0, 0, 1, 0, 0, 1, 0, 0, 0, 0, 0, 0, 0, 0, 1, 0, 0, 1, 1, 1, 0, 1, 1, 0, 0, 0, 1, 0, 0, 0, 0, 1, 0, 0, 0, 0, 1, 0, 0, 1, 0, 1, 0, 1, 1, 0, 0, 1, 0 )
Hint([8,4]+[0,1]+[3,7] add up to 9)
Hint([7,5]+[8,5]+[1,5] add up to 7)
Hint([4,7]+[7,5] add up to 4)
Hint([7,8]+[1,6] add up to 11)
Hint([7,3]+[4,1] add up to 12)
Hint([0,0]+[1,6] add up to 8)
Hint([2,6]+[4,3]+[4,7] add up to 11)
Hint([0,8]+[4,1]+[0,2] add up to 13)
Hint([6,4]+[0,5]+[8,2] add up to 19)
Hint([5,1]+[1,8]+[6,2] add up to 11)
