Level( 4, 1, 3, 8, 7, 5, 6, 2, 9, 5, 7, 8, 9, 2, 6, 3, 1, 4, 9, 6, 2, 1, 4, 3, 5, 8, 7, 1, 8, 5, 6, 9, 7, 4, 3, 2, 7, 2, 9, 3, 1, 4, 8, 5, 6, 6, 3, 4, 2, 5, 8, 9, 7, 1, 2, 4, 1, 5, 3, 9, 7, 6, 8, 8, 5, 7, 4, 6, 1, 2, 9, 3, 3, 9, 6, 7, 8, 2, 1, 4, 5 )
Visible( 0, 0, 0, 0, 0, 0, 0, 0, 0, 1, 0, 0, 0, 1, 0, 1, 0, 1, 0, 0, 0, 1, 1, 1, 0, 1, 0, 0, 0, 1, 0, 0, 0, 0, 1, 0, 1, 0, 1, 1, 1, 1, 0, 0, 0, 1, 0, 0, 0, 0, 0, 1, 1, 0, 0, 0, 1, 0, 0, 0, 1, 1, 0, 0, 0, 0, 1, 0, 0, 1, 0, 0, 0, 0, 0, 0, 1, 1, 0, 0, 0 )
Hint([6,0]+[8,4]+[4,4] add up to 10)
Hint([5,0]+[6,8]+[2,6] add up to 4)
Hint([4,8]+[7,8] add up to 10)
Hint([7,1]+[8,2] add up to 6)
Hint([5,8]+[5,2] add up to 3)
Hint([8,3]+[2,0] add up to 3)
Hint([2,2]+[3,4] add up to 3)
Hint([5,4]+[0,0]+[2,0] add up to 8)
Hint([0,5]+[7,5] add up to 11)
Hint([7,3]+[8,0] add up to 10)
