Level( 9, 1, D, 0, E, 2, A, 3, C, 4, 5, F, 6, B, 7, 8, B, 4, 8, 2, C, 5, 7, 1, 9, E, 3, 6, A, 0, D, F, 6, C, A, 3, 4, 9, F, 8, 0, B, D, 7, 5, E, 1, 2, 7, F, 5, E, 0, D, B, 6, 2, 8, 1, A, 3, 9, 4, C, 2, 8, 6, A, 5, 3, 1, 0, 7, 9, B, 4, D, C, F, E, C, 5, B, 1, F, E, 4, D, A, 6, 2, 8, 9, 3, 0, 7, D, 0, 3, 4, 7, 8, C, 9, F, 1, E, 5, B, 6, 2, A, E, 7, F, 9, 2, A, 6, B, D, C, 0, 3, 8, 1, 5, 4, 4, A, 1, 6, B, C, 8, F, E, D, 7, 2, 0, 5, 9, 3, F, D, 0, 7, 9, 1, 2, 5, 6, 3, 8, C, E, 4, A, B, 3, E, 9, C, A, 4, D, 7, B, 5, F, 0, 2, 8, 6, 1, 8, B, 2, 5, 6, 0, 3, E, 4, A, 9, 1, 7, F, C, D, 5, 2, 4, 8, 1, 6, E, A, 3, 0, C, D, F, 7, B, 9, 0, 3, C, B, D, 7, 5, 2, 8, F, 4, 9, 1, A, E, 6, 1, 6, E, D, 8, F, 9, 4, 5, 7, A, B, C, 2, 3, 0, A, 9, 7, F, 3, B, 0, C, 1, 2, 6, E, 4, D, 8, 5 )
Visible( 1, 0, 0, 1, 1, 0, 1, 0, 1, 0, 1, 1, 1, 0, 0, 0, 0, 1, 1, 0, 1, 1, 1, 0, 0, 0, 1, 0, 0, 0, 1, 1, 1, 1, 0, 1, 0, 0, 0, 0, 1, 0, 0, 0, 0, 0, 1, 0, 0, 0, 0, 0, 0, 1, 1, 0, 0, 1, 1, 0, 0, 0, 1, 1, 0, 1, 1, 0, 0, 0, 0, 0, 1, 0, 1, 1, 0, 0, 1, 1, 1, 1, 1, 1, 1, 0, 0, 0, 0, 1, 0, 0, 1, 0, 1, 0, 1, 1, 0, 0, 1, 0, 1, 1, 0, 0, 0, 0, 0, 1, 0, 1, 0, 0, 1, 1, 0, 1, 1, 1, 1, 0, 1, 0, 0, 0, 1, 0, 0, 0, 1, 0, 0, 0, 1, 1, 1, 0, 0, 0, 0, 0, 1, 1, 0, 1, 1, 1, 0, 0, 1, 0, 0, 1, 1, 0, 0, 1, 0, 1, 0, 0, 0, 0, 1, 0, 1, 1, 1, 0, 0, 0, 1, 0, 1, 0, 0, 0, 0, 0, 0, 0, 1, 0, 1, 1, 0, 1, 0, 0, 0, 1, 0, 1, 1, 1, 1, 1, 0, 1, 0, 0, 0, 0, 1, 0, 1, 1, 0, 0, 0, 1, 0, 1, 0, 0, 1, 0, 0, 1, 0, 0, 1, 0, 1, 1, 1, 1, 1, 1, 1, 1, 0, 1, 0, 1, 0, 0, 0, 0, 1, 1, 0, 1, 1, 0, 1, 0, 0, 0, 0, 1, 1, 1, 1, 0 )
Hint([12,6]+[0,7]+[8,2] add up to 25)
Hint([11,1]+[11,10]+[3,15] add up to 21)
Hint([8,3]+[10,4] add up to 13)
Hint([12,15]+[2,10] add up to 13)
Hint([9,3]+[7,8] add up to 23)
Hint([14,5]+[4,4] add up to 5)
Hint([1,14]+[9,3]+[7,12] add up to 24)
Hint([2,15]+[8,11]+[2,4] add up to 17)
Hint([12,7]+[0,13]+[15,14] add up to 8)
Hint([10,10]+[4,1] add up to 27)
