Level( 2, 3, 5, 6, 7, 8, 4, 9, 1, 1, 9, 6, 4, 5, 2, 3, 7, 8, 8, 4, 7, 9, 3, 1, 6, 2, 5, 7, 8, 4, 5, 9, 3, 1, 6, 2, 6, 1, 3, 2, 8, 4, 7, 5, 9, 9, 5, 2, 7, 1, 6, 8, 3, 4, 5, 6, 9, 1, 4, 7, 2, 8, 3, 4, 2, 8, 3, 6, 9, 5, 1, 7, 3, 7, 1, 8, 2, 5, 9, 4, 6 )
Visible( 0, 0, 0, 0, 1, 0, 0, 0, 0, 0, 0, 1, 0, 0, 1, 1, 0, 0, 1, 1, 0, 1, 0, 0, 0, 0, 0, 1, 0, 0, 0, 1, 1, 0, 0, 1, 0, 1, 0, 0, 0, 0, 1, 0, 0, 1, 1, 0, 0, 0, 0, 0, 1, 0, 1, 1, 0, 0, 0, 1, 0, 1, 0, 0, 1, 0, 0, 0, 0, 1, 0, 0, 0, 0, 0, 1, 0, 0, 0, 1, 0 )
Hint([7,4]+[0,1]+[3,1] add up to 7)
Hint([6,4]+[7,6]+[2,1] add up to 18)
Hint([6,1]+[5,2] add up to 2)
Hint([5,5]+[0,0] add up to 6)
Hint([5,5]+[5,5] add up to 10)
Hint([8,4]+[2,4] add up to 10)
Hint([0,3]+[4,7]+[5,1] add up to 12)
Hint([1,8]+[4,4] add up to 13)
Hint([0,6]+[7,0] add up to 12)
Hint([7,7]+[0,8]+[5,5] add up to 7)
