Level( 1, 5, 9, 7, 2, 3, 4, 8, 6, 4, 2, 3, 5, 8, 6, 1, 7, 9, 8, 7, 6, 1, 9, 4, 5, 2, 3, 6, 1, 7, 2, 4, 9, 8, 3, 5, 2, 3, 4, 8, 5, 1, 9, 6, 7, 9, 8, 5, 3, 6, 7, 2, 4, 1, 3, 4, 8, 9, 7, 5, 6, 1, 2, 5, 6, 1, 4, 3, 2, 7, 9, 8, 7, 9, 2, 6, 1, 8, 3, 5, 4 )
Visible( 0, 1, 0, 0, 1, 1, 0, 1, 0, 1, 0, 1, 1, 0, 0, 0, 0, 0, 1, 1, 0, 0, 0, 1, 0, 0, 0, 0, 0, 1, 0, 0, 0, 0, 1, 1, 0, 1, 0, 0, 0, 0, 1, 0, 0, 0, 0, 1, 0, 1, 1, 0, 0, 0, 0, 0, 1, 0, 0, 0, 1, 1, 0, 0, 0, 1, 0, 0, 0, 1, 0, 0, 0, 1, 0, 1, 0, 0, 0, 0, 0 )
Hint([7,0]+[8,7]+[5,7] add up to 15)
Hint([6,5]+[7,7]+[2,5] add up to 13)
Hint([4,2]+[5,1] add up to 13)
Hint([6,4]+[0,4] add up to 9)
Hint([6,7]+[5,7] add up to 7)
Hint([0,8]+[3,6] add up to 14)
Hint([1,3]+[4,1]+[4,7] add up to 9)
Hint([1,2]+[2,7]+[1,6] add up to 9)
Hint([7,8]+[1,5] add up to 11)
Hint([0,0]+[3,8]+[3,3] add up to 6)
