Level( 3, 6, 7, 2, 9, 1, 5, 8, 4, 5, 4, 9, 6, 8, 7, 1, 3, 2, 2, 8, 1, 5, 4, 3, 6, 7, 9, 7, 3, 2, 1, 6, 8, 4, 9, 5, 1, 5, 6, 4, 7, 9, 3, 2, 8, 8, 9, 4, 3, 5, 2, 7, 1, 6, 4, 1, 3, 9, 2, 5, 8, 6, 7, 9, 7, 5, 8, 1, 6, 2, 4, 3, 6, 2, 8, 7, 3, 4, 9, 5, 1 )
Visible( 1, 1, 0, 0, 0, 0, 1, 1, 0, 1, 0, 0, 0, 0, 0, 0, 0, 0, 0, 1, 0, 1, 0, 0, 0, 1, 1, 0, 0, 1, 0, 1, 0, 0, 0, 0, 0, 0, 0, 0, 0, 1, 0, 0, 1, 1, 1, 0, 0, 0, 0, 0, 1, 0, 0, 1, 0, 0, 1, 0, 0, 1, 0, 0, 0, 1, 1, 0, 0, 0, 0, 1, 0, 0, 0, 1, 0, 1, 1, 0, 0 )
Hint([7,2]+[8,0]+[3,1] add up to 14)
Hint([6,3]+[7,8]+[2,7] add up to 11)
Hint([5,0]+[5,1] add up to 6)
Hint([7,6]+[0,1] add up to 9)
Hint([5,2]+[4,7] add up to 2)
Hint([0,0]+[1,4] add up to 6)
Hint([3,7]+[5,0]+[3,6] add up to 15)
Hint([0,3]+[3,3]+[0,7] add up to 14)
Hint([6,6]+[1,2] add up to 14)
Hint([7,7]+[5,2]+[1,8] add up to 6)
