Level( 4, 5, 6, 3, 9, 7, 1, 8, 2, 3, 7, 2, 1, 4, 8, 5, 6, 9, 9, 8, 1, 2, 5, 6, 3, 7, 4, 2, 4, 5, 9, 7, 3, 8, 1, 6, 1, 3, 8, 5, 6, 4, 9, 2, 7, 6, 9, 7, 8, 2, 1, 4, 3, 5, 8, 6, 4, 7, 3, 9, 2, 5, 1, 5, 1, 9, 6, 8, 2, 7, 4, 3, 7, 2, 3, 4, 1, 5, 6, 9, 8 )
Visible( 0, 1, 1, 0, 0, 0, 1, 1, 1, 1, 1, 0, 0, 0, 0, 0, 0, 0, 0, 0, 1, 0, 0, 0, 0, 0, 1, 0, 0, 1, 1, 0, 0, 0, 0, 0, 1, 0, 0, 0, 1, 1, 0, 0, 0, 0, 1, 0, 1, 1, 0, 0, 1, 0, 0, 0, 0, 0, 1, 0, 0, 0, 0, 0, 0, 0, 1, 0, 0, 0, 0, 0, 1, 1, 0, 1, 0, 1, 1, 0, 0 )
Hint([7,1]+[8,7]+[5,6] add up to 15)
Hint([6,3]+[7,8]+[2,3] add up to 19)
Hint([4,7]+[7,7] add up to 10)
Hint([7,0]+[8,4] add up to 13)
Hint([6,2]+[4,6] add up to 4)
Hint([8,0]+[1,1] add up to 7)
Hint([3,2]+[3,7]+[5,1] add up to 13)
Hint([0,5]+[3,1] add up to 5)
Hint([8,4]+[7,7] add up to 9)
Hint([7,7]+[0,7] add up to 7)
