Level( 2, 3, 4, 1, E, D, 6, 0, F, 5, A, 7, C, B, 8, 9, C, 6, 5, B, 3, 9, 2, 7, 8, E, 1, 4, 0, A, D, F, 0, A, 8, D, B, F, 4, 5, 9, C, 2, 3, 1, 6, 7, E, F, 9, 7, E, 1, A, 8, C, 6, B, D, 0, 5, 4, 3, 2, 6, 0, D, F, 7, 2, B, 1, A, 8, 3, C, E, 5, 9, 4, 4, 8, B, 9, 6, 0, C, F, 5, 1, E, 2, 3, D, A, 7, 1, 5, 3, 7, A, E, 9, 4, B, 6, 0, D, 8, 2, F, C, E, 2, C, A, 5, 8, D, 3, 7, F, 4, 9, B, 1, 6, 0, 3, B, F, 8, D, 4, 0, A, E, 2, C, 1, 9, 7, 5, 6, 9, E, 1, 0, 2, 3, 5, 6, D, 4, 7, 8, A, F, C, B, 7, 4, 2, 5, C, B, 1, 9, 3, A, 6, F, D, 0, E, 8, A, D, 6, C, 8, 7, F, E, 0, 9, B, 5, 4, 3, 2, 1, 5, C, E, 6, F, 1, 3, 2, 4, D, 8, B, 7, 9, 0, A, D, 1, 9, 3, 4, 6, 7, 8, C, 0, F, A, 2, E, B, 5, 8, 7, A, 2, 0, 5, E, B, 1, 3, 9, 6, F, C, 4, D, B, F, 0, 4, 9, C, A, D, 2, 7, 5, E, 6, 8, 1, 3 )
Visible( 0, 0, 1, 0, 1, 1, 1, 0, 0, 0, 1, 0, 0, 0, 1, 0, 0, 1, 0, 0, 1, 0, 1, 0, 1, 1, 1, 1, 1, 0, 0, 1, 0, 0, 1, 1, 0, 0, 0, 0, 0, 0, 1, 0, 0, 1, 0, 0, 1, 0, 1, 0, 0, 0, 1, 1, 0, 1, 0, 0, 0, 1, 1, 0, 0, 1, 0, 0, 0, 1, 0, 0, 1, 0, 1, 0, 1, 1, 0, 1, 1, 0, 1, 0, 1, 1, 0, 1, 1, 1, 0, 0, 0, 1, 1, 0, 1, 0, 0, 0, 1, 1, 0, 1, 1, 0, 1, 0, 0, 1, 1, 1, 0, 0, 0, 0, 0, 0, 1, 1, 0, 0, 1, 0, 0, 1, 1, 1, 1, 0, 0, 0, 1, 1, 0, 0, 0, 0, 1, 0, 1, 0, 1, 0, 0, 1, 1, 0, 0, 0, 1, 0, 0, 1, 1, 1, 0, 0, 1, 0, 0, 0, 1, 0, 1, 1, 1, 1, 0, 0, 0, 1, 1, 0, 0, 0, 1, 0, 1, 1, 0, 1, 1, 1, 0, 1, 1, 0, 1, 1, 1, 1, 0, 0, 1, 1, 1, 0, 1, 0, 1, 0, 1, 0, 1, 0, 0, 1, 1, 0, 1, 1, 1, 0, 0, 0, 0, 1, 0, 1, 0, 1, 0, 1, 0, 0, 0, 1, 0, 1, 0, 0, 1, 1, 0, 0, 0, 1, 0, 0, 0, 1, 1, 0, 1, 0, 0, 1, 1, 1, 0, 1, 0, 0, 1, 0 )
Hint([15,7]+[0,10]+[8,10] add up to 10)
Hint([9,9]+[14,12]+[4,3] add up to 5)
Hint([7,8]+[11,10] add up to 25)
Hint([10,6]+[0,12] add up to 5)
Hint([9,4]+[7,9] add up to 14)
Hint([15,11]+[6,9] add up to 6)
Hint([5,6]+[7,14]+[10,14] add up to 34)
Hint([15,15]+[8,8]+[2,0] add up to 21)
Hint([12,10]+[1,15]+[15,2] add up to 42)
Hint([7,6]+[3,5]+[9,6] add up to 19)
