Level( 5, 4, D, 2, 7, 3, 0, C, 1, E, B, 6, 9, F, A, 8, 8, 6, 3, 9, A, 4, D, B, F, 7, 0, 2, C, 1, 5, E, E, C, 7, B, 9, 8, 1, F, 5, 3, D, A, 6, 4, 2, 0, F, 0, A, 1, 2, E, 5, 6, C, 8, 4, 9, 3, B, D, 7, 2, 7, E, C, F, A, 9, 8, 4, 0, 3, D, B, 5, 1, 6, 9, 3, 4, 0, D, 2, 6, 5, 7, 1, F, B, 8, E, C, A, B, D, 1, 6, E, 0, 4, 3, A, C, 8, 5, 7, 2, 9, F, A, F, 5, 8, B, C, 7, 1, 2, 9, 6, E, 0, 3, 4, D, 3, 1, C, F, 0, 5, A, 9, B, 2, E, 7, D, 6, 8, 4, 0, 8, 9, E, 1, 6, 2, D, 3, 4, A, C, 5, 7, F, B, 6, A, B, 4, 3, F, C, 7, D, 5, 1, 8, E, 9, 0, 2, 7, 5, 2, D, 8, B, E, 4, 0, 6, 9, F, 1, A, 3, C, C, B, 6, A, 4, D, 8, E, 9, F, 5, 1, 2, 0, 7, 3, 1, 2, F, 5, 6, 7, B, 0, 8, A, C, 3, 4, D, E, 9, D, 9, 0, 7, C, 1, 3, A, E, B, 2, 4, F, 8, 6, 5, 4, E, 8, 3, 5, 9, F, 2, 6, D, 7, 0, A, C, B, 1 )
Visible( 0, 0, 1, 1, 0, 1, 1, 0, 1, 1, 1, 1, 1, 0, 0, 0, 0, 0, 1, 0, 0, 0, 0, 1, 1, 0, 1, 0, 1, 0, 1, 0, 0, 0, 0, 1, 0, 0, 1, 1, 1, 0, 0, 0, 1, 0, 1, 0, 0, 0, 0, 0, 0, 1, 1, 1, 0, 1, 1, 1, 1, 1, 1, 1, 0, 0, 1, 0, 1, 0, 1, 1, 0, 1, 0, 1, 1, 0, 0, 1, 0, 0, 0, 1, 1, 0, 1, 0, 1, 0, 1, 1, 1, 1, 1, 0, 1, 1, 0, 1, 1, 1, 1, 1, 0, 0, 0, 1, 1, 1, 0, 1, 0, 0, 1, 0, 0, 1, 0, 1, 1, 1, 0, 1, 1, 0, 0, 0, 1, 1, 0, 0, 0, 1, 0, 0, 0, 1, 0, 0, 0, 1, 0, 0, 1, 1, 0, 1, 0, 1, 0, 1, 0, 0, 1, 0, 1, 0, 0, 0, 0, 0, 0, 0, 1, 1, 1, 1, 1, 0, 1, 0, 0, 0, 1, 0, 0, 0, 0, 0, 0, 1, 0, 0, 0, 0, 0, 1, 0, 0, 0, 1, 1, 1, 1, 1, 1, 0, 0, 1, 0, 0, 0, 0, 1, 1, 0, 1, 0, 0, 0, 1, 1, 0, 1, 1, 1, 1, 0, 1, 1, 1, 0, 0, 1, 0, 0, 0, 1, 1, 1, 1, 0, 1, 0, 1, 1, 1, 0, 0, 0, 1, 0, 0, 0, 0, 0, 1, 1, 0, 1, 1, 0, 1, 0, 0 )
Hint([12,7]+[0,0]+[6,13] add up to 16)
Hint([10,13]+[15,11]+[3,7] add up to 32)
Hint([10,15]+[13,2] add up to 11)
Hint([11,10]+[1,8] add up to 9)
Hint([11,4]+[7,14] add up to 23)
Hint([1,9]+[5,15] add up to 17)
Hint([4,10]+[8,8]+[8,9] add up to 17)
Hint([2,10]+[6,14]+[3,3] add up to 15)
Hint([10,3]+[15,0]+[11,12] add up to 13)
Hint([9,1]+[1,13] add up to 9)
