Level( 3, 5, 9, 7, 6, 8, 2, 1, 4, 6, 4, 8, 2, 5, 1, 3, 9, 7, 7, 1, 2, 3, 4, 9, 5, 8, 6, 5, 3, 4, 1, 9, 2, 7, 6, 8, 2, 8, 7, 4, 3, 6, 9, 5, 1, 1, 9, 6, 5, 8, 7, 4, 2, 3, 9, 7, 5, 8, 1, 3, 6, 4, 2, 8, 6, 3, 9, 2, 4, 1, 7, 5, 4, 2, 1, 6, 7, 5, 8, 3, 9 )
Visible( 1, 1, 1, 0, 1, 0, 0, 0, 0, 0, 0, 0, 0, 0, 0, 1, 0, 0, 0, 0, 0, 0, 0, 1, 0, 0, 1, 1, 0, 0, 1, 0, 0, 0, 0, 1, 0, 0, 1, 1, 1, 0, 0, 1, 0, 0, 0, 0, 0, 0, 1, 0, 1, 0, 1, 0, 0, 0, 0, 0, 1, 0, 0, 0, 0, 1, 0, 0, 0, 1, 1, 0, 0, 1, 0, 0, 0, 1, 0, 0, 0 )
Hint([7,6]+[0,7]+[5,3] add up to 11)
Hint([6,2]+[7,1]+[0,1] add up to 17)
Hint([4,4]+[6,3] add up to 8)
Hint([5,0]+[8,3] add up to 14)
Hint([5,7]+[5,1] add up to 3)
Hint([1,1]+[2,7] add up to 5)
Hint([2,2]+[3,8]+[5,1] add up to 6)
Hint([1,6]+[3,7]+[1,4] add up to 21)
Hint([7,3]+[0,1] add up to 10)
Hint([8,5]+[5,1]+[1,3] add up to 4)
