Level( 1, 3, 5, 9, 8, 2, 4, 7, 6, 2, 6, 7, 4, 3, 1, 8, 5, 9, 4, 8, 9, 7, 6, 5, 3, 1, 2, 8, 5, 2, 1, 9, 3, 7, 6, 4, 6, 1, 3, 8, 4, 7, 9, 2, 5, 9, 7, 4, 5, 2, 6, 1, 8, 3, 5, 9, 6, 3, 7, 8, 2, 4, 1, 3, 2, 8, 6, 1, 4, 5, 9, 7, 7, 4, 1, 2, 5, 9, 6, 3, 8 )
Visible( 0, 1, 0, 0, 0, 0, 1, 0, 0, 1, 0, 0, 0, 0, 0, 0, 1, 1, 0, 1, 0, 1, 0, 0, 1, 1, 0, 0, 0, 0, 1, 1, 1, 0, 0, 0, 1, 0, 0, 0, 1, 0, 0, 0, 0, 0, 1, 1, 0, 1, 0, 0, 0, 1, 0, 0, 1, 1, 0, 0, 0, 0, 0, 0, 1, 0, 1, 1, 0, 0, 0, 0, 1, 0, 1, 0, 0, 1, 0, 0, 0 )
Hint([7,5]+[0,6]+[5,0] add up to 12)
Hint([5,5]+[7,4]+[1,4] add up to 6)
Hint([4,1]+[5,3] add up to 4)
Hint([6,6]+[1,7] add up to 2)
Hint([7,6]+[5,7] add up to 6)
Hint([8,8]+[3,5] add up to 11)
Hint([1,8]+[5,0]+[3,6] add up to 6)
Hint([8,2]+[2,8]+[2,4] add up to 3)
Hint([7,3]+[0,6] add up to 9)
Hint([8,8]+[5,0]+[0,2] add up to 11)
