Level( 2, 4, 6, 3, 5, 9, 8, 7, 1, 7, 8, 9, 6, 1, 4, 3, 5, 2, 5, 3, 1, 7, 2, 8, 6, 4, 9, 6, 5, 3, 8, 4, 1, 9, 2, 7, 4, 9, 2, 5, 6, 7, 1, 8, 3, 8, 1, 7, 9, 3, 2, 5, 6, 4, 3, 2, 5, 1, 7, 6, 4, 9, 8, 9, 6, 4, 2, 8, 3, 7, 1, 5, 1, 7, 8, 4, 9, 5, 2, 3, 6 )
Visible( 1, 0, 0, 0, 0, 0, 0, 1, 1, 1, 1, 1, 0, 0, 0, 0, 0, 0, 0, 0, 0, 0, 0, 0, 0, 0, 0, 1, 0, 0, 0, 0, 1, 1, 0, 0, 0, 0, 1, 1, 0, 0, 0, 0, 1, 1, 0, 0, 1, 0, 0, 0, 0, 1, 0, 0, 1, 0, 1, 0, 0, 1, 0, 0, 1, 1, 0, 1, 0, 1, 0, 0, 0, 0, 0, 1, 1, 0, 0, 0, 0 )
Hint([7,7]+[1,5]+[4,0] add up to 4)
Hint([7,8]+[8,4]+[1,6] add up to 5)
Hint([4,2]+[5,3] add up to 1)
Hint([7,6]+[0,5] add up to 15)
Hint([6,1]+[4,2] add up to 3)
Hint([8,2]+[2,2] add up to 8)
Hint([3,2]+[3,7]+[5,5] add up to 8)
Hint([0,0]+[2,8]+[2,2] add up to 8)
Hint([6,4]+[0,0]+[6,8] add up to 2)
Hint([4,2]+[1,1] add up to 8)
