Level( 8, 4, 3, 1, 2, 9, 7, 6, 5, 1, 9, 6, 7, 5, 8, 2, 4, 3, 7, 2, 5, 4, 6, 3, 1, 8, 9, 6, 7, 9, 8, 3, 1, 4, 5, 2, 5, 8, 4, 9, 7, 2, 3, 1, 6, 3, 1, 2, 5, 4, 6, 8, 9, 7, 4, 5, 1, 2, 9, 7, 6, 3, 8, 9, 3, 7, 6, 8, 4, 5, 2, 1, 2, 6, 8, 3, 1, 5, 9, 7, 4 )
Visible( 1, 0, 0, 0, 1, 0, 0, 1, 1, 0, 0, 0, 1, 0, 0, 0, 0, 0, 0, 0, 1, 0, 0, 1, 1, 1, 0, 0, 1, 1, 0, 0, 0, 0, 0, 1, 0, 0, 1, 0, 0, 1, 0, 0, 0, 0, 0, 0, 0, 1, 1, 1, 0, 0, 0, 0, 0, 0, 0, 0, 1, 1, 0, 0, 1, 0, 0, 1, 0, 1, 1, 0, 0, 1, 0, 0, 0, 0, 0, 0, 0 )
Hint([7,5]+[0,4]+[4,6] add up to 20)
Hint([5,1]+[6,3]+[1,4] add up to 17)
Hint([5,4]+[6,2] add up to 1)
Hint([6,4]+[0,8] add up to 3)
Hint([5,6]+[5,2] add up to 8)
Hint([8,1]+[2,5] add up to 3)
Hint([1,7]+[5,8]+[6,6] add up to 11)
Hint([1,8]+[4,4]+[1,1] add up to 19)
Hint([7,6]+[0,4]+[7,5] add up to 14)
Hint([4,8]+[3,5]+[6,2] add up to 4)
