Level( 1, C, 2, 6, E, 3, F, 9, 4, 8, 0, 5, A, D, B, 7, 0, A, 8, 7, 5, 6, 4, D, 9, E, B, 2, F, 1, C, 3, F, 3, E, 5, 8, 2, C, B, D, 1, A, 7, 6, 0, 4, 9, 9, D, B, 4, 0, 7, A, 1, C, F, 3, 6, 5, 8, 2, E, C, F, 5, 9, 2, E, 1, 3, 6, A, 7, 8, D, B, 0, 4, E, 0, 3, A, F, 5, D, 8, B, C, 4, 9, 1, 7, 6, 2, 2, 8, 6, D, 4, 9, B, 7, 5, 0, F, 1, C, 3, E, A, 7, 1, 4, B, C, 0, 6, A, E, 2, D, 3, 8, 5, 9, F, 5, E, D, 8, 7, F, 0, 4, 3, B, 9, A, 2, 6, 1, C, B, 9, C, 3, D, 1, 8, 6, 2, 7, E, 0, 4, F, A, 5, 4, 6, F, 2, A, B, 3, E, 1, D, 5, C, 7, 9, 8, 0, A, 7, 0, 1, 9, C, 5, 2, 8, 4, 6, F, 3, E, D, B, 3, 2, 7, 0, 1, 4, 9, 5, A, 6, 8, B, E, C, F, D, D, 5, A, C, 6, 8, 7, F, 0, 9, 2, E, B, 4, 3, 1, 6, 4, 9, F, B, A, E, C, 7, 3, 1, D, 0, 2, 5, 8, 8, B, 1, E, 3, D, 2, 0, F, 5, C, 4, 9, A, 7, 6 )
Visible( 0, 0, 0, 0, 1, 1, 0, 1, 0, 0, 0, 1, 0, 0, 0, 0, 1, 0, 1, 0, 1, 0, 0, 0, 1, 1, 0, 1, 1, 0, 0, 0, 0, 0, 1, 0, 0, 1, 0, 0, 0, 1, 0, 0, 0, 0, 1, 0, 0, 1, 1, 0, 1, 1, 0, 1, 1, 1, 1, 0, 1, 0, 0, 0, 1, 1, 0, 1, 0, 0, 1, 1, 0, 0, 1, 0, 1, 0, 1, 0, 1, 0, 1, 1, 1, 1, 0, 1, 0, 0, 0, 1, 1, 0, 1, 0, 1, 0, 0, 0, 1, 1, 0, 1, 1, 1, 1, 1, 0, 1, 1, 0, 0, 0, 1, 0, 1, 0, 1, 0, 1, 1, 1, 1, 0, 1, 0, 0, 1, 0, 0, 1, 1, 0, 1, 1, 0, 1, 1, 1, 0, 1, 1, 0, 1, 0, 0, 0, 1, 1, 0, 1, 1, 0, 1, 1, 0, 1, 1, 0, 0, 1, 1, 1, 1, 0, 1, 1, 0, 0, 1, 0, 0, 1, 1, 0, 0, 0, 1, 1, 1, 0, 1, 0, 0, 1, 0, 0, 1, 1, 0, 0, 1, 0, 1, 0, 0, 0, 0, 1, 1, 1, 1, 0, 0, 0, 1, 0, 0, 1, 0, 1, 1, 0, 0, 0, 1, 0, 0, 1, 0, 0, 1, 0, 1, 0, 1, 0, 1, 1, 1, 0, 1, 1, 0, 1, 1, 0, 1, 0, 1, 1, 1, 1, 1, 1, 1, 1, 0, 0, 1, 1, 1, 1, 0, 0 )
Hint([13,12]+[1,1]+[6,8] add up to 22)
Hint([9,12]+[14,5]+[2,4] add up to 17)
Hint([11,13]+[13,2] add up to 14)
Hint([11,1]+[15,11] add up to 13)
Hint([13,4]+[7,6] add up to 18)
Hint([15,0]+[3,14] add up to 22)
Hint([2,5]+[6,13]+[10,8] add up to 19)
Hint([0,10]+[6,2]+[0,8] add up to 21)
Hint([10,13]+[2,2] add up to 16)
Hint([13,6]+[7,0]+[1,7] add up to 13)
