Level( 6, 5, 7, 3, 8, 1, 9, 4, 2, 1, 9, 4, 5, 6, 2, 8, 7, 3, 3, 8, 2, 9, 7, 4, 5, 1, 6, 7, 1, 5, 6, 2, 9, 4, 3, 8, 8, 2, 6, 7, 4, 3, 1, 9, 5, 9, 4, 3, 8, 1, 5, 6, 2, 7, 2, 3, 9, 4, 5, 6, 7, 8, 1, 4, 6, 8, 1, 3, 7, 2, 5, 9, 5, 7, 1, 2, 9, 8, 3, 6, 4 )
Visible( 0, 0, 0, 0, 0, 0, 0, 0, 0, 1, 0, 0, 0, 1, 0, 0, 1, 0, 0, 1, 0, 1, 0, 1, 0, 0, 0, 0, 0, 0, 0, 1, 0, 0, 1, 0, 0, 0, 1, 0, 0, 0, 0, 0, 1, 1, 1, 0, 0, 0, 1, 1, 0, 1, 0, 0, 1, 1, 0, 0, 0, 0, 0, 0, 0, 0, 1, 1, 0, 1, 0, 0, 1, 1, 0, 0, 0, 0, 1, 1, 0 )
Hint([7,5]+[0,6]+[5,3] add up to 10)
Hint([5,4]+[7,6]+[2,0] add up to 15)
Hint([5,4]+[6,0] add up to 10)
Hint([7,3]+[0,0] add up to 7)
Hint([5,8]+[5,2] add up to 10)
Hint([8,3]+[2,3] add up to 11)
Hint([2,5]+[4,4]+[4,8] add up to 13)
Hint([0,2]+[2,2]+[0,8] add up to 7)
Hint([6,0]+[8,5] add up to 14)
Hint([0,8]+[5,3]+[1,1] add up to 20)
