Level( 4, 9, E, C, B, A, 2, 8, F, D, 6, 0, 7, 5, 3, 1, 7, 8, 3, 5, 9, 0, 1, 6, B, E, A, 2, 4, C, F, D, 2, 1, D, 6, C, E, F, 5, 7, 8, 3, 4, 0, 9, A, B, A, F, B, 0, 7, D, 4, 3, C, 9, 5, 1, E, 6, 2, 8, E, B, 1, 3, 0, 6, 8, A, 4, C, F, 9, D, 2, 7, 5, 6, 0, 8, F, D, 5, B, 9, A, 2, E, 7, C, 3, 1, 4, 9, 4, A, D, 2, 1, C, 7, 6, 3, 8, 5, B, 0, E, F, 5, 7, C, 2, F, 4, 3, E, 1, 0, B, D, 6, A, 8, 9, 3, D, 2, B, 4, C, E, 0, 9, 5, 1, A, 8, F, 6, 7, 8, 6, 0, 4, 5, 3, D, 1, 2, F, 7, C, 9, E, B, A, F, A, 5, 7, 6, 8, 9, 2, E, 4, 0, B, 1, D, C, 3, C, E, 9, 1, A, B, 7, F, 3, 6, D, 8, 2, 4, 5, 0, 1, 3, 7, 9, 8, 2, 0, D, 5, A, C, E, F, B, 4, 6, D, C, F, A, E, 9, 5, B, 8, 7, 4, 6, 3, 1, 0, 2, 0, 5, 4, 8, 1, F, 6, C, D, B, 2, 3, A, 7, 9, E, B, 2, 6, E, 3, 7, A, 4, 0, 1, 9, F, 5, 8, D, C )
Visible( 0, 0, 1, 1, 0, 1, 0, 1, 0, 0, 0, 0, 0, 1, 0, 0, 0, 0, 1, 1, 0, 1, 0, 1, 0, 0, 0, 1, 1, 1, 0, 0, 1, 0, 0, 0, 0, 1, 0, 0, 1, 1, 0, 1, 0, 1, 0, 0, 0, 0, 0, 0, 0, 1, 0, 0, 1, 1, 1, 0, 1, 0, 0, 0, 0, 0, 1, 1, 1, 1, 1, 1, 1, 0, 1, 1, 0, 1, 0, 0, 1, 0, 0, 1, 0, 0, 1, 1, 0, 1, 1, 0, 1, 1, 0, 0, 1, 1, 1, 1, 0, 0, 0, 0, 1, 1, 0, 0, 1, 0, 0, 0, 0, 1, 0, 0, 1, 1, 0, 0, 0, 1, 0, 0, 0, 1, 1, 0, 0, 1, 1, 1, 1, 0, 1, 1, 0, 1, 0, 1, 0, 1, 1, 0, 0, 0, 1, 1, 1, 0, 1, 0, 1, 1, 1, 1, 0, 0, 0, 1, 0, 1, 0, 0, 1, 1, 0, 1, 0, 0, 1, 1, 1, 1, 1, 1, 1, 1, 0, 1, 0, 0, 1, 0, 1, 1, 1, 1, 0, 0, 1, 0, 0, 0, 1, 1, 1, 1, 0, 0, 1, 1, 1, 1, 1, 1, 1, 0, 1, 0, 0, 0, 0, 1, 0, 1, 0, 0, 0, 0, 0, 1, 1, 0, 1, 1, 1, 1, 0, 0, 1, 0, 0, 1, 0, 0, 1, 0, 0, 0, 0, 0, 1, 0, 1, 1, 1, 1, 1, 0, 0, 1, 0, 1, 0, 1 )
Hint([13,4]+[15,6]+[7,10] add up to 19)
Hint([10,0]+[11,8]+[2,0] add up to 30)
Hint([8,7]+[11,3] add up to 2)
Hint([10,12]+[1,5] add up to 12)
Hint([9,6]+[8,7] add up to 4)
Hint([1,14]+[6,12] add up to 5)
Hint([3,7]+[7,6]+[8,1] add up to 20)
Hint([2,13]+[7,15] add up to 19)
Hint([15,7]+[12,1] add up to 13)
Hint([13,3]+[13,14]+[10,9] add up to 20)
