Level( 8, 7, 5, 1, 2, 3, 6, 9, 4, 4, 3, 2, 5, 6, 9, 8, 7, 1, 6, 9, 1, 8, 7, 4, 2, 3, 5, 7, 8, 9, 6, 1, 5, 4, 2, 3, 3, 2, 6, 9, 4, 7, 1, 5, 8, 1, 5, 4, 3, 8, 2, 7, 6, 9, 5, 1, 8, 7, 3, 6, 9, 4, 2, 9, 4, 7, 2, 5, 1, 3, 8, 6, 2, 6, 3, 4, 9, 8, 5, 1, 7 )
Visible( 0, 1, 1, 0, 0, 0, 0, 0, 0, 0, 1, 0, 1, 1, 0, 1, 0, 0, 0, 1, 0, 0, 0, 0, 0, 0, 0, 0, 0, 0, 0, 0, 0, 0, 0, 1, 0, 0, 0, 1, 0, 1, 1, 1, 0, 0, 0, 1, 0, 0, 1, 1, 0, 1, 0, 1, 0, 0, 1, 0, 0, 0, 1, 0, 0, 1, 0, 1, 0, 0, 0, 0, 1, 0, 0, 0, 0, 1, 0, 0, 1 )
Hint([8,1]+[8,2]+[4,8] add up to 12)
Hint([7,8]+[8,7]+[2,2] add up to 5)
Hint([6,1]+[5,8] add up to 14)
Hint([6,4]+[0,6] add up to 4)
Hint([5,1]+[4,2] add up to 14)
Hint([1,6]+[3,8] add up to 3)
Hint([1,4]+[4,3]+[4,3] add up to 1)
Hint([0,7]+[4,8]+[2,3] add up to 24)
Hint([7,1]+[8,7]+[8,1] add up to 11)
Hint([5,3]+[1,7]+[6,7] add up to 9)
