Level( 2, 3, F, 7, 0, E, D, 4, 5, 6, 9, 1, 8, B, A, C, 0, D, A, 9, B, C, 1, 3, 2, 4, F, 8, 5, 6, E, 7, 1, C, 4, 6, 8, A, 2, 5, E, 0, 7, B, F, D, 3, 9, B, E, 8, 5, 9, F, 6, 7, 3, A, C, D, 4, 2, 1, 0, 6, 8, 2, 0, A, B, C, 9, 1, D, 4, F, E, 3, 7, 5, 4, 1, E, C, 5, 2, 7, 8, 0, 3, B, 6, D, A, 9, F, 7, 9, D, 3, 4, 6, 0, F, A, C, E, 5, 1, 8, 2, B, A, F, 5, B, 3, 1, E, D, 7, 9, 8, 2, 6, C, 0, 4, 5, 0, 6, 4, 7, 8, A, 1, 9, 2, 3, C, B, E, F, D, C, A, 1, E, F, 9, B, 6, D, 5, 0, 7, 2, 4, 8, 3, 9, 2, B, 8, C, D, 3, 0, F, E, 1, 4, 7, 5, 6, A, D, 7, 3, F, E, 5, 4, 2, 8, B, 6, A, 0, 9, C, 1, E, 5, C, 1, 2, 7, 9, A, 4, 8, D, 0, 3, F, B, 6, F, 6, 7, 2, D, 3, 5, B, C, 1, A, E, 9, 0, 4, 8, 8, 4, 9, D, 6, 0, F, C, B, 7, 2, 3, A, 1, 5, E, 3, B, 0, A, 1, 4, 8, E, 6, F, 5, 9, C, 7, D, 2 )
Visible( 0, 1, 1, 1, 1, 1, 0, 1, 1, 1, 1, 1, 1, 0, 1, 1, 1, 0, 0, 1, 0, 0, 1, 0, 1, 1, 0, 1, 0, 1, 0, 1, 0, 1, 1, 0, 0, 1, 0, 1, 1, 1, 0, 0, 0, 1, 1, 0, 1, 0, 0, 0, 1, 1, 1, 1, 1, 0, 0, 0, 0, 0, 0, 0, 1, 0, 0, 1, 1, 0, 1, 0, 1, 0, 0, 0, 1, 1, 0, 1, 0, 0, 1, 0, 0, 0, 0, 0, 0, 0, 1, 0, 0, 0, 0, 0, 0, 0, 0, 0, 1, 1, 0, 0, 1, 1, 0, 1, 1, 0, 0, 0, 0, 0, 0, 0, 0, 0, 1, 1, 1, 1, 0, 1, 0, 0, 1, 0, 0, 0, 1, 0, 0, 0, 1, 0, 1, 0, 1, 0, 1, 1, 0, 1, 1, 0, 0, 0, 0, 1, 1, 0, 0, 1, 1, 0, 0, 1, 1, 1, 1, 1, 0, 1, 0, 0, 1, 0, 1, 1, 1, 1, 1, 1, 1, 1, 1, 1, 1, 1, 0, 1, 0, 1, 1, 1, 0, 0, 0, 0, 0, 1, 0, 0, 1, 1, 0, 0, 0, 1, 0, 0, 0, 0, 1, 1, 1, 0, 0, 1, 1, 0, 1, 1, 1, 1, 1, 1, 0, 1, 1, 0, 0, 0, 0, 1, 1, 1, 0, 0, 1, 0, 0, 0, 0, 0, 1, 0, 1, 0, 0, 1, 0, 0, 0, 1, 1, 0, 1, 0, 1, 0, 0, 0, 1, 0 )
Hint([12,11]+[1,2]+[6,5] add up to 19)
Hint([11,8]+[13,7]+[2,3] add up to 32)
Hint([8,6]+[11,14] add up to 13)
Hint([13,12]+[2,2] add up to 19)
Hint([10,4]+[7,11] add up to 6)
Hint([14,9]+[5,0] add up to 22)
Hint([4,12]+[8,9] add up to 15)
Hint([7,13]+[2,15]+[8,5] add up to 11)
Hint([15,12]+[13,13] add up to 6)
Hint([12,0]+[12,12] add up to 11)
