Level( 5, 4, 6, 8, 1, 9, 2, 3, 7, 9, 8, 3, 2, 7, 4, 1, 5, 6, 2, 7, 1, 5, 6, 3, 4, 8, 9, 7, 1, 5, 6, 8, 2, 3, 9, 4, 3, 9, 2, 7, 4, 5, 8, 6, 1, 8, 6, 4, 9, 3, 1, 5, 7, 2, 1, 2, 9, 3, 5, 6, 7, 4, 8, 6, 3, 8, 4, 2, 7, 9, 1, 5, 4, 5, 7, 1, 9, 8, 6, 2, 3 )
Visible( 1, 0, 0, 0, 0, 1, 0, 0, 1, 0, 1, 0, 1, 0, 0, 0, 0, 1, 0, 0, 1, 0, 0, 1, 1, 0, 0, 1, 0, 0, 0, 0, 1, 0, 1, 0, 0, 0, 0, 0, 1, 0, 0, 0, 1, 1, 1, 0, 1, 0, 0, 1, 0, 0, 0, 0, 1, 1, 1, 0, 0, 1, 0, 1, 1, 1, 0, 0, 0, 0, 0, 0, 0, 0, 0, 0, 0, 0, 0, 0, 0 )
Hint([8,5]+[0,8]+[5,1] add up to 7)
Hint([6,3]+[7,2]+[1,0] add up to 12)
Hint([4,8]+[7,7] add up to 8)
Hint([6,0]+[8,5] add up to 2)
Hint([6,2]+[4,1] add up to 9)
Hint([0,7]+[3,8] add up to 5)
Hint([1,0]+[3,7]+[5,5] add up to 6)
Hint([1,5]+[3,3]+[0,4] add up to 12)
Hint([7,1]+[8,4] add up to 4)
Hint([7,3]+[4,5]+[2,4] add up to 11)
