Level( 4, 5, 7, 6, 9, 1, 8, 2, 3, 2, 3, 6, 8, 5, 4, 1, 7, 9, 9, 8, 1, 7, 3, 2, 5, 4, 6, 6, 7, 3, 2, 4, 5, 9, 8, 1, 8, 4, 9, 1, 6, 3, 2, 5, 7, 5, 1, 2, 9, 8, 7, 6, 3, 4, 1, 2, 8, 3, 7, 9, 4, 6, 5, 7, 6, 5, 4, 1, 8, 3, 9, 2, 3, 9, 4, 5, 2, 6, 7, 1, 8 )
Visible( 0, 0, 0, 1, 0, 0, 0, 0, 1, 1, 0, 0, 0, 1, 0, 1, 0, 0, 1, 0, 0, 1, 0, 0, 1, 0, 0, 1, 0, 1, 0, 0, 0, 0, 0, 1, 0, 1, 0, 0, 0, 0, 0, 0, 0, 0, 0, 1, 0, 1, 0, 0, 0, 0, 0, 0, 1, 1, 0, 0, 0, 1, 0, 1, 0, 1, 1, 0, 0, 0, 0, 1, 0, 0, 1, 0, 1, 0, 0, 0, 0 )
Hint([7,2]+[8,8]+[5,7] add up to 17)
Hint([6,6]+[8,5]+[1,8] add up to 14)
Hint([5,4]+[6,1] add up to 2)
Hint([7,4]+[0,3] add up to 9)
Hint([6,2]+[4,5] add up to 11)
Hint([8,2]+[2,7] add up to 9)
Hint([1,0]+[3,0]+[3,2] add up to 15)
Hint([1,7]+[4,0]+[8,6] add up to 17)
Hint([6,2]+[8,7] add up to 5)
Hint([8,1]+[3,2]+[1,2] add up to 21)
