Level( 1, 2, 3, 4, 6, 9, 7, 5, 8, 4, 9, 5, 1, 8, 7, 2, 6, 3, 6, 7, 8, 5, 2, 3, 9, 1, 4, 3, 1, 6, 7, 9, 2, 8, 4, 5, 5, 4, 2, 3, 1, 8, 6, 7, 9, 9, 8, 7, 6, 5, 4, 3, 2, 1, 2, 3, 4, 8, 7, 5, 1, 9, 6, 8, 6, 9, 2, 4, 1, 5, 3, 7, 7, 5, 1, 9, 3, 6, 4, 8, 2 )
Visible( 0, 0, 0, 0, 1, 0, 0, 0, 1, 1, 0, 1, 0, 0, 1, 1, 0, 0, 0, 0, 0, 0, 0, 0, 0, 0, 0, 0, 0, 0, 1, 1, 0, 0, 1, 0, 1, 0, 1, 0, 0, 0, 1, 0, 0, 0, 1, 0, 0, 0, 1, 0, 0, 0, 1, 0, 0, 0, 1, 1, 1, 0, 1, 0, 0, 0, 0, 0, 0, 0, 0, 1, 0, 1, 1, 1, 0, 0, 0, 0, 0 )
Hint([6,1]+[8,2]+[4,3] add up to 12)
Hint([6,2]+[6,1]+[0,1] add up to 12)
Hint([4,1]+[5,5] add up to 10)
Hint([7,7]+[1,4] add up to 5)
Hint([6,3]+[4,8] add up to 9)
Hint([0,3]+[2,7] add up to 10)
Hint([3,1]+[3,6]+[5,5] add up to 10)
Hint([8,5]+[3,5]+[1,7] add up to 10)
Hint([7,7]+[1,4] add up to 5)
Hint([0,5]+[5,5]+[2,5] add up to 17)
