Level( 2, 3, 9, 1, 4, 6, 5, 7, 8, 8, 1, 4, 7, 5, 3, 9, 6, 2, 6, 5, 7, 8, 9, 2, 1, 3, 4, 7, 8, 6, 9, 1, 4, 2, 5, 3, 3, 2, 5, 6, 7, 8, 4, 1, 9, 9, 4, 1, 3, 2, 5, 6, 8, 7, 4, 9, 3, 5, 6, 7, 8, 2, 1, 5, 7, 2, 4, 8, 1, 3, 9, 6, 1, 6, 8, 2, 3, 9, 7, 4, 5 )
Visible( 1, 0, 1, 0, 0, 0, 0, 0, 0, 0, 1, 0, 1, 0, 0, 0, 0, 0, 1, 0, 0, 1, 0, 0, 0, 1, 1, 0, 0, 0, 0, 1, 1, 1, 0, 1, 0, 0, 1, 0, 0, 1, 0, 0, 0, 0, 0, 0, 1, 1, 1, 0, 0, 1, 1, 1, 0, 0, 0, 0, 0, 1, 0, 0, 0, 0, 0, 0, 1, 0, 0, 0, 0, 0, 1, 0, 0, 0, 0, 0, 0 )
Hint([7,1]+[8,8]+[5,6] add up to 15)
Hint([5,5]+[7,1]+[0,4] add up to 11)
Hint([6,0]+[5,4] add up to 11)
Hint([7,3]+[0,1] add up to 11)
Hint([7,6]+[5,6] add up to 7)
Hint([8,5]+[3,7] add up to 9)
Hint([1,2]+[3,1]+[4,3] add up to 10)
Hint([8,6]+[3,6]+[1,8] add up to 9)
Hint([8,7]+[1,2] add up to 9)
Hint([0,2]+[4,2]+[1,6] add up to 21)
