Level( 7, 2, 8, 4, 3, 6, 1, 9, 5, 4, 5, 9, 2, 8, 1, 6, 3, 7, 3, 6, 1, 5, 9, 7, 8, 2, 4, 9, 8, 4, 1, 7, 3, 2, 5, 6, 6, 3, 2, 9, 4, 5, 7, 8, 1, 1, 7, 5, 8, 6, 2, 9, 4, 3, 2, 4, 3, 6, 1, 9, 5, 7, 8, 5, 1, 7, 3, 2, 8, 4, 6, 9, 8, 9, 6, 7, 5, 4, 3, 1, 2 )
Visible( 1, 1, 0, 0, 0, 1, 0, 1, 1, 0, 0, 1, 0, 1, 0, 1, 0, 1, 0, 0, 0, 0, 0, 0, 1, 0, 0, 1, 0, 1, 0, 0, 0, 0, 0, 1, 1, 0, 0, 0, 1, 1, 0, 0, 0, 0, 0, 0, 1, 0, 0, 0, 0, 1, 1, 1, 1, 1, 0, 1, 0, 0, 0, 0, 1, 0, 0, 0, 0, 0, 0, 0, 0, 0, 0, 0, 0, 0, 0, 1, 0 )
Hint([6,3]+[0,8]+[5,4] add up to 12)
Hint([6,4]+[7,6]+[2,2] add up to 12)
Hint([5,8]+[7,1] add up to 5)
Hint([6,1]+[8,7] add up to 13)
Hint([6,4]+[4,8] add up to 10)
Hint([8,2]+[2,7] add up to 9)
Hint([2,1]+[3,4]+[4,8] add up to 20)
Hint([0,1]+[2,4]+[1,1] add up to 8)
Hint([6,8]+[1,7]+[8,4] add up to 2)
Hint([4,8]+[3,0]+[4,0] add up to 9)
