Level( F, E, 8, B, D, 1, 7, 9, C, A, 6, 4, 2, 5, 0, 3, 7, 4, 2, 3, 6, 8, 5, C, 9, D, B, 0, 1, A, E, F, 0, 5, D, C, 2, A, B, F, 7, E, 1, 3, 9, 8, 4, 6, A, 1, 6, 9, 0, E, 4, 3, 5, F, 8, 2, D, B, 7, C, 4, C, 0, 6, 9, D, F, E, 2, B, 7, 5, 8, 1, 3, A, E, 3, F, 8, C, 0, 1, 6, 4, 9, D, A, 5, 2, B, 7, B, D, 9, 1, 5, 2, A, 7, 3, 8, C, F, 4, E, 6, 0, 2, 7, 5, A, 8, B, 3, 4, 6, 1, 0, E, C, 9, F, D, 6, 9, 1, 2, 3, 7, D, 5, 0, 4, F, B, A, C, 8, E, 8, B, 7, 0, E, F, C, 2, A, 5, 9, D, 3, 6, 1, 4, D, F, 3, 5, A, 4, 0, 8, 1, 6, E, C, B, 7, 9, 2, C, A, E, 4, B, 9, 6, 1, 8, 3, 2, 7, 0, F, D, 5, 3, 6, A, D, 7, 5, 8, B, F, C, 4, 1, E, 0, 2, 9, 9, 0, 4, F, 1, C, E, A, B, 2, 3, 6, 7, D, 5, 8, 1, 8, C, 7, F, 3, 2, D, E, 0, 5, 9, 6, 4, A, B, 5, 2, B, E, 4, 6, 9, 0, D, 7, A, 8, F, 3, C, 1 )
Visible( 0, 1, 1, 1, 1, 1, 0, 1, 0, 1, 1, 0, 1, 0, 0, 0, 0, 0, 1, 1, 0, 0, 0, 1, 0, 0, 0, 0, 1, 1, 1, 0, 0, 1, 0, 1, 0, 0, 0, 1, 1, 0, 0, 0, 0, 1, 0, 1, 0, 0, 0, 1, 0, 1, 0, 1, 0, 1, 0, 0, 0, 0, 1, 0, 1, 0, 0, 1, 1, 1, 0, 1, 1, 0, 1, 0, 1, 1, 1, 0, 1, 0, 0, 0, 0, 0, 0, 1, 0, 1, 1, 0, 0, 1, 0, 0, 1, 1, 1, 1, 1, 1, 0, 0, 1, 1, 1, 0, 1, 0, 0, 1, 0, 1, 0, 1, 1, 1, 0, 1, 0, 0, 0, 1, 0, 0, 0, 1, 1, 1, 0, 1, 1, 1, 0, 1, 1, 0, 0, 0, 1, 1, 0, 0, 1, 0, 1, 0, 1, 1, 0, 1, 0, 0, 1, 0, 0, 1, 0, 0, 0, 0, 1, 0, 0, 0, 1, 0, 0, 1, 0, 1, 0, 0, 0, 0, 0, 0, 0, 1, 1, 1, 1, 1, 1, 1, 0, 1, 0, 0, 0, 1, 1, 0, 1, 0, 0, 1, 0, 1, 0, 0, 0, 1, 1, 1, 0, 1, 0, 0, 1, 0, 0, 0, 0, 1, 1, 1, 0, 0, 1, 0, 1, 1, 0, 1, 0, 1, 1, 1, 1, 0, 1, 1, 0, 1, 0, 0, 0, 0, 0, 1, 0, 1, 0, 1, 0, 0, 0, 0, 0, 1, 0, 0, 1, 1 )
Hint([14,1]+[14,7]+[8,13] add up to 40)
Hint([9,14]+[15,13]+[4,7] add up to 16)
Hint([10,4]+[10,15] add up to 17)
Hint([12,14]+[2,7] add up to 11)
Hint([13,12]+[9,1] add up to 13)
Hint([15,6]+[4,0] add up to 13)
Hint([3,13]+[9,11] add up to 18)
Hint([8,12]+[2,12]+[7,1] add up to 37)
Hint([2,13]+[14,11] add up to 17)
Hint([14,9]+[15,12] add up to 10)
