Level( 8, 2, 9, 7, 3, 6, 4, 5, 1, 1, 4, 7, 5, 9, 2, 8, 3, 6, 6, 3, 5, 4, 1, 8, 2, 7, 9, 4, 9, 6, 1, 8, 3, 7, 2, 5, 3, 7, 1, 2, 4, 5, 9, 6, 8, 2, 5, 8, 6, 7, 9, 1, 4, 3, 7, 8, 3, 9, 5, 4, 6, 1, 2, 5, 6, 4, 8, 2, 1, 3, 9, 7, 9, 1, 2, 3, 6, 7, 5, 8, 4 )
Visible( 1, 1, 0, 0, 1, 0, 0, 0, 1, 1, 0, 1, 0, 0, 1, 0, 0, 0, 0, 0, 0, 0, 0, 0, 0, 1, 1, 0, 0, 0, 0, 0, 1, 0, 0, 0, 0, 1, 0, 0, 0, 0, 0, 1, 1, 1, 1, 0, 1, 0, 0, 0, 0, 0, 0, 1, 0, 0, 1, 1, 0, 0, 1, 0, 1, 1, 1, 0, 0, 0, 0, 0, 0, 1, 0, 0, 0, 0, 1, 0, 0 )
Hint([7,7]+[1,2]+[4,6] add up to 14)
Hint([6,1]+[6,3]+[1,2] add up to 15)
Hint([6,8]+[7,2] add up to 10)
Hint([7,6]+[1,1] add up to 3)
Hint([6,2]+[4,6] add up to 5)
Hint([8,2]+[2,1] add up to 14)
Hint([1,2]+[3,8] add up to 4)
Hint([6,8]+[1,0]+[2,1] add up to 11)
Hint([1,8]+[8,6] add up to 1)
Hint([6,1]+[7,1] add up to 9)
