Level( 4, 8, 5, 3, 7, 6, 1, 2, 9, 2, 6, 9, 4, 1, 5, 3, 8, 7, 7, 3, 1, 9, 8, 2, 6, 4, 5, 5, 2, 6, 8, 9, 4, 7, 1, 3, 3, 4, 8, 7, 6, 1, 9, 5, 2, 1, 9, 7, 2, 5, 3, 4, 6, 8, 8, 5, 3, 1, 4, 9, 2, 7, 6, 9, 7, 4, 6, 2, 8, 5, 3, 1, 6, 1, 2, 5, 3, 7, 8, 9, 4 )
Visible( 0, 0, 0, 0, 0, 1, 0, 0, 0, 0, 0, 0, 1, 0, 1, 1, 0, 0, 0, 1, 1, 0, 1, 0, 0, 0, 0, 1, 0, 1, 0, 1, 0, 0, 1, 0, 0, 0, 0, 0, 0, 0, 1, 0, 1, 0, 0, 1, 0, 1, 1, 1, 0, 0, 0, 0, 1, 0, 0, 1, 0, 0, 1, 1, 1, 1, 0, 0, 0, 0, 0, 0, 0, 0, 0, 1, 0, 0, 0, 0, 0 )
Hint([7,3]+[0,0]+[3,1] add up to 6)
Hint([7,2]+[7,4]+[1,8] add up to 7)
Hint([4,0]+[5,4] add up to 6)
Hint([7,3]+[0,4] add up to 2)
Hint([7,1]+[4,5] add up to 11)
Hint([8,8]+[3,8] add up to 7)
Hint([2,4]+[4,3]+[4,8] add up to 17)
Hint([8,7]+[4,8]+[2,2] add up to 2)
Hint([6,0]+[8,7]+[8,5] add up to 7)
Hint([4,8]+[3,1]+[4,1] add up to 5)
