Level( 6, 7, 3, 2, 4, 5, 9, 8, 1, 9, 5, 1, 8, 7, 3, 6, 4, 2, 4, 2, 8, 9, 1, 6, 5, 3, 7, 1, 3, 9, 6, 8, 2, 4, 7, 5, 5, 8, 6, 4, 9, 7, 2, 1, 3, 7, 4, 2, 3, 5, 1, 8, 6, 9, 3, 9, 5, 7, 6, 4, 1, 2, 8, 2, 1, 4, 5, 3, 8, 7, 9, 6, 8, 6, 7, 1, 2, 9, 3, 5, 4 )
Visible( 0, 0, 1, 0, 0, 1, 1, 0, 1, 0, 0, 0, 0, 0, 0, 0, 0, 0, 1, 1, 0, 0, 1, 0, 0, 0, 1, 1, 0, 0, 1, 1, 0, 0, 0, 1, 0, 0, 1, 0, 0, 0, 0, 0, 0, 0, 0, 0, 0, 0, 0, 1, 0, 0, 0, 0, 0, 0, 0, 1, 1, 0, 1, 0, 1, 0, 0, 1, 0, 1, 0, 1, 0, 1, 0, 0, 1, 1, 1, 0, 0 )
Hint([7,0]+[8,6]+[5,1] add up to 16)
Hint([7,8]+[8,4]+[1,2] add up to 7)
Hint([4,6]+[7,3] add up to 11)
Hint([5,4]+[0,1] add up to 14)
Hint([5,5]+[5,0] add up to 4)
Hint([1,7]+[3,6] add up to 6)
Hint([0,7]+[5,0]+[3,6] add up to 11)
Hint([8,6]+[3,7]+[1,4] add up to 18)
Hint([8,2]+[8,2] add up to 12)
Hint([7,6]+[5,8]+[3,8] add up to 9)
