Level( 4, 5, 2, 1, 8, 3, 9, 6, 7, 7, 8, 1, 9, 5, 6, 4, 2, 3, 3, 9, 6, 2, 4, 7, 5, 8, 1, 6, 7, 5, 3, 2, 8, 1, 4, 9, 8, 1, 3, 4, 9, 5, 2, 7, 6, 9, 2, 4, 7, 6, 1, 8, 3, 5, 1, 4, 7, 8, 3, 9, 6, 5, 2, 2, 6, 9, 5, 7, 4, 3, 1, 8, 5, 3, 8, 6, 1, 2, 7, 9, 4 )
Visible( 0, 0, 0, 1, 1, 0, 1, 0, 0, 0, 0, 0, 0, 1, 0, 0, 0, 1, 0, 0, 0, 1, 0, 0, 0, 0, 0, 0, 0, 0, 0, 1, 0, 1, 0, 1, 0, 0, 1, 0, 0, 0, 0, 1, 0, 0, 1, 0, 0, 1, 1, 0, 0, 0, 0, 0, 1, 0, 0, 0, 0, 1, 1, 0, 1, 1, 0, 0, 1, 0, 0, 1, 0, 0, 1, 0, 1, 0, 1, 0, 0 )
Hint([7,7]+[1,8]+[5,6] add up to 10)
Hint([5,2]+[7,7]+[2,3] add up to 10)
Hint([4,1]+[5,1] add up to 9)
Hint([5,5]+[0,6] add up to 0)
Hint([7,3]+[4,2] add up to 6)
Hint([0,4]+[2,0] add up to 8)
Hint([2,0]+[3,3] add up to 3)
Hint([6,3]+[0,3] add up to 5)
Hint([1,0]+[8,8] add up to 7)
Hint([1,1]+[7,2]+[7,6] add up to 18)
