Level( 5, 2, D, 3, 4, 6, 7, 1, 8, 9, E, B, 0, A, F, C, F, A, 6, 7, 2, 0, B, 8, D, C, 1, 3, E, 4, 9, 5, 0, 1, C, 9, E, 3, A, 5, 7, F, 2, 4, 6, 8, B, D, 4, B, E, 8, D, C, F, 9, A, 5, 6, 0, 7, 3, 2, 1, E, D, A, 0, 1, 7, 6, F, C, B, 3, 8, 9, 2, 5, 4, 8, C, F, 2, 3, 4, 5, B, 1, 0, 7, 9, A, E, D, 6, B, 3, 4, 5, A, 9, D, C, E, 2, F, 6, 8, 1, 7, 0, 6, 7, 9, 1, 0, 8, 2, E, 4, A, 5, D, B, C, 3, F, 7, 9, 0, 4, F, 5, 1, 6, B, 3, 8, 2, C, D, E, A, 1, F, B, D, C, 2, 0, 3, 9, 4, A, E, 5, 6, 8, 7, 2, E, 3, C, 8, A, 4, 7, 6, D, 0, 5, F, 9, 1, B, A, 5, 8, 6, B, E, 9, D, F, 7, C, 1, 2, 0, 4, 3, D, 8, 5, A, 9, F, C, 0, 2, 1, 4, 7, 3, B, 6, E, C, 6, 1, F, 5, B, 8, 2, 3, E, D, A, 4, 7, 0, 9, 3, 4, 7, B, 6, D, E, A, 0, 8, 9, F, 1, 5, C, 2, 9, 0, 2, E, 7, 1, 3, 4, 5, 6, B, C, D, F, A, 8 )
Visible( 0, 0, 1, 0, 0, 0, 1, 0, 0, 1, 0, 1, 1, 1, 0, 0, 1, 0, 0, 1, 0, 1, 0, 0, 1, 0, 1, 0, 1, 0, 1, 0, 0, 0, 0, 0, 0, 1, 0, 1, 0, 0, 1, 1, 0, 0, 0, 0, 0, 1, 1, 0, 0, 0, 1, 1, 1, 1, 0, 0, 1, 0, 0, 0, 0, 0, 0, 1, 1, 1, 0, 1, 1, 1, 1, 1, 1, 0, 0, 1, 0, 0, 0, 0, 1, 1, 1, 1, 0, 0, 0, 0, 0, 0, 0, 0, 1, 0, 0, 1, 1, 1, 0, 0, 0, 1, 1, 1, 1, 1, 0, 0, 0, 0, 1, 0, 1, 0, 0, 1, 1, 1, 0, 0, 1, 1, 1, 1, 1, 0, 0, 0, 1, 1, 0, 1, 0, 0, 1, 0, 1, 1, 1, 1, 0, 1, 1, 0, 0, 0, 0, 0, 0, 0, 1, 0, 1, 0, 1, 0, 0, 1, 0, 1, 0, 0, 0, 1, 0, 0, 0, 1, 0, 1, 0, 0, 1, 1, 0, 1, 1, 0, 0, 0, 1, 0, 0, 1, 0, 0, 0, 1, 1, 1, 0, 1, 1, 0, 0, 0, 1, 1, 0, 0, 0, 1, 1, 0, 0, 1, 1, 1, 1, 0, 0, 0, 0, 1, 0, 0, 1, 0, 1, 0, 0, 1, 1, 0, 1, 1, 0, 0, 1, 0, 1, 0, 1, 0, 1, 0, 1, 1, 1, 1, 1, 0, 0, 0, 0, 1, 1, 0, 1, 0, 0, 1 )
Hint([13,2]+[15,1]+[6,9] add up to 13)
Hint([11,7]+[13,10]+[3,12] add up to 32)
Hint([10,15]+[13,2] add up to 19)
Hint([10,9]+[1,2] add up to 11)
Hint([13,6]+[8,13] add up to 4)
Hint([0,6]+[4,8] add up to 26)
Hint([3,8]+[7,13]+[10,5] add up to 13)
Hint([0,3]+[4,15]+[3,8] add up to 15)
Hint([12,15]+[2,15] add up to 15)
Hint([1,7]+[8,13]+[5,15] add up to 11)
