Level( 5, 8, 6, 3, 2, 7, 4, 9, 1, 4, 2, 3, 1, 6, 9, 8, 7, 5, 7, 1, 9, 4, 5, 8, 6, 2, 3, 6, 9, 7, 8, 1, 5, 3, 4, 2, 3, 5, 1, 2, 9, 4, 7, 8, 6, 2, 4, 8, 6, 7, 3, 1, 5, 9, 1, 6, 4, 5, 8, 2, 9, 3, 7, 9, 3, 5, 7, 4, 1, 2, 6, 8, 8, 7, 2, 9, 3, 6, 5, 1, 4 )
Visible( 1, 0, 0, 0, 1, 0, 1, 0, 0, 0, 0, 1, 0, 0, 1, 1, 0, 0, 0, 0, 1, 1, 0, 1, 0, 0, 1, 0, 0, 0, 0, 0, 0, 0, 0, 0, 0, 0, 0, 0, 0, 0, 0, 0, 1, 1, 0, 0, 0, 1, 0, 0, 1, 0, 1, 0, 1, 1, 0, 0, 0, 0, 0, 0, 1, 0, 0, 1, 0, 1, 1, 1, 0, 0, 0, 0, 1, 0, 0, 0, 1 )
Hint([6,5]+[0,7]+[5,1] add up to 16)
Hint([5,0]+[6,5]+[1,8] add up to 12)
Hint([6,6]+[7,4] add up to 15)
Hint([6,4]+[0,3] add up to 11)
Hint([5,6]+[5,8] add up to 6)
Hint([8,2]+[2,7] add up to 6)
Hint([3,7]+[5,7]+[5,5] add up to 8)
Hint([0,0]+[2,2]+[0,3] add up to 17)
Hint([6,4]+[0,3]+[7,4] add up to 18)
Hint([4,7]+[2,0]+[4,5] add up to 14)
