Level( 0, 7, 4, F, 9, 3, 6, 8, C, 5, 1, E, A, 2, B, D, B, E, A, 1, 2, F, C, D, 9, 0, 6, 7, 8, 3, 5, 4, 6, 2, 9, 5, 7, 4, A, E, 8, B, D, 3, C, F, 0, 1, 8, D, 3, C, 1, 0, 5, B, 2, A, 4, F, 6, E, 7, 9, 5, 1, D, A, 0, C, F, 2, 3, 6, E, 8, 9, B, 4, 7, E, 8, F, 9, B, D, 1, 4, 5, C, 7, A, 0, 6, 2, 3, 2, C, 0, 7, 6, 8, 3, A, 4, 1, 9, B, E, D, F, 5, 4, 3, 6, B, 5, 9, E, 7, D, F, 0, 2, 1, C, A, 8, D, A, 8, 3, E, 7, 9, 0, 1, 4, B, C, F, 5, 6, 2, F, 6, E, 0, A, 5, 4, 1, 7, 2, 3, D, B, 8, 9, C, 1, 9, 5, 4, 3, 2, B, C, 6, 8, F, 0, 7, A, D, E, 7, B, C, 2, D, 6, 8, F, A, E, 5, 9, 3, 4, 1, 0, 9, 4, 1, E, F, A, 2, 3, B, 7, C, 5, D, 0, 8, 6, A, 5, 7, D, 4, B, 0, 6, E, 3, 8, 1, 2, 9, C, F, 3, 0, 2, 8, C, 1, D, 5, F, 9, A, 6, 4, 7, E, B, C, F, B, 6, 8, E, 7, 9, 0, D, 2, 4, 5, 1, 3, A )
Visible( 1, 0, 0, 1, 0, 0, 1, 0, 0, 1, 0, 1, 0, 0, 1, 0, 1, 1, 0, 1, 1, 0, 0, 0, 0, 0, 0, 1, 1, 1, 1, 0, 0, 0, 0, 0, 1, 0, 1, 0, 0, 1, 1, 1, 0, 1, 1, 0, 0, 1, 1, 0, 1, 0, 0, 0, 1, 0, 0, 0, 1, 1, 1, 0, 0, 1, 0, 0, 0, 0, 1, 1, 0, 0, 0, 0, 0, 0, 1, 0, 1, 1, 1, 0, 1, 0, 0, 0, 1, 0, 1, 1, 0, 1, 0, 0, 1, 0, 0, 0, 0, 0, 1, 1, 1, 1, 0, 1, 1, 0, 0, 1, 0, 1, 0, 0, 0, 1, 0, 0, 1, 0, 1, 1, 1, 1, 0, 0, 0, 1, 0, 0, 1, 0, 1, 1, 0, 0, 0, 0, 1, 1, 0, 1, 0, 0, 1, 1, 0, 1, 1, 0, 0, 0, 0, 0, 1, 0, 1, 0, 0, 1, 0, 1, 1, 0, 0, 1, 1, 0, 0, 0, 1, 0, 1, 1, 0, 1, 0, 0, 1, 0, 1, 1, 0, 1, 1, 1, 1, 1, 0, 1, 1, 1, 0, 0, 1, 1, 1, 1, 1, 1, 0, 1, 0, 0, 1, 1, 0, 1, 1, 1, 1, 1, 1, 1, 1, 0, 0, 1, 0, 1, 0, 0, 1, 0, 1, 1, 0, 1, 1, 1, 0, 1, 1, 0, 0, 1, 0, 0, 0, 1, 1, 1, 1, 0, 0, 1, 1, 0, 0, 0, 0, 0, 0, 1 )
Hint([11,12]+[1,4]+[7,1] add up to 19)
Hint([11,14]+[15,7]+[2,12] add up to 15)
Hint([8,7]+[11,9] add up to 26)
Hint([10,1]+[15,6] add up to 11)
Hint([9,4]+[7,5] add up to 10)
Hint([0,3]+[3,7] add up to 19)
Hint([1,1]+[5,11]+[9,4] add up to 26)
Hint([0,7]+[5,7]+[1,10] add up to 22)
Hint([12,3]+[15,4] add up to 13)
Hint([14,13]+[9,14]+[5,6] add up to 29)
