Level( 4, 1, 2, 5, 3, 6, 7, 9, 8, 6, 5, 8, 1, 9, 7, 2, 3, 4, 9, 7, 3, 8, 2, 4, 5, 6, 1, 2, 8, 6, 9, 7, 3, 4, 1, 5, 5, 3, 1, 4, 6, 8, 9, 2, 7, 7, 9, 4, 2, 5, 1, 6, 8, 3, 1, 2, 7, 6, 8, 5, 3, 4, 9, 3, 4, 9, 7, 1, 2, 8, 5, 6, 8, 6, 5, 3, 4, 9, 1, 7, 2 )
Visible( 1, 0, 1, 1, 0, 0, 0, 0, 0, 0, 1, 1, 0, 0, 0, 0, 1, 1, 0, 0, 0, 0, 0, 0, 0, 0, 0, 0, 0, 0, 0, 1, 0, 0, 0, 0, 0, 0, 1, 0, 0, 1, 1, 0, 0, 0, 1, 0, 1, 0, 0, 1, 0, 1, 0, 0, 0, 0, 0, 0, 0, 0, 0, 1, 1, 0, 0, 0, 0, 1, 0, 1, 0, 0, 1, 0, 0, 1, 1, 1, 0 )
Hint([6,4]+[0,5]+[4,4] add up to 19)
Hint([5,4]+[7,6]+[2,4] add up to 10)
Hint([5,1]+[5,3] add up to 8)
Hint([7,6]+[1,6] add up to 4)
Hint([6,5]+[4,3] add up to 11)
Hint([8,2]+[2,2] add up to 2)
Hint([2,4]+[4,2]+[4,3] add up to 7)
Hint([0,8]+[4,5]+[1,6] add up to 12)
Hint([6,4]+[0,4] add up to 12)
Hint([7,5]+[5,0]+[0,2] add up to 20)
