Level( 7, 6, 1, 2, 3, 4, 8, 5, 9, 3, 5, 4, 7, 8, 9, 1, 2, 6, 9, 2, 8, 6, 5, 1, 7, 3, 4, 4, 8, 3, 5, 9, 6, 2, 7, 1, 2, 1, 9, 4, 7, 3, 5, 6, 8, 6, 7, 5, 8, 1, 2, 4, 9, 3, 5, 3, 6, 1, 2, 8, 9, 4, 7, 8, 4, 7, 9, 6, 5, 3, 1, 2, 1, 9, 2, 3, 4, 7, 6, 8, 5 )
Visible( 0, 1, 1, 0, 0, 1, 0, 1, 0, 0, 0, 1, 0, 0, 1, 0, 1, 0, 0, 0, 0, 0, 0, 0, 0, 1, 0, 0, 0, 1, 0, 0, 0, 0, 0, 1, 0, 0, 1, 1, 0, 0, 0, 1, 0, 0, 1, 0, 1, 0, 0, 1, 0, 0, 1, 0, 0, 0, 0, 0, 0, 0, 1, 0, 1, 1, 1, 0, 1, 0, 0, 0, 1, 0, 0, 1, 0, 0, 1, 0, 0 )
Hint([6,1]+[8,0]+[3,0] add up to 9)
Hint([6,6]+[8,2]+[0,5] add up to 16)
Hint([4,6]+[7,7] add up to 1)
Hint([6,1]+[8,1] add up to 5)
Hint([5,2]+[4,0] add up to 2)
Hint([8,0]+[1,5] add up to 14)
Hint([1,2]+[3,1]+[4,7] add up to 12)
Hint([1,8]+[4,1]+[0,0] add up to 21)
Hint([6,0]+[8,6]+[8,8] add up to 17)
Hint([5,1]+[1,6] add up to 10)
