Level( 8, 2, 6, 3, 7, 9, 5, 1, 4, 1, 7, 3, 4, 2, 5, 6, 8, 9, 9, 4, 5, 1, 6, 8, 7, 3, 2, 6, 3, 1, 7, 9, 2, 8, 4, 5, 5, 8, 2, 6, 1, 4, 9, 7, 3, 7, 9, 4, 5, 8, 3, 1, 2, 6, 2, 5, 9, 8, 3, 1, 4, 6, 7, 3, 1, 7, 9, 4, 6, 2, 5, 8, 4, 6, 8, 2, 5, 7, 3, 9, 1 )
Visible( 1, 0, 0, 0, 0, 0, 0, 0, 0, 0, 1, 1, 0, 0, 0, 0, 0, 0, 0, 0, 1, 1, 0, 0, 1, 0, 1, 0, 0, 1, 1, 1, 0, 0, 1, 1, 0, 0, 1, 0, 0, 1, 0, 0, 0, 0, 0, 0, 1, 0, 0, 1, 0, 0, 1, 0, 0, 0, 1, 1, 0, 0, 1, 0, 0, 0, 1, 1, 1, 0, 1, 0, 1, 0, 0, 0, 0, 0, 0, 0, 0 )
Hint([6,6]+[0,6]+[5,2] add up to 11)
Hint([6,8]+[8,1]+[0,7] add up to 12)
Hint([5,7]+[7,3] add up to 8)
Hint([5,3]+[0,8] add up to 4)
Hint([7,7]+[5,0] add up to 12)
Hint([0,7]+[3,6] add up to 9)
Hint([1,2]+[3,1]+[3,2] add up to 6)
Hint([1,8]+[4,4]+[0,5] add up to 11)
Hint([8,2]+[8,3] add up to 5)
Hint([8,0]+[3,3]+[1,4] add up to 16)
