Level( 3, 1, 2, 9, 4, 8, 7, 6, 5, 6, 4, 8, 5, 7, 1, 3, 9, 2, 5, 9, 7, 2, 6, 3, 4, 8, 1, 2, 6, 4, 1, 3, 5, 8, 7, 9, 7, 3, 5, 8, 9, 4, 1, 2, 6, 9, 8, 1, 7, 2, 6, 5, 4, 3, 1, 7, 6, 3, 8, 2, 9, 5, 4, 8, 2, 3, 4, 5, 9, 6, 1, 7, 4, 5, 9, 6, 1, 7, 2, 3, 8 )
Visible( 0, 1, 1, 1, 0, 0, 0, 1, 0, 0, 0, 0, 1, 0, 0, 1, 0, 0, 0, 1, 0, 1, 1, 0, 0, 0, 0, 1, 0, 0, 0, 0, 0, 1, 0, 0, 0, 0, 1, 0, 1, 0, 0, 0, 1, 0, 0, 1, 0, 0, 0, 0, 0, 0, 0, 1, 0, 0, 1, 0, 0, 0, 0, 0, 0, 1, 1, 0, 0, 0, 0, 0, 1, 0, 0, 0, 0, 1, 1, 0, 1 )
Hint([7,3]+[8,0]+[3,8] add up to 15)
Hint([5,6]+[8,8]+[2,2] add up to 14)
Hint([6,8]+[7,7] add up to 1)
Hint([7,5]+[0,5] add up to 11)
Hint([5,6]+[5,5] add up to 6)
Hint([1,8]+[4,7] add up to 8)
Hint([1,7]+[5,7]+[5,1] add up to 9)
Hint([1,8]+[4,2] add up to 9)
Hint([0,4]+[7,5] add up to 9)
Hint([7,0]+[7,0] add up to 10)
