Level( 9, 6, 3, 1, 4, 8, 5, 7, 2, 7, 1, 2, 5, 9, 6, 3, 8, 4, 4, 5, 8, 7, 2, 3, 6, 1, 9, 5, 8, 7, 2, 6, 4, 9, 3, 1, 6, 2, 9, 8, 3, 1, 7, 4, 5, 1, 3, 4, 9, 5, 7, 2, 6, 8, 8, 9, 6, 4, 7, 2, 1, 5, 3, 3, 4, 5, 6, 1, 9, 8, 2, 7, 2, 7, 1, 3, 8, 5, 4, 9, 6 )
Visible( 1, 0, 0, 1, 0, 0, 0, 1, 0, 0, 0, 0, 0, 0, 0, 0, 0, 1, 0, 0, 0, 0, 0, 1, 1, 0, 1, 0, 1, 0, 0, 0, 1, 0, 1, 0, 0, 0, 1, 0, 1, 0, 0, 0, 1, 1, 0, 0, 1, 0, 1, 1, 1, 0, 0, 0, 1, 0, 0, 0, 0, 1, 0, 1, 1, 1, 0, 1, 0, 0, 0, 0, 0, 1, 0, 0, 0, 0, 0, 0, 0 )
Hint([7,5]+[0,3]+[4,5] add up to 13)
Hint([6,1]+[6,0]+[0,1] add up to 12)
Hint([4,0]+[5,5] add up to 9)
Hint([6,3]+[0,6] add up to 15)
Hint([6,2]+[4,3] add up to 10)
Hint([8,4]+[2,5] add up to 7)
Hint([0,0]+[3,1]+[4,7] add up to 12)
Hint([1,7]+[4,1]+[0,3] add up to 15)
Hint([7,2]+[8,7]+[8,1] add up to 9)
Hint([5,0]+[0,1]+[4,3] add up to 18)
