Level( 1, 6, 3, 4, 2, 8, 9, 5, 7, 9, 8, 2, 3, 5, 7, 1, 6, 4, 7, 4, 5, 1, 6, 9, 2, 8, 3, 6, 9, 4, 8, 3, 5, 7, 2, 1, 3, 1, 8, 2, 7, 4, 5, 9, 6, 5, 2, 7, 6, 9, 1, 4, 3, 8, 2, 7, 6, 9, 1, 3, 8, 4, 5, 4, 5, 9, 7, 8, 6, 3, 1, 2, 8, 3, 1, 5, 4, 2, 6, 7, 9 )
Visible( 0, 0, 1, 0, 0, 1, 1, 0, 0, 0, 0, 1, 0, 1, 0, 0, 1, 0, 1, 0, 0, 0, 0, 0, 0, 1, 0, 0, 1, 1, 0, 0, 0, 0, 1, 1, 0, 0, 0, 1, 0, 0, 0, 0, 0, 1, 0, 0, 1, 0, 1, 0, 0, 0, 1, 0, 0, 0, 0, 0, 0, 0, 1, 0, 0, 1, 0, 1, 0, 1, 1, 0, 0, 1, 0, 0, 0, 0, 1, 0, 0 )
Hint([7,0]+[8,2]+[4,8] add up to 9)
Hint([5,2]+[7,5]+[1,2] add up to 13)
Hint([4,3]+[6,2] add up to 3)
Hint([6,0]+[8,8] add up to 16)
Hint([6,6]+[5,4] add up to 10)
Hint([8,2]+[2,0] add up to 4)
Hint([2,5]+[4,3] add up to 8)
Hint([5,7]+[1,4]+[3,8] add up to 9)
Hint([0,7]+[7,7] add up to 3)
Hint([0,6]+[0,6] add up to 2)
