Level( 8, 7, 1, 4, 3, 2, 5, 6, 9, 4, 6, 3, 7, 9, 5, 1, 8, 2, 5, 2, 9, 8, 6, 1, 7, 4, 3, 6, 4, 2, 5, 7, 8, 9, 3, 1, 1, 9, 5, 6, 2, 3, 8, 7, 4, 3, 8, 7, 9, 1, 4, 2, 5, 6, 2, 1, 4, 3, 5, 7, 6, 9, 8, 7, 3, 6, 1, 8, 9, 4, 2, 5, 9, 5, 8, 2, 4, 6, 3, 1, 7 )
Visible( 0, 0, 1, 1, 0, 1, 1, 1, 0, 1, 0, 0, 0, 0, 1, 0, 0, 1, 1, 0, 0, 0, 0, 1, 0, 0, 1, 0, 0, 0, 0, 0, 0, 0, 1, 0, 1, 0, 1, 0, 0, 0, 1, 0, 0, 0, 1, 1, 0, 0, 0, 0, 0, 0, 0, 1, 1, 1, 0, 0, 0, 1, 1, 0, 1, 0, 0, 1, 0, 0, 1, 0, 0, 0, 0, 0, 1, 0, 0, 0, 0 )
Hint([6,0]+[8,8]+[5,3] add up to 17)
Hint([5,1]+[6,3]+[1,0] add up to 18)
Hint([6,1]+[5,7] add up to 8)
Hint([7,4]+[0,4] add up to 6)
Hint([6,1]+[3,4] add up to 5)
Hint([0,1]+[1,1] add up to 8)
Hint([1,8]+[5,6]+[5,4] add up to 12)
Hint([1,8]+[4,5]+[1,3] add up to 7)
Hint([6,0]+[8,7]+[8,6] add up to 15)
Hint([5,3]+[1,8] add up to 11)
