Level( 5, 6, 9, 1, 4, 8, 7, 2, 3, 7, 2, 1, 3, 9, 5, 4, 6, 8, 3, 8, 4, 2, 6, 7, 1, 9, 5, 9, 4, 5, 7, 8, 2, 6, 3, 1, 6, 3, 7, 9, 5, 1, 8, 4, 2, 2, 1, 8, 4, 3, 6, 9, 5, 7, 8, 9, 2, 6, 7, 3, 5, 1, 4, 1, 5, 6, 8, 2, 4, 3, 7, 9, 4, 7, 3, 5, 1, 9, 2, 8, 6 )
Visible( 0, 0, 0, 0, 1, 1, 0, 1, 1, 1, 0, 1, 0, 0, 0, 0, 1, 0, 0, 0, 0, 0, 0, 0, 0, 0, 0, 0, 0, 1, 1, 0, 0, 0, 1, 0, 0, 0, 0, 1, 1, 0, 0, 0, 1, 1, 1, 1, 0, 0, 0, 0, 0, 1, 0, 0, 0, 0, 1, 0, 1, 0, 1, 0, 1, 1, 1, 0, 0, 0, 0, 0, 0, 0, 1, 0, 0, 0, 0, 0, 0 )
Hint([7,7]+[1,2]+[4,4] add up to 17)
Hint([6,5]+[7,4]+[1,2] add up to 18)
Hint([5,5]+[6,5] add up to 13)
Hint([6,5]+[0,1] add up to 14)
Hint([7,0]+[3,2] add up to 2)
Hint([0,3]+[2,7] add up to 13)
Hint([1,4]+[4,6]+[5,0] add up to 15)
Hint([8,7]+[4,7] add up to 9)
Hint([0,6]+[7,5] add up to 11)
Hint([8,0]+[7,1] add up to 7)
