Level( A, 9, C, 6, 0, 8, F, 1, B, 2, 4, 3, D, 5, E, 7, 1, 2, 0, 3, D, 6, 4, B, A, E, 5, 7, 9, C, 8, F, F, D, 8, 5, E, 2, 7, 3, 1, 6, C, 9, 0, 4, B, A, B, E, 4, 7, 5, 9, A, C, 0, 8, D, F, 6, 1, 3, 2, 9, C, A, 8, 3, B, 0, 4, E, D, 2, 5, F, 7, 6, 1, 0, 7, 5, 2, A, C, 1, 6, 3, 9, F, 4, B, 8, D, E, E, 6, B, 1, F, 7, D, 9, C, 0, 8, A, 3, 2, 4, 5, D, F, 3, 4, 8, E, 5, 2, 6, B, 7, 1, C, 0, A, 9, 3, 1, E, 9, 4, F, C, A, 8, 5, B, 6, 7, D, 2, 0, 2, 4, D, 0, 6, 5, 9, 8, 7, 1, 3, E, A, B, F, C, C, 8, 7, B, 1, 3, 2, D, 4, F, A, 0, E, 9, 5, 6, 6, 5, F, A, 7, 0, B, E, D, C, 9, 2, 8, 3, 1, 4, 7, A, 2, C, B, 1, 6, 0, 5, 3, E, D, 4, F, 9, 8, 4, B, 9, D, C, A, E, 5, F, 7, 1, 8, 2, 6, 0, 3, 8, 0, 1, E, 2, D, 3, F, 9, 4, 6, C, 5, A, 7, B, 5, 3, 6, F, 9, 4, 8, 7, 2, A, 0, B, 1, E, C, D )
Visible( 0, 1, 1, 1, 0, 0, 1, 0, 0, 1, 1, 1, 0, 0, 0, 1, 1, 1, 0, 0, 1, 0, 0, 0, 1, 1, 0, 0, 1, 0, 0, 0, 0, 0, 0, 1, 0, 0, 0, 0, 0, 1, 1, 0, 0, 0, 1, 0, 1, 1, 0, 0, 1, 0, 0, 0, 0, 0, 1, 0, 1, 0, 0, 0, 0, 1, 1, 0, 0, 0, 1, 1, 1, 0, 0, 1, 0, 1, 0, 1, 0, 0, 0, 0, 0, 0, 0, 0, 0, 1, 0, 1, 1, 1, 1, 1, 0, 0, 0, 1, 0, 1, 1, 0, 0, 1, 1, 1, 1, 0, 0, 1, 1, 1, 1, 0, 0, 0, 1, 0, 0, 0, 0, 1, 1, 1, 1, 1, 1, 0, 0, 0, 0, 0, 1, 0, 0, 1, 0, 1, 1, 1, 1, 1, 1, 0, 1, 1, 0, 1, 0, 0, 0, 1, 1, 0, 0, 0, 1, 1, 1, 0, 1, 0, 0, 1, 0, 0, 1, 0, 1, 1, 1, 1, 0, 1, 1, 0, 1, 0, 0, 0, 0, 1, 0, 0, 1, 0, 1, 0, 1, 0, 0, 0, 1, 1, 0, 0, 0, 0, 1, 1, 0, 1, 0, 1, 1, 0, 0, 1, 0, 0, 1, 0, 1, 1, 0, 0, 0, 1, 0, 0, 0, 1, 0, 0, 0, 1, 1, 0, 0, 1, 1, 0, 1, 1, 1, 0, 0, 1, 1, 0, 0, 1, 1, 0, 1, 1, 1, 1, 0, 1, 1, 1, 1, 0 )
Hint([12,9]+[0,3]+[6,2] add up to 28)
Hint([9,2]+[12,6]+[2,5] add up to 14)
Hint([11,7]+[11,13] add up to 9)
Hint([11,10]+[1,6] add up to 6)
Hint([10,14]+[10,4] add up to 8)
Hint([0,1]+[3,14] add up to 15)
Hint([4,2]+[6,11]+[9,9] add up to 26)
Hint([1,8]+[6,7]+[1,7] add up to 21)
Hint([11,8]+[0,0] add up to 16)
Hint([14,14]+[10,8]+[3,5] add up to 20)
