Level( 2, 4, 7, 5, 8, 3, 1, 6, 9, 3, 5, 1, 2, 6, 9, 4, 8, 7, 8, 6, 9, 4, 7, 1, 3, 2, 5, 6, 7, 8, 9, 1, 4, 5, 3, 2, 1, 9, 3, 6, 5, 2, 8, 7, 4, 4, 2, 5, 7, 3, 8, 9, 1, 6, 5, 3, 2, 8, 9, 6, 7, 4, 1, 9, 8, 4, 1, 2, 7, 6, 5, 3, 7, 1, 6, 3, 4, 5, 2, 9, 8 )
Visible( 1, 0, 0, 0, 0, 1, 0, 0, 0, 0, 0, 0, 1, 1, 0, 0, 0, 0, 0, 1, 0, 0, 0, 1, 0, 0, 0, 1, 0, 0, 0, 0, 1, 1, 1, 0, 1, 1, 0, 0, 1, 0, 0, 1, 0, 0, 0, 0, 1, 0, 0, 0, 1, 0, 1, 0, 0, 1, 0, 0, 1, 1, 0, 0, 1, 0, 1, 0, 1, 1, 1, 0, 0, 0, 0, 0, 0, 0, 0, 0, 1 )
Hint([7,3]+[0,4]+[4,6] add up to 10)
Hint([5,6]+[8,5]+[1,3] add up to 16)
Hint([5,6]+[6,3] add up to 9)
Hint([6,3]+[0,8] add up to 10)
Hint([7,3]+[4,6] add up to 10)
Hint([8,8]+[3,2] add up to 10)
Hint([2,3]+[3,5]+[5,4] add up to 14)
Hint([0,1]+[2,0]+[8,7] add up to 10)
Hint([5,0]+[8,8] add up to 9)
Hint([8,5]+[5,0] add up to 7)
