Level( 5, 9, 7, 6, 2, 3, 4, 1, 8, 1, 2, 4, 5, 8, 7, 6, 9, 3, 8, 6, 3, 9, 1, 4, 2, 5, 7, 4, 5, 2, 7, 3, 8, 1, 6, 9, 6, 1, 8, 2, 9, 5, 3, 7, 4, 3, 7, 9, 1, 4, 6, 8, 2, 5, 9, 3, 6, 8, 5, 1, 7, 4, 2, 2, 4, 1, 3, 7, 9, 5, 8, 6, 7, 8, 5, 4, 6, 2, 9, 3, 1 )
Visible( 0, 0, 0, 0, 1, 1, 0, 1, 0, 1, 0, 0, 0, 1, 0, 1, 0, 0, 0, 0, 0, 1, 0, 1, 0, 0, 0, 0, 0, 1, 0, 1, 0, 0, 0, 1, 0, 0, 1, 1, 1, 0, 1, 0, 0, 1, 0, 1, 0, 0, 0, 0, 0, 1, 0, 0, 1, 0, 0, 1, 1, 0, 0, 0, 0, 0, 0, 0, 0, 0, 1, 0, 1, 1, 0, 0, 0, 0, 0, 1, 0 )
Hint([6,7]+[1,4]+[4,0] add up to 5)
Hint([6,3]+[7,5]+[1,4] add up to 1)
Hint([4,8]+[7,3] add up to 10)
Hint([7,7]+[1,6] add up to 9)
Hint([5,2]+[4,0] add up to 4)
Hint([8,1]+[2,4] add up to 9)
Hint([2,1]+[3,3]+[4,3] add up to 11)
Hint([0,3]+[3,2]+[0,5] add up to 13)
Hint([7,7]+[1,2] add up to 12)
Hint([7,0]+[3,7]+[2,1] add up to 5)
