Level( 5, 3, 7, 2, 4, 6, 1, 9, 8, 4, 1, 2, 8, 5, 9, 6, 3, 7, 9, 6, 8, 3, 7, 1, 2, 5, 4, 7, 8, 5, 6, 9, 4, 3, 2, 1, 1, 2, 9, 5, 3, 7, 8, 4, 6, 3, 4, 6, 1, 2, 8, 5, 7, 9, 6, 5, 4, 7, 8, 2, 9, 1, 3, 2, 7, 1, 9, 6, 3, 4, 8, 5, 8, 9, 3, 4, 1, 5, 7, 6, 2 )
Visible( 0, 0, 1, 0, 0, 0, 0, 0, 1, 0, 0, 1, 0, 1, 0, 0, 1, 0, 1, 1, 1, 0, 1, 0, 0, 0, 1, 0, 0, 0, 0, 1, 0, 1, 1, 0, 0, 0, 0, 0, 0, 0, 1, 0, 0, 0, 1, 1, 0, 0, 0, 0, 0, 0, 0, 0, 0, 0, 1, 1, 1, 0, 0, 0, 0, 0, 0, 0, 1, 0, 0, 0, 0, 0, 1, 1, 0, 0, 0, 1, 0 )
Hint([8,3]+[0,0]+[3,2] add up to 6)
Hint([7,7]+[8,3]+[1,8] add up to 15)
Hint([4,3]+[6,1] add up to 13)
Hint([6,4]+[0,4] add up to 7)
Hint([7,3]+[4,1] add up to 5)
Hint([8,7]+[3,1] add up to 11)
Hint([2,3]+[3,6]+[5,5] add up to 17)
Hint([1,0]+[2,2]+[0,4] add up to 9)
Hint([7,1]+[8,0] add up to 9)
Hint([0,4]+[4,2]+[1,2] add up to 11)
