Level( 8, 7, 4, 6, 3, 9, 2, 1, 5, 2, 6, 3, 4, 1, 5, 8, 7, 9, 1, 9, 5, 7, 8, 2, 6, 4, 3, 5, 8, 7, 1, 2, 3, 4, 9, 6, 9, 1, 2, 5, 6, 4, 7, 3, 8, 3, 4, 6, 9, 7, 8, 5, 2, 1, 6, 3, 1, 8, 4, 7, 9, 5, 2, 4, 2, 9, 3, 5, 6, 1, 8, 7, 7, 5, 8, 2, 9, 1, 3, 6, 4 )
Visible( 0, 1, 0, 0, 1, 0, 1, 0, 0, 0, 1, 1, 0, 0, 1, 0, 0, 1, 1, 1, 0, 0, 0, 0, 0, 1, 0, 0, 0, 0, 1, 0, 1, 1, 0, 0, 0, 0, 0, 0, 0, 0, 0, 0, 0, 0, 0, 0, 0, 1, 0, 1, 1, 1, 0, 0, 0, 1, 0, 0, 0, 0, 0, 1, 0, 1, 0, 0, 0, 0, 1, 0, 0, 1, 0, 0, 1, 0, 1, 0, 0 )
Hint([7,0]+[8,7]+[5,3] add up to 8)
Hint([7,6]+[8,6]+[2,0] add up to 8)
Hint([5,8]+[7,4] add up to 2)
Hint([5,7]+[1,2] add up to 13)
Hint([5,5]+[5,2] add up to 8)
Hint([0,4]+[2,0] add up to 11)
Hint([2,6]+[4,6] add up to 3)
Hint([5,4]+[0,2]+[2,4] add up to 4)
Hint([8,0]+[5,3] add up to 6)
Hint([8,1]+[7,0] add up to 8)
