Level( 4, 2, 7, 3, 5, 1, 8, 6, 9, 5, 8, 6, 2, 7, 9, 1, 3, 4, 3, 1, 9, 4, 6, 8, 2, 7, 5, 8, 5, 4, 7, 9, 6, 3, 1, 2, 1, 9, 2, 8, 3, 5, 7, 4, 6, 6, 7, 3, 1, 2, 4, 5, 9, 8, 9, 6, 1, 5, 8, 7, 4, 2, 3, 7, 3, 8, 9, 4, 2, 6, 5, 1, 2, 4, 5, 6, 1, 3, 9, 8, 7 )
Visible( 0, 0, 0, 0, 0, 1, 0, 1, 0, 0, 1, 1, 1, 0, 1, 0, 0, 0, 1, 0, 0, 0, 0, 0, 0, 1, 0, 1, 0, 0, 0, 0, 0, 0, 1, 1, 0, 1, 0, 0, 1, 0, 0, 0, 0, 1, 1, 0, 0, 0, 0, 1, 0, 1, 0, 0, 0, 0, 0, 0, 0, 0, 0, 0, 0, 0, 1, 1, 0, 0, 0, 1, 1, 0, 1, 1, 0, 0, 0, 0, 1 )
Hint([8,5]+[0,8]+[5,0] add up to 8)
Hint([6,3]+[7,2]+[0,5] add up to 13)
Hint([5,1]+[5,4] add up to 12)
Hint([6,6]+[1,8] add up to 6)
Hint([5,5]+[5,1] add up to 11)
Hint([8,7]+[3,0] add up to 2)
Hint([0,0]+[3,0] add up to 5)
Hint([4,0]+[8,8] add up to 10)
Hint([2,6]+[0,5] add up to 5)
Hint([0,5]+[7,6]+[0,6] add up to 14)
