Level( 7, 6, 1, 3, 9, 5, 2, 4, 8, 9, 5, 2, 6, 4, 8, 3, 7, 1, 8, 4, 3, 1, 2, 7, 9, 6, 5, 6, 2, 9, 7, 8, 1, 5, 3, 4, 3, 1, 5, 4, 6, 9, 8, 2, 7, 4, 7, 8, 5, 3, 2, 1, 9, 6, 1, 3, 7, 2, 5, 4, 6, 8, 9, 5, 9, 6, 8, 7, 3, 4, 1, 2, 2, 8, 4, 9, 1, 6, 7, 5, 3 )
Visible( 0, 0, 1, 1, 0, 0, 0, 0, 1, 0, 0, 0, 0, 1, 0, 0, 0, 1, 0, 1, 0, 1, 1, 0, 0, 0, 0, 1, 0, 0, 0, 0, 0, 1, 0, 0, 1, 0, 0, 0, 0, 1, 0, 0, 1, 0, 0, 0, 1, 0, 0, 1, 1, 0, 0, 0, 0, 0, 0, 0, 1, 0, 1, 1, 0, 0, 0, 1, 0, 0, 0, 0, 1, 1, 0, 0, 0, 1, 0, 1, 0 )
Hint([6,4]+[0,6]+[5,3] add up to 7)
Hint([7,5]+[7,1]+[0,8] add up to 15)
Hint([4,4]+[6,6] add up to 10)
Hint([7,6]+[1,7] add up to 15)
Hint([6,0]+[3,4] add up to 4)
Hint([1,4]+[2,8] add up to 3)
Hint([2,7]+[5,0]+[3,6] add up to 10)
Hint([8,7]+[4,6]+[1,4] add up to 5)
Hint([6,6]+[0,8] add up to 6)
Hint([8,3]+[4,6] add up to 7)
