Level( 1, 2, 8, 3, 5, 6, 4, 7, 9, 3, 4, 9, 7, 8, 1, 2, 5, 6, 5, 7, 6, 9, 4, 2, 1, 8, 3, 2, 9, 5, 1, 3, 4, 7, 6, 8, 6, 1, 7, 5, 9, 8, 3, 2, 4, 4, 8, 3, 6, 2, 7, 5, 9, 1, 7, 6, 4, 8, 1, 5, 9, 3, 2, 9, 5, 1, 2, 6, 3, 8, 4, 7, 8, 3, 2, 4, 7, 9, 6, 1, 5 )
Visible( 0, 0, 1, 0, 0, 0, 1, 1, 0, 1, 0, 1, 1, 0, 1, 0, 0, 0, 1, 0, 0, 1, 1, 0, 0, 0, 0, 0, 0, 0, 1, 0, 1, 0, 0, 0, 0, 0, 1, 0, 0, 1, 1, 1, 0, 0, 0, 1, 0, 0, 0, 0, 0, 0, 0, 0, 0, 0, 0, 0, 1, 0, 0, 0, 0, 0, 1, 1, 0, 1, 0, 0, 0, 0, 0, 0, 0, 0, 1, 1, 1 )
Hint([7,6]+[0,0]+[3,7] add up to 3)
Hint([6,0]+[6,5]+[1,7] add up to 11)
Hint([4,8]+[7,4] add up to 7)
Hint([5,8]+[1,4] add up to 8)
Hint([6,7]+[5,5] add up to 13)
Hint([8,3]+[2,3] add up to 11)
Hint([1,1]+[3,1]+[4,6] add up to 9)
Hint([1,7]+[4,2]+[0,0] add up to 7)
Hint([7,5]+[0,0]+[6,7] add up to 15)
Hint([3,3]+[1,6] add up to 5)
