Level( 3, 2, 9, 1, 5, 6, 4, 7, 8, 1, 5, 8, 4, 9, 7, 3, 6, 2, 7, 4, 6, 8, 2, 3, 1, 5, 9, 8, 7, 1, 3, 6, 5, 9, 2, 4, 4, 9, 5, 7, 8, 2, 6, 3, 1, 6, 3, 2, 9, 4, 1, 5, 8, 7, 9, 6, 7, 5, 1, 8, 2, 4, 3, 2, 8, 4, 6, 3, 9, 7, 1, 5, 5, 1, 3, 2, 7, 4, 8, 9, 6 )
Visible( 1, 0, 0, 1, 0, 0, 0, 1, 0, 1, 1, 0, 1, 0, 0, 0, 0, 0, 0, 0, 0, 0, 0, 1, 0, 0, 1, 0, 0, 0, 0, 0, 1, 0, 1, 0, 0, 0, 0, 1, 1, 0, 1, 1, 0, 0, 0, 0, 0, 0, 0, 0, 1, 1, 1, 0, 1, 0, 0, 0, 1, 1, 0, 0, 1, 1, 1, 0, 0, 1, 0, 1, 0, 0, 0, 0, 0, 0, 0, 0, 0 )
Hint([7,6]+[0,0]+[3,2] add up to 12)
Hint([5,7]+[8,6]+[2,3] add up to 10)
Hint([5,2]+[6,1] add up to 4)
Hint([6,5]+[0,7] add up to 5)
Hint([7,1]+[3,1] add up to 8)
Hint([8,7]+[3,1] add up to 7)
Hint([2,7]+[5,5]+[5,0] add up to 8)
Hint([8,7]+[4,5] add up to 7)
Hint([0,4]+[7,1] add up to 8)
Hint([8,2]+[7,1]+[4,7] add up to 15)
