Level( 4, 5, 1, 8, 6, 7, 2, 9, 3, 8, 9, 3, 5, 2, 4, 1, 7, 6, 7, 6, 2, 9, 3, 1, 5, 4, 8, 3, 8, 9, 4, 7, 2, 6, 1, 5, 5, 1, 7, 6, 8, 9, 4, 3, 2, 2, 4, 6, 1, 5, 3, 9, 8, 7, 1, 7, 8, 2, 4, 6, 3, 5, 9, 9, 2, 5, 3, 1, 8, 7, 6, 4, 6, 3, 4, 7, 9, 5, 8, 2, 1 )
Visible( 0, 0, 0, 1, 0, 1, 0, 1, 0, 0, 1, 0, 0, 1, 0, 0, 1, 0, 0, 1, 0, 0, 0, 0, 1, 0, 0, 1, 1, 1, 0, 0, 0, 0, 0, 1, 0, 0, 0, 1, 0, 0, 0, 1, 1, 0, 1, 0, 1, 0, 0, 0, 0, 0, 0, 1, 0, 1, 1, 0, 0, 0, 1, 0, 0, 0, 0, 0, 0, 0, 1, 0, 1, 0, 0, 1, 0, 1, 0, 0, 0 )
Hint([6,7]+[1,7]+[5,5] add up to 9)
Hint([5,7]+[8,6]+[2,8] add up to 18)
Hint([5,4]+[6,1] add up to 8)
Hint([5,8]+[1,1] add up to 12)
Hint([7,3]+[4,1] add up to 1)
Hint([8,1]+[2,8] add up to 8)
Hint([1,0]+[3,4]+[4,8] add up to 17)
Hint([8,5]+[3,3]+[0,1] add up to 16)
Hint([6,7]+[1,4]+[7,1] add up to 12)
Hint([3,8]+[3,6]+[6,0] add up to 8)
