Level( 5, 1, 6, 7, 9, 2, 3, 8, 4, 2, 3, 9, 8, 5, 4, 1, 6, 7, 4, 7, 8, 3, 1, 6, 2, 5, 9, 3, 8, 7, 2, 4, 9, 6, 1, 5, 6, 2, 4, 5, 7, 1, 9, 3, 8, 1, 9, 5, 6, 3, 8, 7, 4, 2, 8, 4, 1, 9, 2, 3, 5, 7, 6, 9, 5, 3, 4, 6, 7, 8, 2, 1, 7, 6, 2, 1, 8, 5, 4, 9, 3 )
Visible( 0, 0, 0, 1, 1, 0, 0, 1, 0, 0, 1, 0, 0, 0, 0, 0, 1, 0, 1, 1, 0, 1, 0, 0, 0, 0, 0, 0, 0, 0, 0, 1, 0, 0, 0, 1, 1, 0, 0, 0, 0, 0, 0, 0, 0, 0, 1, 1, 0, 1, 0, 0, 0, 0, 0, 0, 1, 0, 0, 0, 1, 0, 0, 0, 0, 0, 0, 0, 1, 0, 0, 1, 0, 0, 1, 0, 1, 1, 1, 1, 0 )
Hint([7,4]+[0,7]+[5,4] add up to 10)
Hint([7,8]+[8,2]+[0,3] add up to 18)
Hint([6,0]+[5,7] add up to 8)
Hint([7,4]+[0,2] add up to 5)
Hint([6,0]+[3,5] add up to 7)
Hint([8,6]+[3,0] add up to 11)
Hint([1,7]+[5,8] add up to 8)
Hint([5,2]+[0,5]+[3,0] add up to 11)
Hint([8,7]+[7,6] add up to 6)
Hint([8,3]+[8,8] add up to 6)
