Level( 1, 7, 6, 2, 5, 3, 9, 4, 8, 9, 3, 8, 4, 1, 7, 2, 6, 5, 2, 5, 4, 6, 9, 8, 7, 3, 1, 6, 2, 5, 3, 4, 9, 8, 1, 7, 8, 4, 7, 1, 2, 5, 3, 9, 6, 3, 1, 9, 7, 8, 6, 5, 2, 4, 7, 8, 3, 9, 6, 4, 1, 5, 2, 5, 6, 2, 8, 3, 1, 4, 7, 9, 4, 9, 1, 5, 7, 2, 6, 8, 3 )
Visible( 0, 1, 1, 0, 1, 0, 0, 0, 0, 0, 0, 0, 0, 0, 0, 1, 0, 0, 1, 0, 0, 0, 0, 0, 0, 1, 1, 0, 0, 0, 0, 0, 0, 1, 0, 0, 0, 1, 0, 0, 0, 0, 0, 1, 1, 0, 1, 1, 1, 0, 0, 1, 0, 0, 0, 1, 0, 1, 0, 1, 0, 0, 1, 1, 0, 0, 1, 0, 0, 0, 0, 0, 0, 0, 1, 1, 1, 0, 1, 1, 0 )
Hint([8,7]+[1,5]+[5,8] add up to 9)
Hint([5,6]+[8,2]+[1,1] add up to 5)
Hint([5,2]+[6,3] add up to 14)
Hint([7,1]+[8,3] add up to 11)
Hint([5,1]+[3,2] add up to 11)
Hint([1,7]+[3,7] add up to 12)
Hint([2,3]+[4,5]+[5,0] add up to 13)
Hint([8,2]+[2,8] add up to 0)
Hint([7,8]+[8,0] add up to 14)
Hint([7,4]+[8,1]+[3,0] add up to 13)
