Level( 7, 3, 6, 8, 1, 9, 5, 4, 2, 9, 8, 2, 4, 5, 3, 1, 6, 7, 1, 5, 4, 7, 2, 6, 8, 9, 3, 8, 7, 3, 9, 6, 1, 4, 2, 5, 4, 6, 9, 5, 8, 2, 7, 3, 1, 5, 2, 1, 3, 7, 4, 6, 8, 9, 2, 4, 8, 1, 3, 7, 9, 5, 6, 3, 1, 5, 6, 9, 8, 2, 7, 4, 6, 9, 7, 2, 4, 5, 3, 1, 8 )
Visible( 1, 1, 0, 0, 0, 0, 1, 0, 0, 1, 0, 1, 1, 0, 0, 0, 0, 1, 0, 0, 1, 0, 0, 0, 1, 0, 0, 0, 0, 0, 1, 0, 1, 1, 0, 0, 0, 1, 0, 0, 0, 0, 0, 0, 0, 0, 0, 1, 0, 0, 0, 0, 1, 0, 1, 0, 0, 0, 0, 1, 1, 0, 1, 0, 0, 1, 0, 0, 1, 0, 1, 0, 1, 0, 0, 0, 0, 1, 0, 1, 0 )
Hint([7,2]+[8,1]+[3,2] add up to 20)
Hint([7,0]+[6,5]+[2,6] add up to 15)
Hint([4,1]+[5,7] add up to 11)
Hint([5,8]+[1,4] add up to 9)
Hint([6,3]+[4,3] add up to 8)
Hint([0,7]+[3,2] add up to 8)
Hint([3,6]+[4,8]+[5,6] add up to 9)
Hint([0,5]+[3,0]+[0,6] add up to 12)
Hint([7,4]+[0,4] add up to 5)
Hint([8,3]+[4,1]+[1,0] add up to 10)
