Level( 9, 6, 7, 8, 1, 2, 4, 5, 3, 2, 3, 5, 4, 6, 9, 7, 1, 8, 1, 4, 8, 3, 5, 7, 9, 6, 2, 7, 9, 4, 5, 3, 6, 8, 2, 1, 8, 2, 3, 1, 9, 4, 6, 7, 5, 6, 5, 1, 2, 7, 8, 3, 4, 9, 3, 8, 2, 6, 4, 5, 1, 9, 7, 4, 1, 9, 7, 2, 3, 5, 8, 6, 5, 7, 6, 9, 8, 1, 2, 3, 4 )
Visible( 0, 0, 0, 0, 1, 0, 1, 0, 0, 1, 0, 1, 0, 0, 0, 0, 0, 0, 0, 1, 0, 0, 0, 1, 0, 0, 0, 1, 0, 0, 1, 0, 1, 0, 0, 0, 0, 0, 1, 0, 1, 1, 0, 0, 0, 0, 1, 0, 1, 0, 0, 0, 1, 0, 1, 0, 0, 1, 0, 0, 0, 1, 1, 0, 1, 0, 0, 0, 0, 1, 1, 0, 0, 1, 0, 0, 0, 1, 1, 1, 0 )
Hint([7,2]+[8,0]+[3,1] add up to 10)
Hint([6,3]+[7,8]+[2,7] add up to 17)
Hint([5,0]+[5,1] add up to 9)
Hint([7,6]+[0,1] add up to 9)
Hint([5,2]+[4,7] add up to 7)
Hint([0,0]+[1,4] add up to 9)
Hint([3,7]+[5,0]+[3,6] add up to 12)
Hint([0,3]+[3,3]+[0,7] add up to 13)
Hint([6,6]+[1,2] add up to 3)
Hint([7,7]+[5,2]+[1,8] add up to 19)
