Level( 6, 7, 9, 2, 3, 4, 1, 8, 5, 3, 2, 8, 5, 1, 9, 7, 6, 4, 4, 1, 5, 6, 8, 7, 9, 3, 2, 1, 6, 3, 8, 7, 2, 4, 5, 9, 9, 5, 2, 3, 4, 1, 6, 7, 8, 7, 8, 4, 9, 5, 6, 2, 1, 3, 2, 3, 1, 4, 6, 8, 5, 9, 7, 5, 9, 6, 7, 2, 3, 8, 4, 1, 8, 4, 7, 1, 9, 5, 3, 2, 6 )
Visible( 0, 0, 0, 1, 0, 1, 1, 1, 1, 0, 0, 1, 0, 0, 0, 1, 1, 0, 0, 0, 0, 0, 0, 1, 0, 0, 0, 0, 1, 1, 0, 0, 1, 0, 0, 1, 0, 0, 0, 0, 0, 0, 0, 0, 0, 1, 0, 1, 0, 0, 0, 1, 1, 0, 1, 0, 0, 0, 1, 0, 1, 0, 0, 1, 0, 0, 0, 0, 0, 0, 0, 0, 0, 0, 1, 0, 1, 0, 0, 0, 1 )
Hint([8,0]+[8,2]+[3,4] add up to 7)
Hint([6,2]+[7,1]+[0,5] add up to 19)
Hint([6,7]+[7,8] add up to 8)
Hint([7,1]+[8,1] add up to 8)
Hint([5,0]+[3,8] add up to 3)
Hint([8,3]+[2,6] add up to 8)
Hint([1,0]+[3,4]+[4,8] add up to 16)
Hint([1,3]+[3,0]+[8,4] add up to 13)
Hint([7,2]+[8,3] add up to 10)
Hint([7,1]+[4,2]+[1,6] add up to 14)
