Level( 9, 3, 2, 1, 5, 7, 4, 8, 6, 5, 7, 6, 8, 4, 9, 1, 2, 3, 8, 1, 4, 2, 3, 6, 9, 5, 7, 2, 9, 1, 5, 6, 4, 3, 7, 8, 3, 5, 8, 7, 1, 2, 6, 4, 9, 4, 6, 7, 3, 9, 8, 5, 1, 2, 6, 2, 5, 4, 7, 3, 8, 9, 1, 1, 8, 3, 9, 2, 5, 7, 6, 4, 7, 4, 9, 6, 8, 1, 2, 3, 5 )
Visible( 0, 0, 0, 0, 1, 0, 0, 0, 0, 1, 0, 0, 0, 0, 1, 0, 0, 1, 0, 1, 0, 0, 0, 0, 1, 0, 1, 0, 0, 0, 0, 1, 1, 0, 0, 0, 0, 1, 0, 1, 0, 0, 0, 0, 1, 1, 0, 1, 0, 0, 0, 1, 0, 1, 0, 0, 0, 0, 0, 1, 0, 0, 0, 1, 0, 0, 1, 1, 0, 0, 1, 0, 0, 0, 0, 1, 0, 1, 1, 0, 0 )
Hint([7,7]+[1,4]+[4,5] add up to 17)
Hint([7,5]+[7,4]+[1,8] add up to 6)
Hint([5,5]+[6,6] add up to 14)
Hint([6,1]+[8,4] add up to 8)
Hint([6,0]+[3,5] add up to 5)
Hint([1,7]+[3,7] add up to 15)
Hint([1,4]+[4,8]+[5,1] add up to 19)
Hint([0,3]+[3,8]+[2,1] add up to 11)
Hint([6,2]+[8,3]+[7,6] add up to 23)
Hint([5,3]+[1,3] add up to 11)
