Level( E, 9, 8, 6, D, 2, A, C, 0, 5, B, 7, 4, 1, F, 3, D, 1, A, 3, 4, B, 8, 5, F, 2, 6, E, C, 9, 0, 7, C, B, 7, 2, 6, 0, F, 1, 3, 4, 9, 8, A, 5, E, D, 5, F, 4, 0, E, 7, 9, 3, 1, A, C, D, 2, 6, B, 8, 3, D, 2, 1, 8, 4, 6, 0, 5, 7, A, B, E, F, 9, C, 0, 4, 5, 8, B, 9, 1, 7, C, E, 2, F, 3, D, A, 6, B, A, 6, E, C, D, 3, F, 9, 8, 4, 1, 7, 0, 5, 2, 9, C, F, 7, 2, 5, E, A, 6, 0, D, 3, 8, B, 1, 4, A, 0, B, 9, 1, E, 5, 6, 2, C, 8, 4, D, 7, 3, F, F, 8, C, 5, 7, A, B, 9, E, D, 3, 6, 1, 2, 4, 0, 7, 2, 3, D, 0, C, 4, 8, A, F, 1, 5, B, E, 6, 9, 6, E, 1, 4, F, 3, 2, D, B, 9, 7, 0, 5, 8, C, A, 8, 5, E, A, 9, 6, 7, B, D, 3, 0, C, F, 4, 2, 1, 2, 7, 0, F, 3, 8, C, E, 4, 1, 5, 9, 6, A, D, B, 1, 6, 9, C, A, F, D, 4, 7, B, E, 2, 0, 3, 8, 5, 4, 3, D, B, 5, 1, 0, 2, 8, 6, F, A, 9, C, 7, E )
Visible( 1, 0, 0, 1, 1, 0, 1, 1, 0, 1, 1, 1, 1, 1, 1, 0, 1, 1, 0, 1, 0, 1, 0, 1, 1, 0, 0, 0, 1, 1, 0, 1, 0, 0, 1, 0, 1, 0, 1, 0, 1, 0, 1, 1, 0, 1, 0, 0, 1, 0, 0, 1, 0, 0, 0, 0, 0, 0, 0, 1, 0, 0, 0, 0, 0, 1, 0, 0, 1, 1, 1, 0, 1, 0, 0, 1, 1, 0, 0, 0, 0, 0, 1, 0, 0, 0, 1, 1, 1, 0, 1, 1, 1, 1, 0, 1, 1, 0, 0, 1, 0, 0, 0, 0, 1, 1, 1, 0, 0, 1, 0, 1, 0, 0, 1, 0, 0, 1, 1, 0, 0, 1, 1, 0, 1, 1, 1, 1, 0, 1, 0, 1, 1, 1, 0, 0, 1, 0, 0, 1, 0, 1, 0, 0, 1, 1, 1, 1, 0, 0, 0, 1, 0, 0, 1, 0, 0, 1, 0, 0, 1, 0, 1, 1, 0, 0, 1, 1, 0, 1, 0, 0, 0, 0, 0, 0, 0, 1, 0, 1, 0, 0, 0, 0, 0, 0, 1, 0, 0, 0, 0, 1, 0, 1, 0, 0, 1, 0, 1, 1, 0, 0, 0, 1, 0, 1, 0, 1, 0, 1, 0, 1, 1, 0, 1, 0, 0, 1, 1, 0, 1, 0, 0, 0, 0, 1, 1, 0, 0, 1, 0, 0, 0, 0, 1, 1, 0, 1, 1, 1, 1, 0, 0, 0, 1, 0, 0, 0, 0, 1, 1, 0, 0, 0, 0, 1 )
Hint([15,4]+[15,5]+[7,10] add up to 26)
Hint([12,8]+[13,1]+[1,11] add up to 36)
Hint([7,3]+[10,8] add up to 11)
Hint([13,0]+[14,3] add up to 12)
Hint([10,5]+[7,15] add up to 4)
Hint([0,10]+[5,6] add up to 20)
Hint([4,6]+[7,11]+[9,10] add up to 40)
Hint([1,7]+[5,3]+[0,9] add up to 34)
Hint([13,13]+[2,13] add up to 10)
Hint([1,6]+[8,13]+[5,11] add up to 17)
