Level( 5, 3, 1, 7, 2, 9, 6, 8, 4, 7, 4, 9, 5, 8, 6, 3, 2, 1, 2, 6, 8, 1, 4, 3, 5, 7, 9, 6, 9, 3, 2, 5, 7, 4, 1, 8, 8, 2, 4, 6, 3, 1, 9, 5, 7, 1, 5, 7, 8, 9, 4, 2, 6, 3, 9, 7, 5, 3, 6, 8, 1, 4, 2, 4, 1, 6, 9, 7, 2, 8, 3, 5, 3, 8, 2, 4, 1, 5, 7, 9, 6 )
Visible( 0, 1, 0, 0, 1, 0, 1, 0, 0, 1, 1, 0, 1, 0, 0, 0, 0, 0, 1, 0, 1, 0, 0, 0, 0, 1, 0, 0, 0, 0, 0, 0, 0, 0, 1, 1, 0, 0, 0, 0, 1, 0, 0, 0, 0, 0, 0, 0, 1, 1, 0, 0, 0, 0, 0, 0, 1, 1, 0, 1, 0, 0, 1, 1, 0, 1, 1, 0, 0, 0, 0, 1, 0, 1, 0, 0, 1, 0, 0, 0, 0 )
Hint([8,7]+[1,7]+[5,0] add up to 12)
Hint([6,4]+[7,0]+[0,6] add up to 23)
Hint([5,1]+[5,6] add up to 12)
Hint([7,3]+[0,1] add up to 6)
Hint([6,5]+[5,5] add up to 4)
Hint([0,7]+[3,0] add up to 9)
Hint([1,5]+[4,3] add up to 8)
Hint([6,6]+[1,6]+[3,3] add up to 7)
Hint([1,7]+[8,6] add up to 1)
Hint([7,0]+[7,5] add up to 12)
