Level( 5, 9, 3, 8, 7, 2, 6, 4, 1, 8, 7, 4, 3, 1, 6, 5, 2, 9, 2, 6, 1, 5, 9, 4, 8, 3, 7, 7, 5, 9, 1, 2, 8, 3, 6, 4, 6, 1, 8, 9, 4, 3, 2, 7, 5, 3, 4, 2, 6, 5, 7, 1, 9, 8, 1, 2, 5, 7, 3, 9, 4, 8, 6, 4, 8, 7, 2, 6, 1, 9, 5, 3, 9, 3, 6, 4, 8, 5, 7, 1, 2 )
Visible( 1, 0, 0, 1, 1, 0, 0, 0, 0, 1, 1, 1, 1, 0, 0, 0, 0, 0, 0, 1, 0, 0, 0, 0, 0, 1, 0, 0, 0, 1, 0, 0, 0, 1, 1, 0, 0, 0, 0, 0, 1, 0, 1, 0, 0, 0, 1, 1, 0, 0, 1, 0, 1, 0, 0, 0, 0, 0, 1, 0, 0, 0, 0, 0, 0, 0, 0, 1, 1, 0, 1, 0, 0, 0, 0, 0, 1, 1, 1, 0, 0 )
Hint([7,2]+[8,4]+[4,6] add up to 8)
Hint([5,8]+[8,7]+[2,1] add up to 9)
Hint([4,3]+[6,0] add up to 6)
Hint([5,8]+[1,8] add up to 6)
Hint([6,3]+[4,0] add up to 8)
Hint([0,7]+[3,4] add up to 11)
Hint([2,6]+[4,6]+[5,5] add up to 12)
Hint([1,5]+[3,7]+[1,0] add up to 12)
Hint([6,2]+[8,4]+[7,4] add up to 17)
Hint([4,8]+[3,4]+[5,2] add up to 18)
