Level( 9, 7, 3, 4, 8, 1, 2, 5, 6, 4, 6, 8, 7, 2, 5, 9, 3, 1, 2, 1, 5, 6, 9, 3, 4, 8, 7, 3, 9, 6, 8, 7, 2, 1, 4, 5, 5, 8, 1, 3, 4, 6, 7, 9, 2, 7, 2, 4, 5, 1, 9, 3, 6, 8, 6, 4, 7, 1, 3, 8, 5, 2, 9, 8, 3, 2, 9, 5, 7, 6, 1, 4, 1, 5, 9, 2, 6, 4, 8, 7, 3 )
Visible( 0, 0, 0, 0, 1, 1, 0, 1, 1, 0, 0, 1, 0, 1, 0, 0, 0, 0, 1, 1, 0, 0, 0, 0, 0, 0, 0, 0, 0, 0, 0, 0, 0, 1, 0, 0, 0, 1, 1, 0, 0, 1, 0, 0, 0, 1, 1, 0, 1, 0, 0, 1, 1, 0, 1, 0, 0, 0, 0, 0, 0, 1, 0, 0, 0, 0, 1, 0, 0, 0, 0, 1, 1, 0, 0, 1, 0, 1, 0, 1, 0 )
Hint([7,4]+[0,2]+[4,6] add up to 11)
Hint([5,7]+[8,3]+[1,4] add up to 17)
Hint([5,5]+[6,5] add up to 10)
Hint([6,0]+[8,0] add up to 6)
Hint([5,3]+[4,2] add up to 9)
Hint([0,7]+[3,3] add up to 14)
Hint([2,7]+[5,8]+[6,1] add up to 12)
Hint([0,8]+[4,4]+[1,8] add up to 7)
Hint([6,0]+[8,6] add up to 9)
Hint([0,4]+[4,6]+[2,8] add up to 14)
