Level( 9, 1, 5, 3, 6, 2, 4, 8, 7, 4, 2, 8, 7, 1, 9, 3, 6, 5, 7, 6, 3, 8, 5, 4, 9, 1, 2, 1, 8, 9, 5, 4, 6, 2, 7, 3, 6, 3, 4, 2, 8, 7, 1, 5, 9, 2, 5, 7, 9, 3, 1, 8, 4, 6, 8, 4, 2, 6, 9, 5, 7, 3, 1, 5, 7, 1, 4, 2, 3, 6, 9, 8, 3, 9, 6, 1, 7, 8, 5, 2, 4 )
Visible( 0, 1, 0, 0, 0, 1, 0, 0, 0, 0, 1, 0, 0, 0, 0, 1, 0, 1, 0, 1, 0, 0, 1, 1, 0, 0, 0, 1, 0, 0, 1, 1, 0, 0, 1, 0, 1, 1, 0, 0, 1, 0, 1, 0, 0, 1, 0, 0, 0, 0, 0, 1, 0, 1, 1, 0, 0, 0, 1, 0, 0, 0, 0, 0, 1, 0, 0, 0, 0, 0, 1, 0, 0, 0, 0, 1, 0, 0, 0, 1, 0 )
Hint([7,6]+[0,6]+[5,1] add up to 17)
Hint([6,4]+[7,0]+[0,0] add up to 15)
Hint([4,7]+[7,0] add up to 8)
Hint([7,6]+[1,7] add up to 8)
Hint([5,2]+[4,5] add up to 5)
Hint([8,6]+[3,0] add up to 2)
Hint([2,5]+[4,1] add up to 6)
Hint([4,3]+[0,3] add up to 3)
Hint([1,5]+[0,7] add up to 8)
Hint([8,2]+[7,3]+[8,1] add up to 11)
