Level( 3, 1, 4, 8, 7, 2, 5, 6, 9, 7, 2, 9, 4, 5, 6, 8, 1, 3, 8, 5, 6, 3, 1, 9, 2, 7, 4, 5, 3, 8, 1, 2, 4, 6, 9, 7, 4, 6, 7, 5, 9, 8, 3, 2, 1, 2, 9, 1, 6, 3, 7, 4, 5, 8, 6, 4, 2, 9, 8, 1, 7, 3, 5, 1, 7, 3, 2, 4, 5, 9, 8, 6, 9, 8, 5, 7, 6, 3, 1, 4, 2 )
Visible( 1, 0, 1, 1, 0, 0, 0, 0, 1, 0, 0, 0, 1, 0, 1, 1, 0, 0, 0, 0, 0, 0, 1, 0, 0, 1, 0, 1, 0, 0, 0, 1, 0, 1, 0, 0, 0, 0, 0, 0, 0, 0, 0, 0, 0, 0, 0, 1, 0, 1, 1, 1, 1, 0, 1, 1, 0, 0, 0, 0, 0, 0, 0, 0, 1, 1, 0, 0, 0, 0, 0, 0, 0, 0, 0, 0, 0, 0, 1, 0, 1 )
Hint([6,8]+[1,0]+[3,1] add up to 3)
Hint([6,2]+[7,1]+[0,0] add up to 3)
Hint([5,6]+[6,4] add up to 2)
Hint([7,4]+[0,5] add up to 2)
Hint([6,0]+[3,7] add up to 5)
Hint([0,3]+[2,4] add up to 10)
Hint([0,5]+[4,2]+[4,3] add up to 2)
Hint([0,4]+[3,6]+[1,0] add up to 11)
Hint([5,3]+[0,6]+[8,8] add up to 9)
Hint([4,6]+[2,0] add up to 10)
