Level( C, 8, 2, 7, 1, A, E, D, B, 9, 3, 4, 6, 5, 0, F, 1, F, 6, 3, C, 0, 8, 4, 2, 7, 5, A, D, E, 9, B, 4, B, D, 0, 9, F, 3, 5, C, 1, E, 6, 7, 2, A, 8, 9, A, E, 5, B, 2, 7, 6, 8, 0, D, F, C, 1, 3, 4, 6, C, 0, B, 8, 5, 1, 2, 3, 4, 7, 9, A, D, F, E, 2, 1, A, 4, 6, E, D, 3, F, C, B, 5, 9, 8, 7, 0, 3, 9, F, D, A, 7, B, C, E, 2, 0, 8, 5, 6, 4, 1, 8, 5, 7, E, F, 9, 4, 0, 1, 6, A, D, 2, C, B, 3, 5, 6, 8, A, 0, 4, F, E, 9, D, 2, 1, B, 3, C, 7, E, 0, 1, C, 2, D, A, B, 6, 3, 4, 7, 8, F, 5, 9, 7, D, 3, F, 5, 6, 9, 8, A, B, C, 0, E, 4, 1, 2, B, 4, 9, 2, 3, 1, C, 7, 5, 8, F, E, 0, A, 6, D, 0, E, 5, 1, 7, C, 2, 9, D, F, 6, 3, 4, B, 8, A, A, 3, B, 6, 4, 8, 5, 1, 7, E, 9, 2, F, 0, D, C, F, 2, C, 9, D, 3, 0, A, 4, 5, 8, B, 1, 7, E, 6, D, 7, 4, 8, E, B, 6, F, 0, A, 1, C, 3, 9, 2, 5 )
Visible( 1, 0, 1, 1, 1, 0, 1, 0, 1, 0, 0, 0, 1, 1, 0, 1, 1, 0, 0, 1, 1, 1, 1, 0, 1, 1, 1, 0, 0, 1, 0, 0, 1, 0, 1, 1, 0, 0, 1, 0, 0, 0, 0, 0, 1, 0, 1, 1, 0, 0, 0, 0, 0, 0, 0, 0, 1, 0, 0, 1, 1, 1, 1, 0, 1, 0, 1, 1, 1, 1, 1, 0, 1, 1, 0, 0, 0, 0, 1, 0, 0, 1, 0, 1, 1, 0, 1, 0, 0, 0, 1, 1, 1, 1, 1, 1, 1, 0, 0, 1, 0, 1, 1, 0, 0, 0, 0, 1, 0, 0, 1, 1, 1, 0, 1, 1, 1, 0, 1, 0, 1, 0, 1, 1, 1, 1, 1, 1, 0, 0, 0, 0, 0, 1, 0, 0, 1, 1, 0, 0, 1, 0, 0, 1, 1, 0, 0, 0, 1, 0, 1, 1, 0, 0, 1, 0, 1, 0, 1, 1, 1, 0, 0, 0, 0, 0, 0, 0, 1, 0, 1, 0, 0, 1, 1, 0, 0, 0, 0, 0, 0, 1, 1, 0, 0, 0, 0, 1, 0, 0, 0, 0, 0, 0, 0, 1, 0, 1, 0, 0, 1, 0, 0, 0, 0, 0, 0, 0, 0, 0, 1, 0, 0, 1, 1, 1, 1, 0, 1, 1, 1, 0, 0, 0, 1, 0, 1, 0, 1, 0, 1, 1, 0, 1, 1, 1, 0, 1, 1, 1, 0, 0, 1, 1, 1, 0, 1, 1, 1, 1, 0, 1, 1, 0, 0, 0 )
Hint([13,14]+[2,5]+[7,1] add up to 21)
Hint([11,7]+[13,0]+[0,9] add up to 32)
Hint([10,2]+[10,3] add up to 27)
Hint([9,15]+[2,10] add up to 13)
Hint([12,6]+[8,1] add up to 7)
Hint([0,12]+[6,15] add up to 6)
Hint([2,12]+[8,15]+[10,1] add up to 10)
Hint([0,10]+[6,1] add up to 15)
Hint([2,1]+[10,7] add up to 16)
Hint([12,15]+[1,14] add up to 5)
