Level( 6, 7, 8, 1, 5, 9, 2, 4, 3, 9, 4, 1, 3, 2, 7, 5, 6, 8, 3, 5, 2, 8, 4, 6, 7, 1, 9, 7, 6, 4, 5, 3, 2, 9, 8, 1, 8, 9, 3, 4, 7, 1, 6, 2, 5, 2, 1, 5, 9, 6, 8, 3, 7, 4, 4, 2, 9, 6, 1, 5, 8, 3, 7, 1, 8, 7, 2, 9, 3, 4, 5, 6, 5, 3, 6, 7, 8, 4, 1, 9, 2 )
Visible( 0, 0, 1, 0, 0, 0, 0, 0, 0, 0, 0, 0, 0, 1, 0, 0, 1, 1, 0, 1, 0, 0, 1, 1, 0, 0, 0, 1, 0, 0, 0, 1, 0, 0, 1, 1, 1, 0, 0, 0, 0, 0, 1, 0, 0, 0, 0, 0, 1, 1, 0, 1, 0, 1, 0, 1, 1, 0, 1, 1, 0, 0, 0, 0, 0, 0, 0, 0, 0, 0, 0, 0, 0, 0, 1, 0, 1, 1, 0, 0, 1 )
Hint([8,5]+[0,6]+[5,0] add up to 14)
Hint([5,4]+[7,6]+[2,6] add up to 10)
Hint([6,3]+[6,3] add up to 16)
Hint([6,5]+[0,4] add up to 9)
Hint([6,6]+[5,6] add up to 11)
Hint([8,0]+[1,0] add up to 8)
Hint([1,7]+[5,3] add up to 8)
Hint([5,4]+[0,2]+[2,4] add up to 4)
Hint([0,5]+[7,7] add up to 5)
Hint([8,7]+[0,3] add up to 11)
