Level( 2, 6, 8, 7, 3, 9, 1, 4, 5, 9, 1, 5, 4, 2, 6, 3, 7, 8, 7, 4, 3, 1, 8, 5, 2, 9, 6, 1, 9, 6, 8, 5, 3, 7, 2, 4, 8, 7, 2, 6, 1, 4, 5, 3, 9, 5, 3, 4, 2, 9, 7, 8, 6, 1, 4, 2, 1, 3, 6, 8, 9, 5, 7, 6, 8, 9, 5, 7, 2, 4, 1, 3, 3, 5, 7, 9, 4, 1, 6, 8, 2 )
Visible( 1, 0, 1, 1, 0, 0, 0, 1, 1, 0, 1, 0, 0, 0, 0, 1, 0, 0, 1, 0, 0, 0, 0, 0, 0, 0, 0, 1, 0, 0, 0, 1, 0, 0, 0, 0, 1, 0, 0, 0, 0, 1, 0, 0, 1, 0, 1, 0, 0, 0, 1, 0, 1, 0, 0, 0, 0, 0, 1, 1, 0, 1, 0, 0, 0, 1, 0, 0, 0, 0, 0, 1, 0, 0, 0, 1, 0, 1, 0, 0, 1 )
Hint([7,3]+[0,5]+[4,5] add up to 13)
Hint([6,8]+[8,1]+[0,1] add up to 20)
Hint([4,1]+[5,3] add up to 3)
Hint([5,6]+[1,4] add up to 13)
Hint([7,2]+[4,8] add up to 11)
Hint([1,5]+[3,5] add up to 3)
Hint([2,5]+[4,7]+[5,1] add up to 14)
Hint([8,0]+[2,6]+[1,1] add up to 4)
Hint([6,1]+[8,1]+[6,6] add up to 17)
Hint([5,3]+[1,7] add up to 9)
