Level( 4, 5, 2, 3, 9, 8, 6, 1, 7, 8, 9, 1, 7, 4, 6, 5, 3, 2, 3, 6, 7, 1, 2, 5, 4, 8, 9, 7, 8, 6, 4, 5, 2, 3, 9, 1, 2, 1, 9, 6, 3, 7, 8, 5, 4, 5, 3, 4, 9, 8, 1, 2, 7, 6, 6, 2, 5, 8, 1, 9, 7, 4, 3, 9, 7, 3, 5, 6, 4, 1, 2, 8, 1, 4, 8, 2, 7, 3, 9, 6, 5 )
Visible( 0, 1, 1, 0, 0, 1, 0, 0, 1, 0, 0, 0, 1, 1, 0, 0, 0, 0, 1, 0, 0, 0, 0, 0, 0, 0, 1, 1, 0, 0, 1, 1, 0, 0, 1, 0, 0, 1, 0, 0, 0, 0, 0, 1, 1, 0, 1, 0, 0, 0, 1, 0, 0, 0, 0, 0, 1, 0, 0, 0, 0, 0, 0, 0, 1, 0, 0, 1, 0, 1, 0, 0, 0, 1, 1, 0, 0, 1, 0, 0, 0 )
Hint([8,6]+[0,7]+[5,7] add up to 13)
Hint([5,5]+[7,4]+[1,1] add up to 12)
Hint([5,3]+[6,1] add up to 5)
Hint([6,4]+[0,1] add up to 14)
Hint([6,1]+[3,7] add up to 8)
Hint([0,8]+[3,6] add up to 7)
Hint([1,8]+[5,2]+[4,3] add up to 11)
Hint([0,4]+[3,4]+[1,7] add up to 12)
Hint([7,8]+[1,6] add up to 6)
Hint([7,2]+[4,3]+[1,0] add up to 15)
