Level( 5, 1, 2, 7, 4, 6, 3, 9, 8, 6, 3, 7, 8, 9, 5, 4, 1, 2, 9, 4, 8, 1, 2, 3, 7, 5, 6, 4, 8, 1, 3, 6, 7, 9, 2, 5, 2, 7, 9, 5, 8, 4, 1, 6, 3, 3, 5, 6, 9, 1, 2, 8, 4, 7, 8, 6, 4, 2, 7, 9, 5, 3, 1, 7, 9, 5, 6, 3, 1, 2, 8, 4, 1, 2, 3, 4, 5, 8, 6, 7, 9 )
Visible( 0, 0, 0, 0, 0, 1, 0, 1, 0, 0, 0, 0, 1, 1, 1, 0, 1, 0, 0, 0, 1, 1, 0, 1, 0, 0, 0, 0, 0, 1, 0, 1, 0, 0, 0, 1, 0, 0, 0, 0, 1, 0, 0, 0, 0, 0, 1, 0, 0, 0, 0, 0, 1, 1, 0, 1, 1, 0, 1, 1, 0, 0, 0, 1, 1, 0, 0, 0, 0, 0, 1, 1, 0, 0, 1, 0, 0, 0, 0, 1, 0 )
Hint([8,6]+[0,8]+[5,4] add up to 3)
Hint([7,0]+[6,8]+[2,6] add up to 16)
Hint([4,2]+[5,7] add up to 1)
Hint([7,3]+[0,1] add up to 6)
Hint([6,3]+[4,4] add up to 15)
Hint([0,1]+[1,1] add up to 7)
Hint([1,3]+[4,6]+[5,0] add up to 18)
Hint([0,1]+[2,2] add up to 12)
Hint([8,3]+[6,0] add up to 6)
Hint([0,1]+[7,0]+[3,7] add up to 18)
