Level( 6, 2, 3, 9, 1, 5, 7, 4, 8, 1, 9, 5, 8, 7, 4, 6, 3, 2, 8, 4, 7, 2, 6, 3, 9, 1, 5, 5, 3, 8, 1, 9, 6, 2, 7, 4, 4, 7, 1, 5, 2, 8, 3, 9, 6, 9, 6, 2, 3, 4, 7, 5, 8, 1, 3, 8, 4, 7, 5, 2, 1, 6, 9, 2, 1, 6, 4, 3, 9, 8, 5, 7, 7, 5, 9, 6, 8, 1, 4, 2, 3 )
Visible( 0, 0, 1, 1, 1, 0, 1, 0, 0, 0, 1, 0, 1, 0, 0, 1, 0, 0, 1, 0, 0, 0, 1, 0, 0, 0, 1, 0, 0, 0, 0, 0, 0, 1, 0, 0, 0, 0, 1, 0, 0, 0, 0, 1, 0, 1, 0, 0, 1, 0, 1, 0, 0, 0, 0, 0, 0, 0, 0, 0, 0, 0, 0, 1, 0, 1, 0, 0, 1, 1, 1, 0, 0, 1, 0, 0, 0, 1, 0, 0, 1 )
Hint([6,5]+[0,5]+[5,7] add up to 20)
Hint([6,1]+[6,0]+[0,7] add up to 12)
Hint([4,0]+[5,6] add up to 1)
Hint([6,8]+[1,0] add up to 4)
Hint([5,2]+[4,6] add up to 6)
Hint([0,8]+[3,4] add up to 10)
Hint([3,1]+[3,3]+[4,8] add up to 14)
Hint([8,2]+[2,2]+[0,7] add up to 11)
Hint([8,8]+[1,3] add up to 4)
Hint([0,4]+[4,2]+[1,8] add up to 12)
