Level( 5, 2, 8, 4, 3, 6, 9, 7, 1, 1, 7, 6, 8, 5, 9, 4, 2, 3, 3, 4, 9, 7, 1, 2, 6, 8, 5, 2, 1, 5, 6, 7, 3, 8, 4, 9, 7, 8, 3, 1, 9, 4, 5, 6, 2, 9, 6, 4, 5, 2, 8, 1, 3, 7, 4, 3, 7, 9, 8, 1, 2, 5, 6, 6, 5, 1, 2, 4, 7, 3, 9, 8, 8, 9, 2, 3, 6, 5, 7, 1, 4 )
Visible( 0, 0, 1, 0, 0, 1, 0, 1, 0, 0, 0, 1, 0, 0, 1, 1, 0, 1, 1, 0, 0, 0, 0, 0, 1, 0, 1, 0, 0, 0, 0, 1, 0, 0, 1, 0, 0, 0, 0, 0, 0, 0, 0, 0, 0, 1, 1, 0, 1, 1, 0, 1, 0, 0, 1, 1, 0, 0, 0, 0, 1, 0, 0, 0, 1, 0, 0, 0, 1, 0, 0, 1, 0, 0, 0, 0, 0, 0, 0, 1, 0 )
Hint([6,7]+[1,4]+[4,1] add up to 13)
Hint([6,8]+[8,4]+[1,4] add up to 14)
Hint([4,2]+[6,0] add up to 8)
Hint([6,8]+[1,7] add up to 10)
Hint([7,3]+[4,5] add up to 4)
Hint([8,1]+[1,6] add up to 4)
Hint([1,0]+[3,6]+[5,1] add up to 17)
Hint([0,5]+[3,5] add up to 12)
Hint([1,7]+[8,8] add up to 7)
Hint([7,3]+[8,0] add up to 3)
