Level( 4, 7, 9, 8, 5, 1, 6, 3, 2, 6, 3, 1, 4, 2, 9, 5, 8, 7, 5, 8, 2, 6, 7, 3, 9, 1, 4, 3, 9, 5, 7, 4, 6, 8, 2, 1, 7, 1, 6, 3, 8, 2, 4, 5, 9, 2, 4, 8, 1, 9, 5, 3, 7, 6, 1, 5, 3, 2, 6, 4, 7, 9, 8, 9, 6, 7, 5, 1, 8, 2, 4, 3, 8, 2, 4, 9, 3, 7, 1, 6, 5 )
Visible( 0, 1, 0, 0, 0, 1, 0, 0, 1, 0, 0, 0, 0, 1, 0, 0, 1, 0, 0, 1, 0, 0, 0, 0, 1, 0, 0, 1, 0, 0, 0, 1, 0, 1, 0, 1, 1, 0, 1, 1, 0, 1, 0, 0, 0, 1, 0, 0, 0, 0, 0, 0, 0, 0, 1, 0, 0, 1, 1, 0, 0, 0, 0, 1, 0, 0, 0, 0, 0, 0, 1, 0, 0, 0, 1, 0, 1, 0, 0, 0, 0 )
Hint([6,2]+[8,0]+[3,4] add up to 11)
Hint([6,1]+[6,1]+[0,3] add up to 10)
Hint([4,3]+[6,7] add up to 4)
Hint([6,3]+[0,3] add up to 9)
Hint([6,4]+[4,3] add up to 6)
Hint([8,4]+[2,1] add up to 8)
Hint([1,4]+[4,4]+[4,8] add up to 9)
Hint([1,4]+[3,6]+[1,2] add up to 8)
Hint([8,2]+[0,0]+[6,4] add up to 9)
Hint([5,6]+[2,6]+[6,1] add up to 9)
