Level( 8, 4, 2, 3, 5, 1, 7, 6, 9, 9, 7, 5, 8, 2, 6, 1, 3, 4, 1, 6, 3, 9, 7, 4, 2, 8, 5, 7, 8, 6, 1, 9, 5, 3, 4, 2, 5, 1, 4, 2, 3, 7, 6, 9, 8, 3, 2, 9, 4, 6, 8, 5, 1, 7, 6, 9, 8, 7, 1, 2, 4, 5, 3, 4, 5, 7, 6, 8, 3, 9, 2, 1, 2, 3, 1, 5, 4, 9, 8, 7, 6 )
Visible( 0, 1, 0, 1, 1, 0, 0, 1, 0, 0, 0, 0, 1, 0, 0, 1, 0, 1, 0, 1, 0, 0, 0, 0, 0, 0, 0, 0, 0, 0, 0, 1, 1, 0, 0, 1, 0, 0, 0, 0, 0, 0, 0, 0, 1, 1, 0, 0, 1, 1, 0, 0, 0, 1, 0, 0, 1, 1, 0, 0, 0, 1, 1, 1, 0, 1, 0, 1, 0, 0, 0, 0, 0, 0, 0, 1, 0, 0, 0, 0, 0 )
Hint([7,8]+[1,8]+[5,8] add up to 16)
Hint([5,3]+[7,5]+[1,0] add up to 7)
Hint([4,0]+[5,4] add up to 10)
Hint([6,7]+[1,2] add up to 13)
Hint([5,3]+[4,1] add up to 5)
Hint([8,7]+[3,0] add up to 2)
Hint([2,5]+[4,8] add up to 11)
Hint([5,2]+[0,6]+[3,2] add up to 16)
Hint([0,4]+[7,5] add up to 4)
Hint([7,2]+[7,4] add up to 15)
