Level( 6, 2, B, 4, 5, 8, A, 9, F, 3, E, 1, D, 0, 7, C, 7, 8, E, 1, 4, 3, 0, C, 2, D, B, 5, 6, F, A, 9, F, 9, C, 3, 2, 6, 7, D, A, 4, 8, 0, E, 1, B, 5, 5, A, D, 0, 1, B, E, F, 9, C, 7, 6, 8, 2, 3, 4, 0, E, F, D, B, C, 1, 6, 8, 7, 5, 4, 2, A, 9, 3, 2, 4, 9, 6, E, A, F, 5, B, 1, 0, 3, C, 7, 8, D, A, 1, 3, 5, 7, 0, 8, 4, C, 9, 2, D, F, 6, E, B, C, B, 8, 7, 9, 2, D, 3, 6, F, A, E, 4, 5, 0, 1, E, D, 6, 8, F, 5, 9, 2, 7, B, 1, C, A, 3, 4, 0, 3, C, 5, 9, A, 7, 6, 0, 4, E, F, 2, B, D, 1, 8, 4, F, 7, A, 3, E, B, 1, D, 0, 9, 8, 5, C, 2, 6, 1, 0, 2, B, D, 4, C, 8, 5, 6, 3, A, 7, 9, F, E, D, 5, 1, 2, 0, 9, 4, B, E, A, C, F, 3, 8, 6, 7, B, 7, 4, F, 8, D, 3, A, 0, 5, 6, 9, 1, E, C, 2, 9, 6, A, E, C, 1, 2, 7, 3, 8, D, B, 0, 4, 5, F, 8, 3, 0, C, 6, F, 5, E, 1, 2, 4, 7, 9, B, D, A )
Visible( 1, 0, 0, 1, 0, 0, 1, 0, 0, 0, 1, 0, 1, 1, 1, 1, 0, 1, 0, 0, 0, 1, 1, 1, 0, 0, 1, 0, 1, 0, 1, 1, 1, 0, 0, 0, 1, 0, 0, 1, 1, 0, 1, 1, 1, 0, 1, 0, 1, 0, 1, 0, 0, 1, 1, 1, 1, 0, 1, 1, 1, 0, 1, 1, 0, 0, 1, 0, 0, 0, 1, 0, 0, 0, 0, 0, 1, 0, 0, 0, 0, 0, 0, 0, 0, 1, 0, 1, 0, 1, 1, 1, 1, 0, 0, 1, 1, 1, 1, 0, 0, 1, 0, 0, 0, 1, 1, 1, 1, 1, 0, 1, 1, 1, 1, 0, 1, 1, 1, 0, 0, 0, 1, 0, 0, 0, 1, 1, 0, 1, 0, 0, 1, 0, 1, 1, 0, 1, 0, 1, 0, 1, 0, 1, 0, 0, 1, 0, 0, 1, 1, 0, 1, 0, 0, 0, 1, 0, 1, 1, 0, 0, 0, 0, 1, 1, 0, 1, 0, 0, 0, 0, 0, 1, 0, 0, 1, 0, 1, 0, 1, 0, 1, 0, 0, 0, 0, 1, 0, 1, 1, 1, 1, 1, 1, 0, 0, 0, 1, 0, 0, 0, 1, 1, 1, 1, 0, 0, 0, 0, 0, 0, 1, 0, 1, 0, 1, 0, 0, 1, 0, 1, 0, 1, 0, 0, 1, 0, 0, 0, 1, 1, 1, 1, 1, 1, 1, 0, 0, 0, 0, 1, 1, 0, 1, 1, 0, 1, 0, 0, 1, 0, 0, 1, 0, 0 )
Hint([13,5]+[15,3]+[6,13] add up to 14)
Hint([12,0]+[11,3]+[1,15] add up to 22)
Hint([7,11]+[12,8] add up to 18)
Hint([12,5]+[0,0] add up to 18)
Hint([11,12]+[9,4] add up to 22)
Hint([0,3]+[3,6] add up to 10)
Hint([5,0]+[5,2]+[7,12] add up to 25)
Hint([1,5]+[5,5]+[1,15] add up to 17)
Hint([14,5]+[0,11] add up to 9)
Hint([15,2]+[7,7]+[3,13] add up to 23)
