Level( 7, 5, 2, 4, 6, 9, 3, 8, 1, 8, 3, 1, 2, 5, 7, 9, 6, 4, 4, 9, 6, 1, 3, 8, 2, 5, 7, 5, 6, 7, 3, 8, 1, 4, 9, 2, 9, 8, 3, 7, 2, 4, 5, 1, 6, 2, 1, 4, 6, 9, 5, 8, 7, 3, 6, 4, 9, 8, 7, 2, 1, 3, 5, 3, 2, 5, 9, 1, 6, 7, 4, 8, 1, 7, 8, 5, 4, 3, 6, 2, 9 )
Visible( 0, 0, 0, 0, 0, 0, 1, 0, 1, 1, 0, 0, 0, 0, 0, 0, 1, 0, 1, 0, 0, 1, 0, 1, 1, 0, 0, 0, 1, 0, 1, 0, 1, 0, 0, 0, 0, 0, 1, 1, 0, 0, 1, 0, 0, 0, 0, 1, 0, 1, 0, 0, 0, 0, 0, 0, 0, 0, 1, 0, 0, 0, 1, 0, 0, 1, 0, 0, 1, 0, 0, 0, 1, 0, 0, 0, 1, 0, 0, 1, 1 )
Hint([7,8]+[1,7]+[5,5] add up to 6)
Hint([6,4]+[7,0]+[0,8] add up to 11)
Hint([4,3]+[6,7] add up to 13)
Hint([6,2]+[8,8] add up to 9)
Hint([5,7]+[5,8] add up to 7)
Hint([0,4]+[2,7] add up to 12)
Hint([3,7]+[5,4]+[4,8] add up to 14)
Hint([1,0]+[2,3]+[0,0] add up to 16)
Hint([6,1]+[8,3]+[7,5] add up to 15)
Hint([4,0]+[0,3]+[5,8] add up to 11)
