Level( 7, 6, 4, 2, 5, 8, 9, 1, 3, 5, 1, 8, 6, 3, 9, 7, 2, 4, 2, 3, 9, 4, 1, 7, 5, 8, 6, 4, 8, 6, 7, 2, 1, 3, 5, 9, 9, 7, 5, 8, 6, 3, 2, 4, 1, 1, 2, 3, 9, 4, 5, 8, 6, 7, 3, 4, 7, 5, 8, 6, 1, 9, 2, 8, 9, 2, 1, 7, 4, 6, 3, 5, 6, 5, 1, 3, 9, 2, 4, 7, 8 )
Visible( 0, 1, 1, 0, 0, 1, 0, 0, 0, 0, 0, 0, 0, 1, 0, 0, 0, 0, 1, 0, 0, 1, 1, 0, 0, 0, 0, 1, 0, 1, 0, 0, 0, 1, 0, 0, 0, 0, 1, 1, 0, 0, 0, 0, 0, 0, 0, 0, 0, 1, 1, 0, 0, 1, 0, 0, 0, 0, 0, 0, 1, 0, 0, 0, 1, 1, 0, 1, 0, 0, 0, 1, 0, 0, 0, 1, 0, 0, 1, 1, 1 )
Hint([7,8]+[1,4]+[4,2] add up to 12)
Hint([7,6]+[8,2]+[0,7] add up to 20)
Hint([5,5]+[6,2] add up to 8)
Hint([6,4]+[0,7] add up to 8)
Hint([5,3]+[4,2] add up to 0)
Hint([0,1]+[2,5] add up to 6)
Hint([1,5]+[4,4]+[4,0] add up to 10)
Hint([8,0]+[2,7] add up to 3)
Hint([0,7]+[8,6] add up to 8)
Hint([6,3]+[8,0] add up to 4)
