Level( 7, 6, 8, 9, 4, 1, 2, 5, 3, 1, 2, 3, 5, 8, 7, 6, 4, 9, 9, 4, 5, 3, 6, 2, 7, 1, 8, 2, 8, 6, 1, 7, 9, 4, 3, 5, 5, 3, 9, 4, 2, 8, 1, 7, 6, 4, 1, 7, 6, 3, 5, 9, 8, 2, 6, 7, 2, 8, 5, 4, 3, 9, 1, 3, 5, 1, 7, 9, 6, 8, 2, 4, 8, 9, 4, 2, 1, 3, 5, 6, 7 )
Visible( 1, 1, 0, 0, 0, 0, 0, 0, 0, 0, 0, 1, 0, 0, 0, 0, 1, 0, 0, 0, 0, 0, 1, 0, 0, 1, 0, 0, 0, 0, 0, 0, 1, 1, 0, 1, 1, 0, 0, 0, 1, 0, 1, 1, 0, 0, 0, 0, 1, 0, 0, 0, 1, 0, 1, 0, 0, 1, 0, 1, 0, 0, 0, 0, 1, 0, 0, 0, 0, 0, 0, 0, 0, 1, 1, 1, 1, 0, 1, 0, 1 )
Hint([6,4]+[0,7]+[5,5] add up to 6)
Hint([7,3]+[7,2]+[1,7] add up to 6)
Hint([5,6]+[7,7] add up to 4)
Hint([7,1]+[8,7] add up to 6)
Hint([7,0]+[3,6] add up to 11)
Hint([0,0]+[1,2] add up to 9)
Hint([2,7]+[5,6]+[5,4] add up to 10)
Hint([0,3]+[3,4]+[0,2] add up to 12)
Hint([6,7]+[1,3]+[7,3] add up to 16)
Hint([4,2]+[1,5]+[5,5] add up to 9)
