Level( 5, 8, 9, 4, 7, 6, 1, 3, 2, 2, 1, 7, 3, 8, 5, 6, 4, 9, 6, 3, 4, 9, 1, 2, 8, 5, 7, 8, 4, 1, 2, 3, 7, 5, 9, 6, 9, 5, 3, 6, 4, 8, 7, 2, 1, 7, 6, 2, 1, 5, 9, 3, 8, 4, 1, 2, 8, 5, 6, 4, 9, 7, 3, 3, 9, 5, 7, 2, 1, 4, 6, 8, 4, 7, 6, 8, 9, 3, 2, 1, 5 )
Visible( 0, 0, 1, 1, 1, 0, 0, 0, 0, 0, 0, 1, 1, 1, 0, 1, 0, 0, 1, 0, 1, 0, 0, 1, 0, 0, 0, 0, 0, 0, 0, 0, 1, 1, 1, 1, 0, 1, 0, 0, 0, 0, 0, 0, 0, 0, 0, 0, 1, 0, 0, 1, 0, 1, 1, 1, 0, 1, 0, 0, 0, 1, 0, 0, 0, 0, 0, 0, 0, 0, 0, 0, 0, 1, 1, 0, 0, 0, 0, 1, 0 )
Hint([6,5]+[0,3]+[4,1] add up to 16)
Hint([6,7]+[8,6]+[2,1] add up to 11)
Hint([6,0]+[5,8] add up to 2)
Hint([5,0]+[8,8] add up to 9)
Hint([7,0]+[3,6] add up to 6)
Hint([0,6]+[3,6] add up to 4)
Hint([1,3]+[4,7]+[5,6] add up to 7)
Hint([0,0]+[2,4]+[1,8] add up to 12)
Hint([6,5]+[0,2] add up to 7)
Hint([8,8]+[5,7]+[2,3] add up to 4)
