Level( 6, 5, 4, 9, 7, 0, C, A, B, 2, F, 8, 1, E, D, 3, 7, 8, E, F, 3, D, 1, 2, C, A, 9, 0, 4, 5, B, 6, 2, 0, 1, C, E, B, 9, 6, 3, D, 5, 4, 8, F, 7, A, B, D, 3, A, 5, 8, F, 4, 1, E, 7, 6, 9, C, 0, 2, 3, 4, 7, D, A, 6, 2, B, 0, C, 8, F, E, 9, 5, 1, 5, 9, B, 6, 1, 4, 0, C, 7, 3, 2, E, A, 8, F, D, E, F, 2, 8, 9, 7, 5, 3, 6, 1, A, D, 0, 4, C, B, 1, A, C, 0, D, E, 8, F, 4, 5, B, 9, 2, 6, 3, 7, C, 7, A, 2, 6, 9, E, D, F, 0, 4, 3, B, 1, 8, 5, F, E, 6, 5, 8, C, B, 7, A, 9, 1, 2, 3, D, 4, 0, D, B, 8, 4, 0, A, 3, 1, 5, 6, E, 7, F, 2, 9, C, 9, 3, 0, 1, 2, F, 4, 5, D, 8, C, B, 7, A, 6, E, 8, 6, D, 7, B, 2, A, 9, E, F, 3, C, 5, 0, 1, 4, A, 1, 9, B, C, 3, D, E, 8, 4, 0, 5, 6, 7, 2, F, 0, C, F, E, 4, 5, 7, 8, 2, B, 6, 1, D, 3, A, 9, 4, 2, 5, 3, F, 1, 6, 0, 9, 7, D, A, C, B, E, 8 )
Visible( 0, 1, 0, 0, 0, 0, 0, 0, 1, 1, 1, 0, 0, 0, 1, 0, 1, 0, 1, 1, 1, 1, 0, 0, 1, 1, 1, 1, 0, 1, 1, 0, 0, 0, 0, 1, 1, 0, 0, 1, 1, 0, 0, 1, 0, 0, 0, 1, 0, 1, 1, 1, 1, 0, 0, 1, 1, 1, 1, 1, 0, 0, 1, 1, 0, 0, 1, 1, 0, 1, 0, 1, 0, 1, 1, 0, 1, 0, 0, 0, 1, 0, 0, 1, 0, 0, 0, 0, 0, 1, 0, 1, 1, 0, 0, 1, 0, 1, 0, 1, 1, 1, 1, 1, 1, 1, 0, 1, 0, 1, 0, 1, 0, 0, 0, 0, 0, 0, 1, 0, 0, 1, 0, 0, 1, 0, 0, 1, 0, 1, 1, 0, 0, 1, 1, 1, 0, 1, 0, 1, 0, 1, 0, 0, 0, 1, 0, 1, 1, 1, 1, 1, 0, 1, 1, 1, 0, 0, 1, 0, 0, 1, 1, 1, 0, 0, 1, 1, 1, 0, 1, 0, 0, 1, 0, 1, 1, 0, 0, 0, 1, 0, 0, 0, 1, 1, 0, 0, 0, 1, 0, 0, 1, 1, 1, 1, 0, 1, 0, 1, 0, 0, 1, 1, 1, 1, 0, 1, 0, 1, 0, 1, 0, 1, 1, 1, 0, 1, 0, 0, 1, 1, 0, 1, 1, 0, 1, 0, 0, 0, 0, 0, 1, 1, 0, 0, 1, 0, 0, 0, 0, 1, 0, 1, 0, 1, 0, 1, 0, 1, 1, 0, 0, 0, 0, 1 )
Hint([11,5]+[15,8]+[8,0] add up to 30)
Hint([11,12]+[14,15]+[4,7] add up to 39)
Hint([9,10]+[12,14] add up to 19)
Hint([11,14]+[2,2] add up to 2)
Hint([12,5]+[7,15] add up to 10)
Hint([0,8]+[5,2] add up to 23)
Hint([2,1]+[5,2]+[7,3] add up to 29)
Hint([1,10]+[6,1]+[15,2] add up to 22)
Hint([11,8]+[1,4]+[13,12] add up to 7)
Hint([10,6]+[3,3] add up to 20)
