Level( 7, 1, 8, 2, 3, 9, 4, 6, 5, 6, 3, 2, 4, 1, 5, 7, 9, 8, 4, 5, 9, 6, 8, 7, 2, 1, 3, 3, 9, 7, 5, 4, 2, 6, 8, 1, 5, 8, 6, 9, 7, 1, 3, 2, 4, 2, 4, 1, 3, 6, 8, 5, 7, 9, 8, 2, 3, 1, 5, 6, 9, 4, 7, 1, 6, 4, 7, 9, 3, 8, 5, 2, 9, 7, 5, 8, 2, 4, 1, 3, 6 )
Visible( 0, 1, 0, 0, 1, 0, 1, 0, 0, 0, 0, 0, 1, 0, 1, 0, 1, 0, 0, 1, 0, 0, 0, 1, 0, 1, 0, 0, 0, 1, 0, 1, 0, 0, 0, 0, 1, 0, 0, 1, 0, 0, 0, 0, 0, 0, 1, 0, 1, 1, 0, 0, 0, 0, 1, 0, 1, 1, 0, 0, 0, 0, 0, 0, 0, 0, 0, 0, 0, 0, 1, 1, 1, 0, 0, 0, 0, 0, 0, 0, 1 )
Hint([7,1]+[8,8]+[5,4] add up to 13)
Hint([6,8]+[8,8]+[2,1] add up to 6)
Hint([4,1]+[5,1] add up to 4)
Hint([5,1]+[8,7] add up to 5)
Hint([6,0]+[3,2] add up to 8)
Hint([8,8]+[4,5] add up to 10)
Hint([0,5]+[4,0]+[3,6] add up to 3)
Hint([8,3]+[3,1]+[0,7] add up to 3)
Hint([7,2]+[0,3] add up to 2)
Hint([8,4]+[4,1]+[1,1] add up to 5)
