Level( 4, 3, 6, 5, 9, 8, 7, 2, 1, 7, 9, 8, 1, 2, 6, 4, 3, 5, 1, 5, 2, 7, 4, 3, 9, 8, 6, 8, 6, 7, 9, 5, 2, 1, 4, 3, 2, 1, 9, 8, 3, 4, 6, 5, 7, 5, 4, 3, 6, 7, 1, 2, 9, 8, 9, 2, 5, 3, 1, 7, 8, 6, 4, 6, 7, 4, 2, 8, 5, 3, 1, 9, 3, 8, 1, 4, 6, 9, 5, 7, 2 )
Visible( 0, 1, 0, 0, 0, 0, 1, 0, 1, 1, 0, 1, 0, 0, 1, 0, 0, 0, 0, 0, 0, 0, 1, 0, 0, 0, 0, 0, 1, 0, 1, 0, 1, 1, 0, 0, 0, 1, 0, 0, 1, 0, 0, 1, 0, 0, 0, 0, 0, 0, 0, 0, 1, 1, 0, 1, 0, 1, 1, 0, 0, 0, 1, 1, 0, 0, 0, 1, 0, 0, 0, 1, 1, 0, 0, 0, 0, 0, 0, 0, 0 )
Hint([8,5]+[0,2]+[4,0] add up to 15)
Hint([6,3]+[7,6]+[2,7] add up to 8)
Hint([4,4]+[6,8] add up to 6)
Hint([5,2]+[0,3] add up to 9)
Hint([7,0]+[3,5] add up to 6)
Hint([0,4]+[2,5] add up to 3)
Hint([3,4]+[4,0]+[3,7] add up to 16)
Hint([8,2]+[2,1]+[0,0] add up to 15)
Hint([7,5]+[0,4]+[7,4] add up to 13)
Hint([4,8]+[3,5]+[5,1] add up to 15)
