Level( 4, 1, 6, 5, 8, 2, 9, 7, 3, 3, 8, 5, 6, 9, 7, 4, 2, 1, 9, 2, 7, 4, 3, 1, 6, 8, 5, 1, 9, 3, 7, 4, 5, 2, 6, 8, 7, 6, 8, 1, 2, 9, 3, 5, 4, 5, 4, 2, 3, 6, 8, 1, 9, 7, 6, 5, 9, 8, 1, 4, 7, 3, 2, 8, 3, 4, 2, 7, 6, 5, 1, 9, 2, 7, 1, 9, 5, 3, 8, 4, 6 )
Visible( 0, 0, 0, 0, 0, 0, 0, 0, 0, 1, 0, 0, 1, 0, 1, 0, 0, 1, 1, 1, 0, 0, 0, 0, 0, 0, 0, 0, 0, 0, 0, 0, 1, 0, 0, 1, 1, 0, 0, 1, 1, 0, 0, 1, 0, 0, 1, 1, 0, 0, 0, 0, 0, 1, 0, 0, 1, 1, 1, 0, 1, 0, 0, 0, 0, 0, 0, 0, 1, 1, 1, 0, 0, 0, 0, 0, 0, 0, 0, 1, 1 )
Hint([7,8]+[1,4]+[4,5] add up to 13)
Hint([6,3]+[7,5]+[1,6] add up to 13)
Hint([5,1]+[5,3] add up to 10)
Hint([6,6]+[0,5] add up to 10)
Hint([6,4]+[4,4] add up to 3)
Hint([0,8]+[4,2] add up to 3)
Hint([0,4]+[4,4]+[4,4] add up to 8)
Hint([1,6]+[3,1]+[0,7] add up to 16)
Hint([8,1]+[8,3] add up to 7)
Hint([0,7]+[5,1]+[1,0] add up to 13)
