Level( 6, 2, 9, 1, 3, 8, 7, 5, 4, 8, 1, 4, 2, 5, 7, 3, 9, 6, 5, 7, 3, 9, 4, 6, 8, 1, 2, 7, 4, 1, 8, 9, 5, 6, 2, 3, 9, 8, 6, 7, 2, 3, 1, 4, 5, 3, 5, 2, 6, 1, 4, 9, 7, 8, 1, 3, 7, 5, 6, 2, 4, 8, 9, 2, 6, 8, 4, 7, 9, 5, 3, 1, 4, 9, 5, 3, 8, 1, 2, 6, 7 )
Visible( 1, 0, 0, 0, 0, 0, 0, 0, 1, 1, 1, 0, 0, 1, 1, 1, 0, 0, 0, 1, 0, 1, 0, 0, 0, 1, 0, 0, 0, 1, 0, 0, 1, 0, 0, 0, 0, 1, 0, 0, 1, 0, 1, 0, 0, 1, 1, 0, 1, 1, 0, 0, 0, 0, 0, 0, 0, 1, 1, 1, 0, 0, 1, 0, 0, 0, 1, 0, 1, 1, 0, 0, 0, 0, 0, 0, 1, 0, 0, 1, 0 )
Hint([8,2]+[8,2]+[4,0] add up to 4)
Hint([6,0]+[6,2]+[1,5] add up to 17)
Hint([5,5]+[6,5] add up to 11)
Hint([6,5]+[0,0] add up to 13)
Hint([7,6]+[5,1] add up to 13)
Hint([0,3]+[2,7] add up to 13)
Hint([1,2]+[3,2]+[4,2] add up to 17)
Hint([0,8]+[4,1]+[0,2] add up to 11)
Hint([7,5]+[0,4]+[7,6] add up to 21)
Hint([5,3]+[1,3] add up to 7)
