Level( 4, 6, 5, 7, 9, 8, 1, 3, 2, 3, 8, 2, 4, 6, 1, 5, 9, 7, 9, 1, 7, 5, 2, 3, 4, 8, 6, 6, 5, 8, 3, 1, 9, 7, 2, 4, 1, 3, 4, 2, 8, 7, 6, 5, 9, 2, 7, 9, 6, 4, 5, 8, 1, 3, 5, 2, 1, 9, 7, 6, 3, 4, 8, 7, 9, 3, 8, 5, 4, 2, 6, 1, 8, 4, 6, 1, 3, 2, 9, 7, 5 )
Visible( 0, 0, 0, 0, 0, 0, 1, 1, 0, 1, 0, 0, 1, 0, 0, 0, 0, 0, 1, 0, 1, 0, 0, 1, 0, 1, 1, 0, 0, 1, 0, 1, 0, 0, 0, 1, 0, 0, 1, 1, 0, 0, 0, 1, 0, 0, 0, 0, 0, 0, 1, 1, 0, 0, 1, 0, 0, 0, 1, 1, 0, 0, 0, 0, 1, 0, 0, 0, 0, 0, 1, 0, 0, 0, 0, 0, 0, 1, 1, 1, 0 )
Hint([7,2]+[8,1]+[3,6] add up to 21)
Hint([7,6]+[8,5]+[1,1] add up to 12)
Hint([4,3]+[6,5] add up to 7)
Hint([6,1]+[8,1] add up to 10)
Hint([6,8]+[5,3] add up to 16)
Hint([8,4]+[2,2] add up to 14)
Hint([2,2]+[3,1]+[3,6] add up to 17)
Hint([8,3]+[3,3]+[0,0] add up to 8)
Hint([7,6]+[1,3]+[7,0] add up to 9)
Hint([4,4]+[1,1]+[4,0] add up to 22)
