Level( 1, 2, 5, 4, 3, 6, 9, 8, 7, 4, 9, 8, 2, 7, 1, 5, 6, 3, 7, 3, 6, 8, 5, 9, 2, 4, 1, 3, 1, 4, 5, 2, 8, 7, 9, 6, 5, 8, 7, 9, 6, 3, 4, 1, 2, 2, 6, 9, 7, 1, 4, 3, 5, 8, 6, 7, 2, 1, 4, 5, 8, 3, 9, 9, 5, 1, 3, 8, 2, 6, 7, 4, 8, 4, 3, 6, 9, 7, 1, 2, 5 )
Visible( 0, 0, 1, 0, 0, 0, 0, 0, 1, 0, 0, 0, 1, 0, 0, 0, 0, 0, 0, 1, 1, 1, 1, 0, 0, 0, 0, 0, 0, 0, 0, 0, 0, 0, 1, 0, 0, 1, 1, 0, 1, 0, 0, 1, 0, 0, 0, 1, 0, 1, 0, 1, 1, 0, 0, 0, 0, 1, 0, 0, 0, 1, 0, 0, 0, 1, 0, 1, 0, 0, 0, 0, 1, 1, 0, 0, 0, 1, 0, 0, 0 )
Hint([7,1]+[8,6]+[5,5] add up to 16)
Hint([7,5]+[7,1]+[0,8] add up to 16)
Hint([4,0]+[5,3] add up to 9)
Hint([7,7]+[1,6] add up to 12)
Hint([5,7]+[5,3] add up to 8)
Hint([0,1]+[2,8] add up to 5)
Hint([1,1]+[3,8]+[6,2] add up to 14)
Hint([1,1]+[2,6]+[1,3] add up to 9)
Hint([7,1]+[8,6]+[8,2] add up to 13)
Hint([4,0]+[0,0]+[4,0] add up to 4)
