Level( 1, 9, 5, 8, 2, 3, 4, 6, 7, 4, 2, 7, 5, 6, 1, 9, 3, 8, 6, 3, 8, 7, 9, 4, 2, 5, 1, 3, 1, 9, 4, 5, 7, 8, 2, 6, 5, 7, 2, 6, 3, 8, 1, 9, 4, 8, 4, 6, 2, 1, 9, 5, 7, 3, 2, 5, 3, 1, 4, 6, 7, 8, 9, 7, 6, 4, 9, 8, 5, 3, 1, 2, 9, 8, 1, 3, 7, 2, 6, 4, 5 )
Visible( 0, 1, 1, 0, 0, 0, 0, 1, 1, 0, 0, 0, 1, 0, 0, 0, 0, 0, 0, 0, 0, 1, 1, 0, 0, 0, 0, 0, 0, 0, 1, 1, 0, 0, 0, 0, 0, 1, 0, 0, 0, 0, 0, 1, 1, 1, 0, 1, 0, 0, 0, 1, 0, 1, 0, 1, 0, 1, 1, 0, 0, 0, 0, 1, 0, 0, 0, 0, 0, 1, 0, 1, 0, 0, 0, 1, 0, 1, 0, 1, 0 )
Hint([8,2]+[8,2]+[4,0] add up to 1)
Hint([6,0]+[6,2]+[1,5] add up to 7)
Hint([5,5]+[6,5] add up to 12)
Hint([6,5]+[0,0] add up to 4)
Hint([7,6]+[5,1] add up to 7)
Hint([0,3]+[2,7] add up to 5)
Hint([1,2]+[3,2]+[4,2] add up to 16)
Hint([0,8]+[4,1]+[0,2] add up to 18)
Hint([7,5]+[0,4]+[7,6] add up to 17)
Hint([5,3]+[1,3] add up to 6)
