Level( 2, 7, 8, 3, 1, 4, 6, 5, 9, 4, 5, 1, 6, 7, 9, 8, 2, 3, 6, 9, 3, 8, 5, 2, 1, 4, 7, 9, 6, 2, 1, 8, 5, 3, 7, 4, 3, 1, 4, 9, 2, 7, 5, 6, 8, 7, 8, 5, 4, 3, 6, 9, 1, 2, 5, 4, 9, 2, 6, 8, 7, 3, 1, 8, 3, 6, 7, 4, 1, 2, 9, 5, 1, 2, 7, 5, 9, 3, 4, 8, 6 )
Visible( 0, 1, 0, 0, 0, 0, 1, 0, 0, 0, 1, 1, 0, 0, 0, 0, 1, 0, 0, 0, 0, 1, 1, 0, 0, 0, 0, 1, 1, 0, 1, 0, 0, 0, 1, 0, 0, 0, 1, 0, 0, 1, 0, 0, 1, 1, 0, 0, 1, 1, 1, 0, 0, 0, 0, 0, 0, 0, 0, 0, 0, 1, 1, 0, 1, 0, 0, 1, 0, 1, 0, 1, 0, 0, 0, 0, 1, 0, 0, 0, 0 )
Hint([7,7]+[1,8]+[5,6] add up to 16)
Hint([5,2]+[7,7]+[2,3] add up to 10)
Hint([4,1]+[5,1] add up to 14)
Hint([5,5]+[0,6] add up to 9)
Hint([7,3]+[4,2] add up to 10)
Hint([0,4]+[2,0] add up to 9)
Hint([2,0]+[3,3] add up to 7)
Hint([6,3]+[0,3] add up to 10)
Hint([1,0]+[8,8] add up to 11)
Hint([1,1]+[7,2]+[7,6] add up to 9)
