Level( E, 0, 7, 9, 2, 4, 6, 1, 5, D, 3, 8, A, B, F, C, 4, 5, 1, B, C, F, D, 8, 2, 7, A, E, 0, 6, 9, 3, D, 8, F, A, 9, 3, B, 0, 1, 4, 6, C, E, 7, 5, 2, C, 2, 6, 3, 7, E, A, 5, 0, 9, F, B, D, 8, 4, 1, 9, 1, 3, 7, 8, C, 2, F, D, 0, B, 4, 6, A, E, 5, A, 4, D, 8, 0, B, 9, 3, E, 6, 1, 5, F, 2, C, 7, 2, F, E, 0, 4, 5, 1, 6, 3, C, 7, A, 9, D, B, 8, 5, C, B, 6, D, A, E, 7, F, 2, 8, 9, 3, 4, 1, 0, 7, E, A, C, 6, 1, 5, 9, 4, 8, 2, 0, B, 3, D, F, 0, 6, 9, 4, 3, 2, F, D, B, 1, 5, 7, C, E, 8, A, F, D, 8, 1, B, 7, 4, C, 6, A, E, 3, 5, 0, 2, 9, B, 3, 5, 2, E, 0, 8, A, C, F, 9, D, 7, 1, 6, 4, 6, 7, 4, 5, A, 8, 3, B, 9, E, C, 2, 1, F, 0, D, 3, 9, 0, F, 1, D, C, 2, A, B, 4, 6, 8, 5, 7, E, 8, A, C, E, F, 6, 0, 4, 7, 5, D, 1, 2, 9, 3, B, 1, B, 2, D, 5, 9, 7, E, 8, 3, 0, F, 4, C, A, 6 )
Visible( 1, 0, 1, 0, 1, 0, 1, 1, 0, 1, 1, 1, 0, 0, 1, 0, 0, 1, 0, 1, 0, 0, 1, 0, 1, 1, 1, 0, 1, 1, 0, 0, 0, 0, 0, 1, 0, 1, 1, 0, 1, 0, 0, 0, 0, 1, 1, 1, 0, 0, 1, 1, 1, 0, 0, 0, 0, 0, 0, 1, 1, 0, 0, 0, 1, 1, 1, 0, 0, 0, 1, 1, 1, 0, 0, 1, 1, 1, 0, 1, 0, 0, 1, 0, 0, 0, 1, 1, 0, 1, 1, 1, 0, 1, 0, 1, 1, 1, 0, 0, 0, 1, 1, 1, 0, 0, 1, 0, 0, 1, 0, 0, 1, 0, 0, 0, 0, 1, 0, 0, 0, 1, 1, 0, 0, 0, 1, 0, 0, 1, 1, 0, 0, 1, 0, 1, 1, 1, 0, 1, 1, 0, 0, 0, 1, 1, 0, 0, 0, 1, 0, 0, 1, 0, 1, 1, 1, 0, 0, 0, 1, 1, 1, 0, 1, 0, 1, 0, 1, 0, 1, 0, 0, 0, 0, 0, 1, 0, 0, 1, 0, 1, 0, 0, 1, 1, 0, 0, 0, 0, 0, 0, 1, 1, 0, 0, 0, 0, 1, 1, 1, 1, 1, 1, 1, 0, 1, 1, 1, 1, 0, 0, 0, 0, 1, 0, 0, 0, 0, 0, 0, 1, 0, 1, 0, 1, 1, 0, 1, 0, 1, 1, 0, 0, 1, 0, 0, 0, 0, 1, 0, 0, 1, 0, 1, 1, 1, 1, 1, 1, 0, 0, 0, 0, 0, 0 )
Hint([15,2]+[14,9]+[8,10] add up to 16)
Hint([12,2]+[12,5]+[2,6] add up to 43)
Hint([11,0]+[9,9] add up to 9)
Hint([10,10]+[1,15] add up to 25)
Hint([12,8]+[8,6] add up to 14)
Hint([1,6]+[4,6] add up to 19)
Hint([4,14]+[9,2]+[7,9] add up to 32)
Hint([1,6]+[5,13]+[3,3] add up to 31)
Hint([14,10]+[1,5]+[13,8] add up to 9)
Hint([10,0]+[1,2]+[8,14] add up to 18)
