Level( 5, 8, 3, 7, 9, 1, 6, 2, 4, 6, 1, 9, 5, 2, 4, 3, 8, 7, 4, 7, 2, 6, 3, 8, 9, 1, 5, 8, 6, 4, 2, 7, 5, 1, 9, 3, 2, 3, 1, 4, 6, 9, 5, 7, 8, 7, 9, 5, 8, 1, 3, 4, 6, 2, 9, 4, 8, 1, 5, 7, 2, 3, 6, 3, 5, 6, 9, 8, 2, 7, 4, 1, 1, 2, 7, 3, 4, 6, 8, 5, 9 )
Visible( 1, 0, 0, 0, 0, 0, 0, 1, 0, 0, 0, 1, 0, 0, 1, 0, 0, 0, 0, 1, 0, 1, 0, 1, 1, 0, 0, 0, 0, 1, 0, 0, 0, 0, 0, 0, 0, 1, 1, 0, 0, 1, 0, 0, 1, 1, 0, 0, 0, 0, 0, 0, 1, 1, 0, 0, 0, 1, 1, 0, 0, 0, 0, 0, 0, 1, 1, 0, 0, 1, 0, 1, 0, 1, 1, 1, 0, 0, 0, 0, 0 )
Hint([8,5]+[0,2]+[4,0] add up to 12)
Hint([6,3]+[7,6]+[2,7] add up to 7)
Hint([4,4]+[6,8] add up to 12)
Hint([5,2]+[0,3] add up to 14)
Hint([7,0]+[3,5] add up to 8)
Hint([0,4]+[2,5] add up to 5)
Hint([3,4]+[4,0]+[3,7] add up to 19)
Hint([8,2]+[2,1]+[0,0] add up to 16)
Hint([7,5]+[0,4]+[7,4] add up to 12)
Hint([4,8]+[3,5]+[5,1] add up to 13)
