Level( 1, 2, 7, 4, 5, 3, 6, 8, 9, 8, 4, 6, 9, 2, 1, 7, 5, 3, 5, 3, 9, 7, 6, 8, 2, 4, 1, 4, 6, 5, 8, 3, 7, 1, 9, 2, 2, 9, 8, 6, 1, 5, 4, 3, 7, 7, 1, 3, 2, 9, 4, 5, 6, 8, 6, 5, 1, 3, 7, 9, 8, 2, 4, 9, 7, 4, 5, 8, 2, 3, 1, 6, 3, 8, 2, 1, 4, 6, 9, 7, 5 )
Visible( 0, 1, 0, 0, 1, 0, 1, 0, 1, 1, 0, 0, 0, 1, 1, 0, 0, 0, 0, 0, 1, 0, 1, 0, 0, 1, 0, 0, 1, 0, 0, 1, 1, 0, 0, 1, 0, 0, 1, 1, 0, 1, 0, 0, 0, 0, 1, 0, 0, 0, 0, 0, 0, 1, 0, 1, 1, 0, 0, 1, 0, 0, 0, 0, 0, 0, 0, 0, 0, 1, 0, 0, 1, 0, 0, 0, 0, 0, 0, 1, 0 )
Hint([8,4]+[0,4]+[4,5] add up to 15)
Hint([7,4]+[7,6]+[2,1] add up to 8)
Hint([5,2]+[5,0] add up to 9)
Hint([6,8]+[1,8] add up to 15)
Hint([7,7]+[5,5] add up to 3)
Hint([0,1]+[1,7] add up to 13)
Hint([1,2]+[3,1]+[4,7] add up to 17)
Hint([8,4]+[3,2]+[0,3] add up to 15)
Hint([8,8]+[1,8]+[8,5] add up to 18)
Hint([4,7]+[2,4]+[5,3] add up to 20)
