Level( 3, 8, 1, 7, 4, 6, 2, 9, 5, 2, 4, 6, 1, 5, 9, 8, 3, 7, 7, 5, 9, 3, 2, 8, 6, 1, 4, 1, 9, 8, 4, 3, 2, 5, 7, 6, 5, 3, 2, 6, 1, 7, 9, 4, 8, 4, 6, 7, 9, 8, 5, 3, 2, 1, 9, 2, 4, 8, 6, 1, 7, 5, 3, 8, 1, 5, 2, 7, 3, 4, 6, 9, 6, 7, 3, 5, 9, 4, 1, 8, 2 )
Visible( 0, 0, 0, 0, 0, 0, 1, 0, 0, 0, 0, 0, 1, 0, 0, 0, 1, 0, 1, 1, 0, 0, 0, 1, 0, 1, 1, 0, 0, 0, 0, 0, 0, 1, 0, 0, 0, 0, 1, 0, 0, 1, 0, 0, 0, 0, 0, 0, 0, 0, 1, 1, 0, 1, 1, 0, 0, 1, 0, 0, 0, 0, 0, 0, 1, 1, 1, 0, 0, 0, 1, 0, 0, 0, 1, 0, 0, 1, 0, 1, 0 )
Hint([6,8]+[1,4]+[4,3] add up to 4)
Hint([7,0]+[6,2]+[1,1] add up to 16)
Hint([4,1]+[5,3] add up to 5)
Hint([6,1]+[8,3] add up to 12)
Hint([5,3]+[4,3] add up to 3)
Hint([1,4]+[2,6] add up to 5)
Hint([2,5]+[4,2]+[4,8] add up to 15)
Hint([0,7]+[4,1]+[0,5] add up to 14)
Hint([7,6]+[1,6] add up to 5)
Hint([8,6]+[5,8]+[3,2] add up to 7)
