Level( 7, 8, 1, 4, 3, 5, 2, 9, 6, 9, 2, 3, 6, 1, 8, 4, 5, 7, 6, 5, 4, 2, 7, 9, 1, 8, 3, 8, 1, 2, 5, 4, 3, 7, 6, 9, 5, 7, 9, 8, 6, 1, 3, 4, 2, 4, 3, 6, 7, 9, 2, 8, 1, 5, 1, 6, 5, 3, 2, 4, 9, 7, 8, 2, 4, 8, 9, 5, 7, 6, 3, 1, 3, 9, 7, 1, 8, 6, 5, 2, 4 )
Visible( 0, 1, 1, 0, 0, 0, 0, 0, 1, 0, 1, 1, 0, 0, 0, 0, 1, 0, 0, 0, 0, 0, 0, 0, 0, 0, 0, 0, 1, 1, 0, 0, 1, 1, 1, 0, 0, 0, 0, 1, 0, 0, 0, 0, 1, 0, 0, 1, 0, 1, 1, 0, 1, 0, 0, 0, 1, 0, 1, 1, 0, 1, 0, 0, 0, 0, 0, 1, 0, 0, 0, 0, 1, 0, 1, 0, 0, 1, 0, 0, 1 )
Hint([7,4]+[0,8]+[5,4] add up to 5)
Hint([6,2]+[6,4]+[1,5] add up to 4)
Hint([5,2]+[5,4] add up to 8)
Hint([7,6]+[0,8] add up to 8)
Hint([7,4]+[4,5] add up to 11)
Hint([8,2]+[2,6] add up to 6)
Hint([1,6]+[4,2]+[4,7] add up to 15)
Hint([8,6]+[3,6]+[1,8] add up to 17)
Hint([6,6]+[1,3] add up to 8)
Hint([8,3]+[4,0]+[1,2] add up to 14)
