Level( 7, 8, 6, 1, 0, 5, F, A, 9, D, 3, B, 4, E, C, 2, 0, 2, 9, E, 3, C, 8, 4, 5, 6, 7, 1, A, F, B, D, C, D, B, 4, 6, 1, 7, 2, E, 8, F, A, 3, 9, 0, 5, 3, A, F, 5, D, 9, E, B, 2, 0, C, 4, 6, 8, 7, 1, B, E, 3, C, F, 8, 2, 5, 1, 7, A, 6, D, 0, 9, 4, 9, 7, 2, 6, A, D, C, 0, 3, 4, 5, 8, B, 1, E, F, A, 0, 5, F, 1, 4, 6, 7, B, 9, E, D, 2, C, 3, 8, D, 1, 4, 8, E, B, 9, 3, F, C, 0, 2, 7, 5, 6, A, 8, 3, A, B, 9, E, 0, D, 7, 1, 2, C, F, 4, 5, 6, F, 6, D, 7, 4, 2, A, C, 0, E, B, 5, 8, 3, 1, 9, 4, C, E, 2, 8, F, 5, 1, 6, 3, D, 9, 0, B, A, 7, 5, 9, 1, 0, B, 7, 3, 6, 8, A, 4, F, E, D, 2, C, 6, 5, C, D, 7, 0, 4, 9, A, B, 8, E, 1, 2, F, 3, 2, B, 7, A, C, 3, 1, 8, 4, F, 9, 0, 5, 6, D, E, 1, F, 8, 9, 2, A, B, E, D, 5, 6, 3, C, 7, 4, 0, E, 4, 0, 3, 5, 6, D, F, C, 2, 1, 7, 9, A, 8, B )
Visible( 0, 0, 0, 1, 1, 1, 1, 0, 0, 1, 1, 0, 0, 0, 1, 0, 0, 0, 0, 0, 0, 0, 0, 1, 0, 1, 1, 1, 0, 1, 0, 0, 0, 0, 1, 0, 0, 1, 0, 1, 0, 0, 1, 1, 1, 1, 0, 0, 0, 0, 0, 0, 1, 0, 1, 0, 1, 0, 1, 1, 0, 1, 1, 0, 1, 0, 0, 1, 0, 1, 1, 1, 1, 0, 0, 0, 0, 1, 0, 0, 1, 0, 1, 0, 1, 0, 1, 0, 1, 1, 1, 0, 0, 1, 1, 0, 0, 0, 1, 1, 0, 1, 0, 1, 0, 0, 1, 0, 0, 0, 0, 1, 0, 0, 1, 0, 0, 1, 1, 0, 1, 0, 0, 1, 0, 1, 1, 1, 1, 1, 1, 0, 0, 1, 1, 0, 1, 0, 0, 0, 1, 0, 1, 0, 1, 0, 0, 1, 0, 1, 1, 1, 1, 1, 0, 0, 0, 0, 1, 1, 1, 1, 1, 0, 0, 0, 0, 1, 0, 0, 0, 1, 0, 1, 0, 0, 0, 0, 0, 1, 1, 0, 0, 0, 0, 1, 1, 1, 0, 1, 1, 1, 1, 1, 0, 1, 0, 0, 1, 1, 0, 0, 1, 0, 0, 0, 0, 0, 1, 0, 0, 1, 1, 0, 0, 0, 0, 0, 0, 1, 0, 0, 0, 1, 1, 0, 1, 1, 0, 0, 0, 1, 1, 1, 0, 0, 1, 1, 0, 0, 1, 1, 0, 0, 0, 0, 0, 0, 1, 1, 1, 0, 0, 1, 0, 1 )
Hint([14,13]+[1,10]+[8,1] add up to 30)
Hint([11,6]+[13,9]+[3,12] add up to 29)
Hint([7,10]+[12,14] add up to 13)
Hint([14,14]+[2,1] add up to 13)
Hint([9,2]+[6,6] add up to 14)
Hint([1,1]+[3,8] add up to 13)
Hint([5,2]+[6,6]+[8,14] add up to 20)
Hint([2,0]+[3,10]+[2,7] add up to 12)
Hint([12,8]+[0,0] add up to 22)
Hint([0,12]+[9,10]+[4,15] add up to 14)
