Level( E, C, A, 7, 0, 2, 9, B, F, 3, D, 6, 8, 1, 4, 5, 3, D, 6, 4, 1, 5, 7, F, 0, 9, A, 8, 2, E, C, B, 8, F, 2, 0, A, 3, 4, C, 5, 1, E, B, 7, D, 6, 9, B, 1, 9, 5, D, E, 6, 8, 4, 7, 2, C, 0, A, F, 3, D, A, 8, 9, 4, B, E, 0, C, F, 1, 7, 3, 6, 5, 2, 5, 6, E, 1, F, 7, 2, 9, A, B, 3, 0, 4, C, 8, D, 4, 3, 0, 2, 5, D, C, 1, 6, 8, 9, E, B, F, 7, A, F, 7, B, C, 8, A, 3, 6, D, 4, 5, 2, 1, 9, E, 0, C, 5, 4, 6, 2, 0, 1, E, B, D, 8, 3, A, 7, 9, F, 2, 0, 1, 8, 9, 4, B, D, 7, A, 6, F, C, 5, 3, E, 9, B, F, A, 3, 6, 5, 7, E, C, 4, 1, D, 0, 2, 8, 7, E, D, 3, C, F, 8, A, 2, 5, 0, 9, 6, B, 1, 4, 1, 8, C, D, 6, 9, A, 2, 3, 0, F, 5, E, 4, B, 7, 6, 2, 7, F, B, 8, D, 4, 9, E, C, A, 5, 3, 0, 1, A, 9, 5, B, E, C, 0, 3, 1, 2, 7, 4, F, 8, D, 6, 0, 4, 3, E, 7, 1, F, 5, 8, 6, B, D, 9, 2, A, C )
Visible( 1, 1, 0, 1, 1, 0, 0, 1, 0, 1, 0, 0, 0, 0, 0, 0, 0, 0, 0, 1, 0, 0, 0, 1, 1, 0, 0, 0, 1, 1, 0, 0, 0, 0, 1, 1, 0, 1, 1, 0, 1, 1, 1, 0, 1, 0, 0, 1, 1, 1, 0, 0, 0, 1, 1, 0, 1, 1, 0, 1, 0, 1, 0, 1, 0, 1, 0, 0, 0, 0, 0, 1, 0, 1, 1, 1, 1, 0, 0, 0, 0, 0, 0, 0, 1, 1, 0, 0, 0, 1, 1, 0, 1, 0, 1, 1, 1, 0, 0, 0, 1, 1, 1, 1, 1, 0, 0, 1, 1, 0, 0, 1, 1, 0, 0, 0, 1, 0, 1, 0, 0, 1, 1, 0, 0, 0, 1, 0, 0, 0, 0, 1, 0, 0, 1, 1, 0, 1, 1, 0, 1, 0, 0, 0, 0, 0, 0, 1, 1, 1, 1, 1, 1, 0, 0, 1, 1, 0, 0, 1, 1, 0, 0, 1, 1, 0, 1, 0, 0, 1, 0, 0, 0, 1, 0, 0, 0, 0, 1, 1, 1, 0, 0, 0, 0, 1, 1, 0, 0, 1, 0, 1, 0, 0, 1, 1, 0, 1, 1, 1, 1, 0, 1, 1, 1, 0, 0, 1, 0, 0, 1, 1, 0, 1, 1, 0, 0, 0, 1, 0, 0, 1, 1, 0, 0, 1, 0, 1, 1, 1, 0, 0, 0, 1, 1, 0, 0, 0, 1, 0, 1, 0, 1, 0, 0, 1, 1, 1, 1, 1, 0, 1, 0, 0, 1, 0 )
Hint([12,12]+[1,2]+[6,14] add up to 29)
Hint([9,15]+[15,7]+[2,7] add up to 17)
Hint([10,1]+[9,6] add up to 18)
Hint([12,14]+[2,7] add up to 26)
Hint([10,6]+[8,3] add up to 13)
Hint([1,2]+[3,14] add up to 26)
Hint([1,14]+[9,4]+[7,6] add up to 25)
Hint([15,3]+[4,14]+[3,13] add up to 32)
Hint([10,3]+[15,3] add up to 5)
Hint([14,1]+[6,6]+[3,8] add up to 30)
