Level( 2, 7, 6, 4, 1, 3, 8, 9, 5, 5, 1, 4, 6, 9, 8, 7, 3, 2, 8, 9, 3, 5, 7, 2, 6, 4, 1, 1, 3, 2, 8, 6, 7, 9, 5, 4, 6, 4, 9, 1, 2, 5, 3, 8, 7, 7, 8, 5, 9, 3, 4, 2, 1, 6, 9, 5, 8, 7, 4, 6, 1, 2, 3, 3, 6, 1, 2, 5, 9, 4, 7, 8, 4, 2, 7, 3, 8, 1, 5, 6, 9 )
Visible( 0, 0, 0, 0, 0, 0, 0, 0, 0, 0, 0, 1, 0, 0, 1, 1, 1, 1, 1, 1, 0, 0, 1, 0, 0, 1, 0, 1, 0, 0, 1, 0, 0, 1, 0, 0, 1, 1, 0, 0, 1, 1, 0, 0, 0, 0, 0, 1, 0, 0, 1, 0, 1, 0, 0, 0, 0, 1, 0, 0, 0, 0, 0, 0, 1, 0, 0, 0, 0, 0, 1, 0, 0, 1, 0, 0, 0, 0, 1, 0, 1 )
Hint([8,2]+[8,1]+[3,1] add up to 6)
Hint([7,8]+[8,7]+[2,0] add up to 17)
Hint([5,3]+[6,2] add up to 11)
Hint([7,4]+[0,8] add up to 10)
Hint([7,2]+[4,0] add up to 3)
Hint([1,1]+[2,1] add up to 3)
Hint([1,8]+[5,3]+[4,8] add up to 14)
Hint([0,1]+[2,0]+[0,3] add up to 9)
Hint([8,3]+[0,0]+[6,6] add up to 4)
Hint([3,6]+[2,7]+[6,2] add up to 11)
