Level( 1, 8, 6, 7, 9, 5, 3, 4, 2, 7, 5, 3, 2, 1, 4, 9, 6, 8, 9, 2, 4, 6, 3, 8, 1, 7, 5, 3, 7, 5, 8, 4, 1, 6, 2, 9, 2, 9, 8, 5, 6, 3, 4, 1, 7, 6, 4, 1, 9, 7, 2, 8, 5, 3, 8, 3, 7, 1, 2, 6, 5, 9, 4, 5, 6, 9, 4, 8, 7, 2, 3, 1, 4, 1, 2, 3, 5, 9, 7, 8, 6 )
Visible( 0, 1, 1, 0, 1, 0, 0, 0, 0, 0, 0, 0, 0, 0, 1, 0, 0, 0, 0, 1, 0, 1, 0, 0, 0, 1, 0, 0, 0, 1, 0, 1, 0, 0, 1, 1, 0, 0, 1, 0, 0, 0, 0, 0, 0, 1, 0, 1, 1, 0, 0, 0, 0, 1, 0, 1, 0, 1, 0, 0, 1, 0, 0, 1, 0, 1, 0, 1, 0, 0, 0, 1, 0, 0, 0, 1, 0, 0, 1, 0, 1 )
Hint([8,4]+[0,7]+[5,2] add up to 17)
Hint([5,7]+[8,7]+[2,5] add up to 6)
Hint([6,8]+[7,7] add up to 8)
Hint([7,0]+[8,3] add up to 11)
Hint([6,8]+[5,6] add up to 11)
Hint([0,0]+[1,1] add up to 4)
Hint([0,0]+[3,2]+[4,3] add up to 8)
Hint([1,6]+[3,4]+[0,8] add up to 9)
Hint([7,7]+[1,1] add up to 6)
Hint([8,4]+[4,8]+[3,8] add up to 12)
