Level( 5, 1, 4, 9, 7, 2, 6, 3, 8, 3, 9, 8, 6, 4, 1, 2, 5, 7, 6, 7, 2, 3, 8, 5, 1, 4, 9, 4, 6, 9, 8, 5, 7, 3, 2, 1, 7, 8, 5, 1, 2, 3, 4, 9, 6, 2, 3, 1, 4, 9, 6, 7, 8, 5, 1, 4, 3, 5, 6, 9, 8, 7, 2, 8, 5, 7, 2, 1, 4, 9, 6, 3, 9, 2, 6, 7, 3, 8, 5, 1, 4 )
Visible( 0, 1, 0, 1, 0, 0, 0, 0, 0, 1, 0, 0, 1, 1, 0, 1, 0, 1, 0, 1, 0, 0, 0, 1, 0, 0, 0, 0, 0, 1, 0, 0, 0, 1, 0, 0, 0, 1, 0, 1, 0, 0, 0, 1, 0, 1, 0, 0, 0, 0, 0, 0, 1, 0, 1, 1, 0, 0, 0, 1, 0, 0, 0, 0, 0, 0, 1, 0, 0, 0, 1, 0, 0, 0, 0, 1, 1, 0, 0, 0, 0 )
Hint([7,7]+[1,7]+[5,2] add up to 13)
Hint([7,7]+[8,6]+[2,5] add up to 6)
Hint([5,4]+[6,4] add up to 5)
Hint([7,0]+[8,5] add up to 6)
Hint([7,1]+[4,5] add up to 12)
Hint([7,8]+[3,5] add up to 3)
Hint([2,2]+[3,3]+[4,3] add up to 12)
Hint([8,5]+[3,6]+[1,0] add up to 8)
Hint([7,5]+[0,4]+[7,0] add up to 15)
Hint([4,7]+[2,7]+[6,3] add up to 8)
