Level( 8, 3, 6, 9, 2, 5, 1, 7, 4, 1, 2, 4, 3, 7, 6, 8, 5, 9, 5, 9, 7, 1, 8, 4, 3, 6, 2, 6, 4, 8, 5, 9, 1, 2, 3, 7, 7, 5, 9, 2, 3, 8, 6, 4, 1, 2, 1, 3, 6, 4, 7, 5, 9, 8, 9, 7, 2, 8, 6, 3, 4, 1, 5, 3, 8, 5, 4, 1, 9, 7, 2, 6, 4, 6, 1, 7, 5, 2, 9, 8, 3 )
Visible( 0, 1, 1, 0, 1, 1, 0, 0, 1, 0, 0, 1, 1, 0, 0, 1, 0, 1, 0, 0, 1, 0, 0, 1, 0, 0, 0, 0, 1, 0, 0, 0, 0, 0, 0, 0, 0, 1, 0, 0, 0, 1, 0, 0, 0, 0, 1, 1, 1, 0, 0, 0, 1, 0, 0, 0, 0, 1, 0, 0, 1, 1, 0, 0, 1, 0, 0, 1, 1, 0, 0, 1, 0, 0, 0, 1, 0, 0, 0, 0, 0 )
Hint([8,8]+[1,1]+[3,7] add up to 6)
Hint([5,0]+[6,8]+[2,7] add up to 16)
Hint([4,6]+[7,8] add up to 12)
Hint([5,6]+[0,1] add up to 2)
Hint([7,6]+[5,4] add up to 7)
Hint([8,1]+[1,4] add up to 12)
Hint([1,8]+[5,1]+[4,2] add up to 17)
Hint([8,2]+[2,1]+[0,1] add up to 4)
Hint([6,4]+[0,6]+[8,0] add up to 16)
Hint([4,6]+[2,0]+[4,5] add up to 13)
