Level( B, 6, 1, E, 2, 0, 7, F, 3, 5, 8, C, 4, D, 9, A, 4, C, A, 7, 5, E, 9, 8, D, F, 6, 2, 0, 1, 3, B, 0, 8, D, 2, 3, 1, B, C, E, 4, 9, A, 6, 5, F, 7, 5, F, 3, 9, 6, 4, A, D, 0, 7, B, 1, E, 8, C, 2, 3, 9, F, 6, 4, 8, 1, 0, B, E, 2, 5, 7, C, A, D, D, 1, 7, 5, C, 2, 6, 3, 4, 9, A, 0, B, F, 8, E, E, 2, B, 8, 9, D, F, A, 7, 1, C, 6, 5, 0, 4, 3, A, 0, C, 4, E, 7, 5, B, 8, 3, F, D, 2, 9, 1, 6, 7, D, 0, F, B, 5, C, 1, 6, A, 3, 4, 8, E, 2, 9, 1, 4, 6, A, 0, F, 3, E, 2, 8, 7, 9, C, B, D, 5, 2, 3, E, C, 8, A, D, 9, 5, 0, 1, B, F, 7, 6, 4, 9, 5, 8, B, 7, 6, 2, 4, F, C, D, E, A, 3, 0, 1, 6, B, 4, 3, D, C, 8, 5, 9, 2, 0, 7, 1, A, E, F, F, A, 2, D, 1, 3, E, 6, C, B, 5, 8, 9, 4, 7, 0, 8, E, 5, 1, F, 9, 0, 7, A, 6, 4, 3, D, 2, B, C, C, 7, 9, 0, A, B, 4, 2, 1, D, E, F, 3, 6, 5, 8 )
Visible( 1, 0, 0, 0, 0, 0, 1, 0, 1, 0, 1, 0, 1, 0, 0, 0, 0, 1, 0, 0, 1, 0, 1, 0, 0, 1, 0, 1, 0, 1, 0, 1, 1, 0, 1, 1, 1, 0, 1, 0, 1, 1, 0, 1, 0, 0, 0, 1, 1, 1, 0, 0, 0, 0, 0, 0, 0, 0, 0, 1, 0, 0, 1, 1, 1, 1, 0, 0, 0, 1, 1, 0, 0, 1, 1, 1, 1, 1, 0, 1, 0, 0, 1, 0, 1, 1, 0, 0, 1, 0, 1, 0, 1, 0, 0, 0, 0, 1, 1, 0, 1, 1, 0, 1, 1, 1, 0, 0, 0, 1, 1, 1, 0, 0, 0, 0, 0, 0, 1, 1, 1, 1, 0, 1, 0, 0, 0, 0, 1, 1, 0, 0, 0, 1, 1, 1, 0, 0, 0, 1, 0, 1, 0, 0, 0, 0, 1, 0, 1, 0, 1, 0, 0, 1, 1, 0, 0, 1, 0, 0, 1, 1, 0, 1, 1, 0, 0, 0, 0, 0, 0, 0, 1, 0, 1, 0, 0, 1, 1, 1, 0, 0, 1, 1, 0, 0, 1, 0, 0, 1, 1, 1, 1, 0, 0, 1, 0, 0, 1, 0, 1, 1, 1, 0, 1, 1, 0, 1, 0, 0, 1, 1, 1, 0, 1, 0, 0, 0, 0, 0, 1, 1, 0, 0, 0, 1, 0, 1, 0, 1, 0, 0, 0, 1, 0, 0, 1, 1, 1, 0, 1, 1, 0, 0, 0, 0, 0, 0, 0, 1, 1, 1, 1, 0, 1, 0 )
Hint([12,10]+[1,7]+[7,15] add up to 17)
Hint([9,15]+[15,2]+[1,7] add up to 20)
Hint([9,4]+[10,8] add up to 17)
Hint([13,6]+[0,15] add up to 12)
Hint([11,3]+[7,6] add up to 11)
Hint([15,1]+[3,4] add up to 17)
Hint([3,6]+[7,9]+[9,7] add up to 25)
Hint([0,13]+[7,6]+[1,7] add up to 25)
Hint([13,8]+[1,10] add up to 17)
Hint([14,15]+[10,7]+[3,12] add up to 23)
