Level( 9, 3, 4, 5, 2, 1, 6, 7, 8, 7, 5, 6, 8, 4, 9, 3, 2, 1, 2, 1, 8, 7, 3, 6, 5, 9, 4, 6, 8, 1, 9, 7, 2, 4, 3, 5, 5, 7, 3, 6, 1, 4, 2, 8, 9, 4, 9, 2, 3, 5, 8, 1, 6, 7, 3, 2, 5, 4, 9, 7, 8, 1, 6, 1, 6, 7, 2, 8, 5, 9, 4, 3, 8, 4, 9, 1, 6, 3, 7, 5, 2 )
Visible( 0, 0, 1, 0, 0, 1, 0, 0, 1, 0, 0, 0, 0, 1, 0, 0, 0, 1, 1, 0, 0, 0, 1, 1, 1, 0, 0, 0, 0, 1, 0, 1, 0, 0, 1, 0, 1, 0, 0, 0, 0, 0, 1, 0, 0, 0, 1, 0, 0, 1, 0, 0, 0, 0, 0, 0, 0, 0, 0, 0, 0, 0, 0, 0, 1, 1, 0, 0, 0, 1, 1, 0, 1, 0, 0, 0, 1, 1, 1, 0, 0 )
Hint([8,6]+[0,4]+[4,1] add up to 12)
Hint([6,0]+[6,8]+[2,3] add up to 11)
Hint([5,2]+[5,5] add up to 12)
Hint([5,2]+[8,4] add up to 13)
Hint([5,4]+[4,6] add up to 11)
Hint([0,2]+[2,3] add up to 1)
Hint([2,2]+[3,2]+[4,7] add up to 20)
Hint([8,1]+[2,1]+[0,4] add up to 9)
Hint([7,5]+[0,8] add up to 12)
Hint([0,3]+[4,3]+[1,0] add up to 13)
