Level( 1, 6, 9, 3, 8, 7, 2, 4, 5, 4, 8, 3, 5, 1, 2, 7, 9, 6, 5, 2, 7, 4, 9, 6, 8, 1, 3, 8, 1, 5, 6, 4, 9, 3, 7, 2, 9, 7, 6, 8, 2, 3, 4, 5, 1, 3, 4, 2, 7, 5, 1, 6, 8, 9, 7, 5, 1, 2, 6, 4, 9, 3, 8, 2, 9, 4, 1, 3, 8, 5, 6, 7, 6, 3, 8, 9, 7, 5, 1, 2, 4 )
Visible( 1, 0, 0, 0, 0, 1, 0, 0, 0, 0, 1, 0, 1, 0, 0, 0, 0, 1, 0, 0, 1, 1, 1, 0, 0, 0, 0, 0, 1, 0, 0, 0, 0, 0, 1, 0, 1, 0, 0, 0, 1, 1, 0, 1, 0, 0, 1, 1, 0, 1, 0, 0, 0, 0, 1, 0, 0, 0, 0, 0, 1, 1, 0, 0, 0, 0, 1, 0, 1, 0, 0, 0, 0, 0, 1, 0, 0, 0, 1, 1, 0 )
Hint([6,8]+[1,8]+[5,2] add up to 7)
Hint([7,1]+[6,6]+[2,5] add up to 17)
Hint([5,3]+[6,1] add up to 14)
Hint([7,4]+[0,4] add up to 12)
Hint([6,5]+[4,6] add up to 10)
Hint([0,2]+[2,7] add up to 7)
Hint([1,2]+[3,4]+[4,8] add up to 14)
Hint([0,6]+[3,6]+[1,1] add up to 14)
Hint([6,1]+[8,2]+[7,7] add up to 13)
Hint([4,0]+[0,4] add up to 15)
