Level( 3, 9, 2, 4, 5, 6, 8, 7, 1, 1, 4, 6, 8, 7, 2, 3, 5, 9, 8, 7, 5, 1, 9, 3, 2, 4, 6, 9, 5, 7, 6, 8, 1, 4, 3, 2, 4, 1, 3, 5, 2, 7, 9, 6, 8, 6, 2, 8, 9, 3, 4, 7, 1, 5, 7, 3, 1, 2, 6, 8, 5, 9, 4, 2, 6, 9, 7, 4, 5, 1, 8, 3, 5, 8, 4, 3, 1, 9, 6, 2, 7 )
Visible( 1, 0, 1, 0, 0, 0, 0, 1, 0, 0, 1, 0, 1, 1, 0, 0, 0, 0, 0, 1, 0, 0, 0, 1, 0, 0, 0, 1, 0, 0, 0, 0, 1, 0, 1, 0, 0, 1, 0, 0, 0, 0, 0, 1, 1, 1, 1, 0, 1, 0, 0, 0, 0, 0, 0, 0, 0, 0, 1, 0, 0, 1, 0, 1, 0, 0, 1, 0, 0, 0, 0, 0, 0, 1, 1, 0, 1, 0, 0, 0, 1 )
Hint([8,7]+[1,5]+[4,8] add up to 3)
Hint([7,4]+[7,4]+[1,3] add up to 14)
Hint([5,5]+[6,3] add up to 6)
Hint([7,8]+[1,0] add up to 9)
Hint([6,1]+[4,1] add up to 8)
Hint([8,0]+[1,1] add up to 3)
Hint([2,2]+[3,0]+[3,6] add up to 8)
Hint([0,3]+[2,5]+[1,3] add up to 19)
Hint([7,4]+[0,3]+[7,8] add up to 14)
Hint([5,4]+[1,2] add up to 12)
