Level( 1, 5, 8, 2, 3, 6, 7, 9, 4, 4, 3, 9, 5, 8, 7, 1, 2, 6, 7, 2, 6, 9, 4, 1, 3, 5, 8, 2, 8, 5, 7, 9, 3, 6, 4, 1, 6, 4, 3, 1, 2, 5, 9, 8, 7, 9, 1, 7, 8, 6, 4, 5, 3, 2, 5, 9, 1, 4, 7, 2, 8, 6, 3, 8, 6, 2, 3, 1, 9, 4, 7, 5, 3, 7, 4, 6, 5, 8, 2, 1, 9 )
Visible( 0, 1, 0, 1, 1, 0, 0, 0, 1, 1, 0, 0, 0, 1, 0, 1, 0, 0, 0, 0, 0, 0, 0, 0, 1, 1, 0, 0, 0, 0, 1, 0, 0, 1, 1, 0, 1, 0, 0, 1, 0, 1, 1, 0, 0, 0, 1, 0, 0, 0, 0, 0, 1, 0, 0, 0, 1, 1, 0, 0, 0, 0, 0, 0, 1, 0, 0, 0, 0, 0, 0, 0, 0, 1, 0, 1, 0, 1, 1, 1, 0 )
Hint([8,0]+[8,4]+[4,0] add up to 11)
Hint([6,8]+[8,4]+[1,5] add up to 7)
Hint([4,6]+[7,3] add up to 9)
Hint([6,8]+[1,7] add up to 6)
Hint([5,5]+[5,6] add up to 4)
Hint([8,3]+[2,7] add up to 1)
Hint([1,6]+[4,7]+[5,5] add up to 11)
Hint([1,1]+[2,6]+[1,0] add up to 6)
Hint([7,4]+[0,6]+[8,3] add up to 11)
Hint([5,6]+[2,1]+[4,2] add up to 12)
