Level( 9, 7, 5, 8, 2, 1, 6, 3, 4, 1, 8, 2, 6, 4, 3, 5, 9, 7, 3, 6, 4, 5, 7, 9, 8, 2, 1, 2, 3, 1, 7, 5, 4, 9, 6, 8, 6, 4, 7, 2, 9, 8, 3, 1, 5, 8, 5, 9, 1, 3, 6, 4, 7, 2, 7, 9, 3, 4, 8, 2, 1, 5, 6, 4, 2, 6, 3, 1, 5, 7, 8, 9, 5, 1, 8, 9, 6, 7, 2, 4, 3 )
Visible( 0, 0, 1, 0, 1, 1, 0, 0, 0, 0, 1, 0, 0, 0, 0, 0, 1, 1, 0, 0, 1, 1, 0, 0, 0, 0, 0, 0, 0, 1, 0, 1, 0, 0, 0, 1, 0, 0, 0, 0, 0, 0, 1, 1, 0, 0, 0, 0, 0, 1, 1, 1, 0, 0, 1, 0, 0, 0, 0, 1, 1, 0, 0, 1, 0, 0, 0, 0, 0, 0, 0, 1, 0, 0, 1, 0, 0, 1, 0, 1, 0 )
Hint([8,3]+[0,3]+[4,7] add up to 8)
Hint([7,4]+[7,6]+[2,5] add up to 12)
Hint([4,8]+[7,2] add up to 6)
Hint([6,2]+[8,5] add up to 8)
Hint([5,3]+[4,5] add up to 5)
Hint([8,0]+[1,6] add up to 11)
Hint([1,2]+[3,8]+[5,1] add up to 15)
Hint([1,1]+[2,6]+[1,0] add up to 15)
Hint([8,3]+[0,8]+[8,8] add up to 13)
Hint([3,4]+[1,5] add up to 5)
