Level( 7, 2, 1, 6, 4, 3, 5, 8, 9, 9, 6, 3, 7, 8, 5, 2, 1, 4, 8, 5, 4, 9, 1, 2, 7, 6, 3, 4, 3, 5, 8, 6, 9, 1, 7, 2, 6, 7, 2, 1, 3, 4, 8, 9, 5, 1, 8, 9, 2, 5, 7, 4, 3, 6, 5, 9, 6, 4, 7, 8, 3, 2, 1, 3, 1, 8, 5, 2, 6, 9, 4, 7, 2, 4, 7, 3, 9, 1, 6, 5, 8 )
Visible( 1, 0, 0, 0, 0, 1, 0, 0, 0, 0, 0, 0, 0, 0, 0, 1, 0, 0, 1, 0, 0, 0, 1, 0, 0, 1, 1, 0, 0, 1, 1, 1, 0, 0, 0, 0, 0, 0, 1, 0, 0, 1, 0, 0, 1, 1, 1, 1, 1, 0, 1, 0, 0, 0, 0, 0, 1, 1, 0, 0, 0, 0, 0, 0, 0, 0, 0, 0, 0, 1, 0, 1, 0, 0, 0, 0, 0, 0, 0, 1, 1 )
Hint([7,1]+[8,1]+[3,8] add up to 5)
Hint([5,4]+[7,3]+[1,3] add up to 11)
Hint([5,2]+[5,4] add up to 4)
Hint([7,6]+[1,1] add up to 6)
Hint([5,6]+[5,8] add up to 7)
Hint([0,2]+[2,0] add up to 7)
Hint([3,1]+[3,7] add up to 10)
Hint([4,4]+[0,2]+[2,4] add up to 10)
Hint([0,0]+[6,8] add up to 11)
Hint([8,0]+[7,5] add up to 10)
