Level( 1, 8, 5, B, 2, C, 4, E, 3, 7, F, A, 9, 6, D, 0, 7, 4, 3, 0, A, 1, 5, 8, 9, 6, C, D, 2, E, B, F, D, 2, 9, 6, 3, 0, F, 7, E, 4, B, 8, C, 1, A, 5, F, C, E, A, 6, D, B, 9, 2, 0, 1, 5, 8, 4, 3, 7, 0, D, 8, C, 9, B, E, F, 7, 1, 2, 3, 4, A, 5, 6, 3, 9, B, E, 4, 6, 8, A, C, D, 5, F, 1, 7, 0, 2, 5, 1, 4, F, 0, 7, 2, D, 8, E, A, 6, 3, 9, C, B, 2, 6, A, 7, 5, 3, C, 1, 4, B, 0, 9, E, F, 8, D, 9, A, 7, 5, 8, F, 1, 6, D, C, E, 0, B, 3, 2, 4, E, F, D, 4, B, 2, 3, C, A, 9, 8, 7, 0, 5, 6, 1, C, 3, 0, 2, E, A, D, 4, 1, 5, 6, B, F, 8, 7, 9, 8, B, 6, 1, 7, 5, 9, 0, F, 2, 3, 4, D, C, E, A, 6, E, 1, 8, D, 9, 7, 3, B, A, 4, 2, 5, 0, F, C, A, 7, C, D, F, 4, 0, B, 5, 8, 9, E, 6, 2, 1, 3, 4, 0, 2, 3, C, 8, A, 5, 6, F, D, 1, 7, B, 9, E, B, 5, F, 9, 1, E, 6, 2, 0, 3, 7, C, A, D, 4, 8 )
Visible( 0, 0, 0, 0, 0, 1, 0, 0, 0, 1, 1, 0, 1, 0, 0, 0, 0, 1, 0, 0, 0, 1, 0, 1, 1, 0, 0, 0, 0, 0, 1, 0, 1, 1, 0, 0, 0, 1, 1, 1, 0, 1, 0, 0, 0, 0, 1, 1, 1, 0, 1, 1, 1, 1, 1, 1, 0, 0, 0, 0, 0, 1, 0, 0, 1, 1, 1, 0, 0, 1, 0, 0, 1, 1, 0, 0, 0, 0, 1, 1, 1, 0, 0, 1, 1, 1, 0, 0, 0, 1, 1, 1, 0, 1, 1, 1, 0, 1, 0, 1, 0, 0, 1, 0, 1, 0, 1, 1, 1, 0, 0, 0, 1, 0, 0, 0, 1, 0, 0, 0, 0, 0, 0, 1, 1, 1, 0, 0, 1, 0, 1, 1, 0, 1, 1, 1, 0, 0, 0, 1, 0, 1, 1, 0, 1, 0, 0, 0, 1, 0, 1, 0, 1, 0, 0, 0, 0, 0, 0, 0, 1, 1, 1, 0, 0, 0, 1, 1, 1, 1, 0, 1, 0, 0, 0, 0, 1, 1, 1, 1, 0, 1, 1, 0, 0, 0, 0, 0, 1, 1, 1, 0, 0, 0, 0, 1, 1, 1, 0, 1, 0, 0, 1, 1, 1, 0, 1, 0, 0, 0, 0, 0, 0, 0, 1, 1, 1, 1, 0, 0, 1, 1, 0, 0, 1, 0, 0, 0, 1, 0, 0, 0, 0, 1, 0, 0, 0, 1, 1, 0, 1, 1, 1, 1, 0, 1, 0, 0, 0, 0, 0, 0, 1, 0, 1, 1 )
Hint([11,5]+[15,10]+[8,1] add up to 33)
Hint([11,0]+[11,9]+[3,2] add up to 23)
Hint([7,4]+[10,5] add up to 20)
Hint([13,6]+[0,5] add up to 12)
Hint([12,12]+[9,5] add up to 18)
Hint([15,1]+[3,6] add up to 30)
Hint([1,3]+[6,8]+[8,8] add up to 26)
Hint([15,14]+[7,14]+[3,12] add up to 27)
Hint([13,15]+[2,10] add up to 13)
Hint([14,11]+[9,13]+[5,13] add up to 26)
