Level( D, F, 9, 4, C, E, 7, B, A, 8, 2, 0, 3, 5, 1, 6, 1, C, A, 8, F, 2, 0, 5, 6, 7, D, 3, 4, 9, B, E, E, 0, 7, 3, 9, 6, 1, D, B, F, 5, 4, 2, A, 8, C, 6, 5, B, 2, 8, A, 4, 3, E, 9, C, 1, D, F, 7, 0, 5, A, E, 0, 6, 1, B, C, 9, 2, 3, 7, F, 4, D, 8, 8, D, F, 1, 2, 4, 9, E, C, B, 0, 5, 6, 7, 3, A, 4, 7, 3, B, D, 0, A, 8, 1, 6, F, E, 5, C, 9, 2, C, 2, 6, 9, 3, 7, 5, F, 8, A, 4, D, E, B, 0, 1, 3, 6, C, 7, B, 8, 2, 0, 4, 5, 1, 9, A, D, E, F, 0, 9, 1, E, A, D, F, 7, 2, C, 6, B, 8, 3, 4, 5, 2, 4, 5, A, 1, 3, 6, 9, F, D, E, 8, B, 0, C, 7, B, 8, D, F, E, 5, C, 4, 3, 0, 7, A, 1, 6, 2, 9, 9, 3, 4, C, 0, F, 8, 2, D, E, A, 6, 7, 1, 5, B, A, B, 0, 6, 7, C, D, 1, 5, 4, 8, 2, 9, E, F, 3, 7, 1, 8, D, 5, 9, E, A, 0, 3, B, F, C, 2, 6, 4, F, E, 2, 5, 4, B, 3, 6, 7, 1, 9, C, 0, 8, A, D )
Visible( 0, 0, 0, 1, 1, 1, 0, 0, 1, 0, 1, 0, 0, 0, 1, 1, 1, 1, 0, 1, 0, 1, 1, 0, 1, 1, 0, 0, 1, 0, 0, 0, 0, 0, 0, 0, 1, 1, 0, 1, 1, 0, 0, 1, 0, 1, 0, 0, 0, 1, 1, 0, 0, 0, 0, 1, 1, 0, 0, 0, 0, 1, 1, 1, 1, 0, 0, 1, 0, 1, 0, 0, 1, 1, 1, 0, 0, 0, 1, 0, 0, 1, 0, 0, 0, 0, 0, 1, 0, 1, 0, 1, 0, 1, 0, 0, 0, 1, 1, 0, 1, 1, 1, 1, 1, 0, 1, 0, 0, 0, 0, 1, 0, 1, 1, 1, 0, 0, 0, 0, 1, 0, 0, 0, 1, 1, 0, 1, 1, 0, 0, 0, 1, 0, 0, 1, 0, 1, 1, 0, 0, 0, 0, 0, 0, 0, 1, 0, 0, 1, 1, 1, 0, 0, 1, 1, 1, 1, 1, 0, 0, 1, 0, 0, 0, 1, 0, 1, 1, 0, 1, 1, 1, 0, 0, 1, 1, 0, 0, 0, 0, 0, 0, 0, 1, 0, 0, 1, 1, 1, 1, 0, 0, 0, 1, 0, 0, 1, 1, 1, 0, 0, 1, 1, 0, 1, 1, 0, 1, 1, 0, 0, 0, 0, 0, 0, 0, 0, 0, 0, 0, 1, 1, 1, 1, 1, 0, 0, 0, 1, 0, 1, 1, 1, 0, 0, 0, 1, 1, 1, 0, 0, 0, 1, 0, 1, 0, 1, 1, 0, 1, 1, 1, 1, 0, 0 )
Hint([14,3]+[15,6]+[7,15] add up to 15)
Hint([10,15]+[15,2]+[1,2] add up to 21)
Hint([10,1]+[9,15] add up to 14)
Hint([10,15]+[2,4] add up to 23)
Hint([10,13]+[10,4] add up to 11)
Hint([15,13]+[6,8] add up to 5)
Hint([5,5]+[7,10]+[9,3] add up to 22)
Hint([2,10]+[6,10]+[2,11] add up to 24)
Hint([12,1]+[15,12] add up to 15)
Hint([14,12]+[9,13]+[4,1] add up to 24)
