Level( 6, 1, 8, 3, 2, 4, 5, 7, 9, 2, 7, 9, 8, 5, 1, 6, 4, 3, 3, 4, 5, 7, 9, 6, 2, 8, 1, 7, 6, 2, 1, 8, 9, 3, 5, 4, 8, 5, 3, 4, 6, 7, 1, 9, 2, 1, 9, 4, 2, 3, 5, 7, 6, 8, 5, 8, 6, 9, 1, 2, 4, 3, 7, 4, 3, 1, 5, 7, 8, 9, 2, 6, 9, 2, 7, 6, 4, 3, 8, 1, 5 )
Visible( 0, 1, 0, 1, 0, 1, 0, 0, 0, 0, 0, 1, 0, 0, 0, 1, 0, 0, 0, 0, 1, 1, 0, 0, 1, 0, 0, 0, 1, 0, 0, 0, 0, 0, 0, 0, 1, 0, 0, 0, 1, 0, 1, 1, 0, 0, 0, 1, 0, 0, 1, 0, 0, 1, 1, 0, 0, 1, 0, 0, 0, 1, 1, 0, 1, 0, 0, 0, 0, 0, 1, 0, 0, 0, 1, 1, 0, 0, 0, 0, 0 )
Hint([7,7]+[1,1]+[3,8] add up to 12)
Hint([5,2]+[7,7]+[2,0] add up to 13)
Hint([6,1]+[5,2] add up to 10)
Hint([5,1]+[8,0] add up to 8)
Hint([6,2]+[4,5] add up to 3)
Hint([1,8]+[3,0] add up to 3)
Hint([2,0]+[3,5] add up to 8)
Hint([6,5]+[0,8]+[4,7] add up to 20)
Hint([0,2]+[6,4] add up to 2)
Hint([8,8]+[0,5] add up to 4)
