Level( 8, 1, 5, 2, 3, 7, 6, 9, 4, 6, 9, 3, 4, 1, 8, 5, 2, 7, 2, 7, 4, 9, 5, 6, 3, 8, 1, 5, 6, 9, 7, 8, 4, 1, 3, 2, 1, 4, 2, 3, 6, 5, 8, 7, 9, 3, 8, 7, 1, 2, 9, 4, 6, 5, 7, 3, 8, 5, 9, 1, 2, 4, 6, 9, 2, 1, 6, 4, 3, 7, 5, 8, 4, 5, 6, 8, 7, 2, 9, 1, 3 )
Visible( 1, 0, 1, 1, 0, 0, 0, 1, 0, 0, 0, 0, 0, 0, 0, 0, 0, 0, 0, 0, 1, 1, 0, 0, 0, 1, 1, 0, 0, 1, 0, 1, 1, 0, 0, 0, 0, 0, 0, 1, 1, 0, 1, 0, 0, 0, 0, 1, 0, 0, 0, 0, 0, 1, 1, 0, 0, 0, 0, 0, 0, 0, 1, 1, 0, 1, 0, 0, 0, 0, 0, 0, 1, 0, 0, 1, 1, 1, 0, 0, 0 )
Hint([7,1]+[8,1]+[3,4] add up to 9)
Hint([5,6]+[8,5]+[1,2] add up to 10)
Hint([5,2]+[5,2] add up to 10)
Hint([5,0]+[8,8] add up to 8)
Hint([6,8]+[5,5] add up to 16)
Hint([8,8]+[4,8] add up to 8)
Hint([2,7]+[5,1]+[3,2] add up to 15)
Hint([1,0]+[2,1]+[0,0] add up to 9)
Hint([6,5]+[0,2]+[7,5] add up to 9)
Hint([4,1]+[1,1]+[4,5] add up to 9)
