Level( 4, 2, 3, 9, 5, 1, 8, 7, 6, 6, 9, 5, 8, 7, 3, 1, 4, 2, 8, 1, 7, 6, 4, 2, 3, 5, 9, 5, 6, 8, 4, 3, 7, 9, 2, 1, 1, 7, 4, 2, 6, 9, 5, 8, 3, 9, 3, 2, 5, 1, 8, 7, 6, 4, 2, 4, 9, 1, 8, 5, 6, 3, 7, 7, 5, 1, 3, 2, 6, 4, 9, 8, 3, 8, 6, 7, 9, 4, 2, 1, 5 )
Visible( 0, 1, 0, 1, 0, 0, 1, 0, 0, 1, 0, 0, 0, 0, 0, 0, 1, 0, 0, 0, 1, 0, 0, 1, 0, 1, 0, 0, 0, 1, 0, 1, 0, 1, 0, 0, 0, 1, 0, 0, 0, 1, 0, 1, 0, 0, 0, 0, 0, 1, 0, 1, 0, 0, 0, 1, 1, 0, 1, 1, 0, 1, 0, 0, 0, 0, 0, 0, 0, 0, 0, 0, 1, 0, 0, 1, 0, 0, 0, 1, 1 )
Hint([8,3]+[0,7]+[5,8] add up to 9)
Hint([6,2]+[7,4]+[1,2] add up to 9)
Hint([4,0]+[5,4] add up to 12)
Hint([5,7]+[1,0] add up to 6)
Hint([5,2]+[4,2] add up to 4)
Hint([0,4]+[2,8] add up to 5)
Hint([3,4]+[4,1]+[4,7] add up to 8)
Hint([1,3]+[3,7]+[1,7] add up to 11)
Hint([6,3]+[0,2] add up to 15)
Hint([0,5]+[5,6]+[2,3] add up to 19)
