Level( 1, 7, 6, 9, 3, 2, 5, 8, 4, 5, 2, 9, 7, 8, 4, 6, 3, 1, 3, 4, 8, 6, 5, 1, 2, 7, 9, 9, 5, 7, 3, 1, 6, 8, 4, 2, 6, 8, 2, 5, 4, 7, 1, 9, 3, 4, 3, 1, 2, 9, 8, 7, 6, 5, 8, 9, 5, 1, 6, 3, 4, 2, 7, 2, 6, 3, 4, 7, 5, 9, 1, 8, 7, 1, 4, 8, 2, 9, 3, 5, 6 )
Visible( 1, 0, 0, 1, 0, 1, 0, 1, 0, 0, 0, 0, 0, 0, 0, 1, 0, 0, 1, 1, 1, 1, 0, 0, 0, 0, 0, 0, 0, 1, 0, 0, 1, 0, 0, 1, 0, 0, 0, 1, 0, 0, 1, 0, 0, 1, 0, 0, 0, 0, 0, 1, 0, 0, 0, 1, 0, 0, 0, 0, 0, 0, 0, 1, 0, 1, 0, 1, 0, 1, 0, 1, 0, 0, 0, 1, 0, 0, 0, 1, 0 )
Hint([7,5]+[0,5]+[4,8] add up to 9)
Hint([5,0]+[6,5]+[1,2] add up to 10)
Hint([4,7]+[7,3] add up to 9)
Hint([6,8]+[1,0] add up to 8)
Hint([5,6]+[5,5] add up to 9)
Hint([1,7]+[3,7] add up to 8)
Hint([3,7]+[5,5]+[5,4] add up to 16)
Hint([8,4]+[3,1]+[0,8] add up to 14)
Hint([5,7]+[1,8] add up to 4)
Hint([0,6]+[5,5]+[2,3] add up to 20)
