Level( 6, 0, 3, 9, 1, 5, 2, 4, 7, C, 8, D, E, F, B, A, F, B, E, 4, D, C, 6, 0, 2, A, 1, 3, 5, 9, 7, 8, D, C, A, 5, E, B, 8, 7, F, 9, 6, 0, 1, 3, 2, 4, 7, 2, 8, 1, 3, A, F, 9, B, 5, E, 4, D, 0, C, 6, 0, D, 7, 3, C, 4, E, 5, 1, 8, F, 6, A, 2, 9, B, C, 1, 5, 6, 8, F, 9, 2, A, 4, D, B, 3, 7, 0, E, 4, E, F, B, A, D, 0, 3, C, 7, 9, 2, 8, 6, 5, 1, 9, A, 2, 8, B, 7, 1, 6, 3, 0, 5, E, F, 4, D, C, 8, 3, 4, E, 2, 6, 7, A, 9, D, 0, 1, B, C, F, 5, A, F, 0, 7, 9, 1, B, C, 8, 2, 3, 5, 4, E, 6, D, B, 9, 6, C, 5, E, D, 8, 4, F, A, 7, 0, 1, 3, 2, 1, 5, D, 2, 4, 0, 3, F, 6, E, B, C, 7, A, 8, 9, E, 8, 1, 0, 6, 9, C, B, D, 3, 4, F, 2, 5, A, 7, 2, 7, B, A, F, 3, 5, D, E, 1, C, 9, 6, 8, 4, 0, 5, 6, 9, F, 7, 8, 4, E, 0, B, 2, A, C, D, 1, 3, 3, 4, C, D, 0, 2, A, 1, 5, 6, 7, 8, 9, B, E, F )
Visible( 1, 0, 0, 1, 0, 0, 0, 1, 1, 0, 1, 1, 1, 0, 1, 1, 0, 1, 0, 1, 0, 1, 1, 0, 0, 1, 0, 1, 1, 1, 1, 1, 0, 0, 1, 1, 0, 1, 1, 1, 0, 1, 0, 0, 1, 0, 1, 1, 0, 1, 1, 0, 1, 0, 0, 1, 0, 0, 1, 1, 0, 1, 0, 0, 0, 0, 0, 1, 0, 1, 1, 0, 1, 0, 1, 0, 0, 0, 0, 1, 0, 0, 0, 1, 1, 0, 0, 1, 1, 0, 1, 1, 1, 1, 0, 1, 0, 1, 1, 0, 1, 1, 0, 1, 0, 0, 1, 1, 1, 0, 1, 0, 0, 1, 1, 1, 0, 0, 0, 0, 0, 0, 1, 0, 0, 1, 0, 0, 0, 0, 1, 1, 0, 1, 0, 1, 1, 0, 1, 0, 0, 1, 0, 0, 1, 0, 0, 0, 0, 0, 1, 0, 1, 0, 0, 0, 0, 0, 1, 0, 1, 0, 1, 0, 1, 0, 1, 1, 1, 0, 1, 0, 0, 1, 1, 0, 0, 1, 1, 0, 1, 1, 0, 1, 0, 0, 0, 1, 1, 1, 1, 1, 0, 0, 1, 0, 0, 0, 1, 1, 0, 0, 0, 1, 0, 0, 1, 0, 1, 0, 1, 1, 0, 1, 0, 1, 0, 1, 0, 0, 0, 0, 1, 1, 0, 0, 1, 0, 1, 0, 0, 0, 0, 0, 0, 0, 1, 1, 1, 1, 1, 1, 0, 1, 1, 0, 1, 0, 0, 1, 0, 1, 1, 0, 0, 1 )
Hint([13,10]+[1,10]+[8,3] add up to 21)
Hint([11,4]+[12,12]+[3,8] add up to 22)
Hint([7,12]+[12,4] add up to 21)
Hint([10,8]+[0,2] add up to 13)
Hint([11,5]+[7,2] add up to 18)
Hint([14,15]+[7,14] add up to 28)
Hint([1,6]+[7,14]+[10,10] add up to 38)
Hint([15,11]+[6,13]+[3,15] add up to 27)
Hint([13,14]+[2,12] add up to 14)
Hint([0,11]+[9,12]+[4,13] add up to 19)
