Level( 9, 5, 6, 8, 1, 7, 2, 4, 3, 8, 4, 3, 6, 2, 5, 1, 7, 9, 1, 2, 7, 9, 3, 4, 5, 8, 6, 2, 7, 5, 3, 9, 1, 4, 6, 8, 6, 9, 1, 2, 4, 8, 3, 5, 7, 4, 3, 8, 7, 5, 6, 9, 1, 2, 7, 1, 2, 4, 6, 3, 8, 9, 5, 3, 8, 4, 5, 7, 9, 6, 2, 1, 5, 6, 9, 1, 8, 2, 7, 3, 4 )
Visible( 0, 0, 1, 0, 1, 0, 1, 0, 0, 0, 1, 0, 0, 0, 1, 0, 0, 0, 0, 0, 1, 0, 0, 0, 0, 0, 1, 1, 0, 0, 1, 0, 0, 0, 0, 0, 0, 1, 0, 1, 0, 1, 0, 0, 0, 0, 0, 1, 0, 0, 0, 1, 1, 0, 0, 0, 0, 0, 0, 1, 0, 1, 0, 0, 0, 0, 1, 0, 0, 0, 0, 0, 0, 1, 1, 0, 0, 0, 1, 0, 1 )
Hint([7,5]+[0,1]+[3,4] add up to 8)
Hint([5,0]+[6,0]+[0,4] add up to 12)
Hint([5,0]+[5,5] add up to 11)
Hint([6,7]+[1,3] add up to 11)
Hint([6,2]+[4,0] add up to 4)
Hint([1,0]+[1,6] add up to 4)
Hint([1,0]+[3,8]+[6,6] add up to 11)
Hint([0,2]+[2,1]+[0,7] add up to 4)
Hint([6,5]+[0,3] add up to 9)
Hint([8,6]+[5,7]+[2,3] add up to 16)
