Level( 7, 5, 8, 3, 2, 6, 9, 1, 4, 1, 3, 6, 7, 9, 4, 5, 8, 2, 4, 2, 9, 8, 1, 5, 7, 6, 3, 3, 9, 5, 1, 4, 8, 6, 2, 7, 8, 6, 1, 2, 3, 7, 4, 5, 9, 2, 4, 7, 5, 6, 9, 8, 3, 1, 9, 1, 4, 6, 5, 2, 3, 7, 8, 6, 8, 2, 4, 7, 3, 1, 9, 5, 5, 7, 3, 9, 8, 1, 2, 4, 6 )
Visible( 1, 0, 0, 0, 0, 0, 1, 0, 0, 0, 0, 1, 0, 1, 0, 0, 1, 0, 0, 1, 0, 1, 1, 1, 0, 0, 0, 1, 0, 0, 0, 1, 0, 0, 1, 1, 1, 0, 0, 1, 0, 1, 1, 0, 0, 0, 0, 0, 0, 0, 0, 0, 0, 1, 0, 0, 1, 1, 0, 1, 0, 0, 0, 0, 0, 0, 1, 1, 0, 0, 1, 1, 0, 0, 0, 0, 0, 0, 1, 0, 0 )
Hint([6,4]+[0,3]+[4,6] add up to 9)
Hint([6,1]+[6,0]+[0,4] add up to 19)
Hint([6,7]+[7,8] add up to 3)
Hint([6,6]+[0,3] add up to 4)
Hint([7,7]+[5,3] add up to 15)
Hint([7,4]+[2,4] add up to 4)
Hint([1,0]+[3,8]+[6,1] add up to 16)
Hint([0,4]+[3,5]+[1,0] add up to 15)
Hint([7,6]+[1,7]+[8,3] add up to 19)
Hint([4,5]+[2,2]+[5,6] add up to 14)
