Level( 5, 4, 7, 1, 2, 8, 6, 3, 9, 2, 3, 9, 7, 4, 6, 5, 8, 1, 6, 8, 1, 5, 3, 9, 2, 4, 7, 9, 6, 4, 3, 8, 7, 1, 2, 5, 7, 1, 5, 2, 9, 4, 3, 6, 8, 8, 2, 3, 6, 1, 5, 7, 9, 4, 3, 7, 8, 4, 6, 1, 9, 5, 2, 4, 5, 6, 9, 7, 2, 8, 1, 3, 1, 9, 2, 8, 5, 3, 4, 7, 6 )
Visible( 1, 0, 0, 0, 1, 0, 0, 1, 0, 0, 0, 1, 0, 0, 0, 0, 1, 0, 0, 0, 1, 0, 0, 0, 1, 0, 0, 0, 0, 0, 1, 1, 0, 0, 1, 1, 1, 0, 0, 1, 1, 0, 1, 0, 0, 0, 0, 1, 0, 0, 0, 0, 0, 1, 0, 1, 0, 0, 1, 0, 1, 0, 0, 0, 0, 0, 1, 0, 0, 0, 1, 0, 1, 0, 1, 0, 1, 0, 1, 0, 0 )
Hint([7,2]+[8,4]+[4,1] add up to 13)
Hint([6,0]+[6,2]+[1,2] add up to 13)
Hint([4,5]+[6,6] add up to 8)
Hint([6,1]+[8,3] add up to 8)
Hint([6,5]+[5,5] add up to 10)
Hint([8,7]+[3,6] add up to 5)
Hint([1,2]+[3,4]+[4,3] add up to 15)
Hint([1,4]+[3,2]+[0,6] add up to 6)
Hint([6,2]+[8,8] add up to 6)
Hint([8,5]+[5,5] add up to 7)
