Level( 8, 2, 3, 6, 5, 9, 1, 7, 4, 7, 1, 9, 8, 3, 4, 2, 5, 6, 4, 5, 6, 1, 2, 7, 3, 9, 8, 5, 9, 2, 7, 1, 6, 8, 4, 3, 6, 4, 7, 9, 8, 3, 5, 1, 2, 3, 8, 1, 2, 4, 5, 9, 6, 7, 1, 7, 5, 3, 6, 2, 4, 8, 9, 9, 3, 8, 4, 7, 1, 6, 2, 5, 2, 6, 4, 5, 9, 8, 7, 3, 1 )
Visible( 1, 0, 0, 0, 0, 1, 0, 1, 1, 1, 0, 1, 1, 0, 0, 1, 0, 0, 0, 1, 0, 1, 0, 0, 0, 0, 1, 0, 0, 0, 0, 1, 0, 1, 0, 0, 0, 1, 0, 0, 0, 0, 0, 0, 1, 1, 0, 0, 0, 0, 1, 0, 1, 0, 0, 0, 1, 0, 0, 0, 0, 0, 0, 0, 1, 0, 0, 0, 0, 1, 0, 0, 0, 1, 0, 0, 1, 0, 1, 0, 1 )
Hint([8,7]+[1,6]+[5,7] add up to 10)
Hint([6,7]+[8,0]+[0,0] add up to 15)
Hint([4,0]+[5,3] add up to 9)
Hint([7,2]+[8,6] add up to 16)
Hint([6,0]+[3,3] add up to 6)
Hint([0,5]+[3,3] add up to 8)
Hint([2,4]+[4,2]+[4,3] add up to 7)
Hint([1,2]+[2,3]+[0,6] add up to 5)
Hint([6,5]+[0,4] add up to 13)
Hint([7,6]+[5,6]+[2,3] add up to 9)
