Level( 6, 3, 9, 1, 7, 5, 2, 4, 8, 1, 4, 5, 2, 8, 9, 7, 6, 3, 7, 2, 8, 6, 3, 4, 9, 1, 5, 9, 8, 3, 7, 4, 1, 6, 5, 2, 5, 7, 2, 8, 6, 3, 4, 9, 1, 4, 1, 6, 9, 5, 2, 8, 3, 7, 3, 9, 1, 4, 2, 8, 5, 7, 6, 8, 5, 7, 3, 9, 6, 1, 2, 4, 2, 6, 4, 5, 1, 7, 3, 8, 9 )
Visible( 0, 0, 1, 0, 0, 1, 0, 0, 0, 1, 0, 0, 0, 0, 1, 0, 0, 0, 1, 0, 1, 0, 0, 0, 0, 1, 0, 0, 0, 0, 1, 1, 1, 1, 0, 0, 1, 0, 1, 0, 1, 0, 0, 0, 0, 0, 0, 0, 0, 0, 0, 0, 0, 1, 0, 0, 0, 0, 0, 1, 0, 1, 1, 0, 0, 0, 1, 1, 0, 1, 0, 0, 1, 1, 1, 0, 0, 0, 1, 0, 0 )
Hint([8,4]+[0,2]+[4,5] add up to 10)
Hint([6,6]+[8,8]+[2,1] add up to 16)
Hint([4,1]+[5,8] add up to 13)
Hint([6,8]+[1,7] add up to 6)
Hint([6,7]+[5,2] add up to 3)
Hint([0,1]+[2,3] add up to 2)
Hint([2,0]+[3,1]+[3,2] add up to 14)
Hint([0,6]+[4,2]+[0,1] add up to 4)
Hint([8,6]+[0,0]+[6,3] add up to 15)
Hint([4,7]+[2,4]+[5,6] add up to 16)
