Level( 8, 5, 9, 6, 4, 2, 7, 3, 1, 4, 3, 7, 5, 9, 1, 2, 8, 6, 2, 6, 1, 3, 8, 7, 5, 4, 9, 5, 8, 4, 9, 7, 6, 3, 1, 2, 9, 2, 3, 4, 1, 5, 8, 6, 7, 7, 1, 6, 8, 2, 3, 4, 9, 5, 1, 7, 8, 2, 3, 9, 6, 5, 4, 3, 9, 5, 7, 6, 4, 1, 2, 8, 6, 4, 2, 1, 5, 8, 9, 7, 3 )
Visible( 0, 1, 1, 1, 0, 1, 0, 0, 1, 1, 0, 1, 1, 0, 0, 0, 0, 0, 1, 0, 0, 1, 0, 0, 0, 0, 0, 0, 1, 0, 0, 1, 0, 0, 0, 0, 0, 0, 1, 1, 0, 1, 0, 1, 0, 0, 1, 0, 0, 0, 0, 1, 0, 0, 0, 0, 0, 1, 0, 0, 0, 0, 1, 0, 0, 1, 0, 0, 0, 1, 0, 0, 0, 0, 0, 0, 0, 0, 0, 0, 1 )
Hint([7,0]+[8,2]+[3,0] add up to 15)
Hint([5,1]+[6,6]+[2,4] add up to 7)
Hint([6,5]+[6,2] add up to 7)
Hint([6,8]+[1,6] add up to 14)
Hint([5,6]+[5,3] add up to 13)
Hint([8,4]+[2,3] add up to 9)
Hint([2,4]+[4,7]+[5,0] add up to 8)
Hint([8,4]+[3,5] add up to 13)
Hint([0,6]+[7,2] add up to 3)
Hint([8,1]+[7,1]+[3,5] add up to 19)
