Level( 2, 3, 6, 7, 8, 9, 4, 1, 5, 1, 8, 4, 5, 6, 3, 9, 2, 7, 9, 7, 5, 4, 1, 2, 3, 8, 6, 3, 4, 9, 6, 2, 1, 5, 7, 8, 6, 2, 7, 8, 9, 5, 1, 3, 4, 5, 1, 8, 3, 7, 4, 6, 9, 2, 7, 5, 3, 9, 4, 8, 2, 6, 1, 8, 9, 1, 2, 5, 6, 7, 4, 3, 4, 6, 2, 1, 3, 7, 8, 5, 9 )
Visible( 0, 0, 1, 1, 0, 0, 0, 1, 0, 0, 1, 0, 0, 0, 0, 1, 0, 0, 1, 0, 0, 1, 0, 0, 0, 0, 0, 0, 0, 0, 1, 0, 1, 0, 1, 0, 1, 1, 0, 0, 1, 0, 0, 0, 0, 0, 0, 0, 1, 0, 0, 0, 0, 0, 1, 0, 1, 1, 0, 0, 0, 1, 0, 0, 0, 0, 0, 0, 0, 0, 1, 0, 0, 0, 1, 0, 1, 0, 1, 1, 0 )
Hint([7,2]+[8,7]+[5,5] add up to 12)
Hint([6,7]+[8,3]+[1,0] add up to 15)
Hint([6,1]+[5,1] add up to 10)
Hint([7,0]+[8,3] add up to 7)
Hint([5,2]+[4,3] add up to 2)
Hint([8,5]+[3,4] add up to 8)
Hint([1,0]+[3,3]+[4,4] add up to 15)
Hint([0,2]+[2,2]+[0,8] add up to 15)
Hint([5,1]+[8,3] add up to 9)
Hint([8,7]+[5,6]+[2,5] add up to 16)
