Level( 3, 5, 2, 6, 4, 1, 8, 9, 7, 8, 1, 9, 5, 2, 7, 6, 3, 4, 7, 4, 6, 8, 9, 3, 2, 5, 1, 5, 9, 3, 4, 8, 6, 1, 7, 2, 2, 7, 4, 1, 3, 9, 5, 8, 6, 6, 8, 1, 7, 5, 2, 3, 4, 9, 9, 6, 7, 3, 1, 5, 4, 2, 8, 4, 2, 5, 9, 6, 8, 7, 1, 3, 1, 3, 8, 2, 7, 4, 9, 6, 5 )
Visible( 0, 0, 1, 0, 0, 0, 0, 1, 0, 0, 0, 0, 0, 0, 1, 1, 0, 1, 0, 0, 0, 1, 0, 1, 1, 0, 0, 1, 0, 0, 1, 0, 1, 0, 0, 0, 0, 0, 1, 0, 1, 0, 0, 0, 0, 1, 1, 0, 0, 0, 0, 1, 0, 1, 1, 0, 1, 0, 0, 0, 0, 0, 0, 0, 1, 1, 0, 0, 0, 1, 0, 1, 1, 0, 0, 1, 0, 0, 0, 0, 0 )
Hint([7,0]+[8,4]+[4,8] add up to 19)
Hint([7,0]+[6,2]+[1,3] add up to 17)
Hint([5,3]+[6,3] add up to 5)
Hint([6,0]+[8,1] add up to 10)
Hint([7,5]+[5,7] add up to 10)
Hint([8,2]+[2,3] add up to 2)
Hint([1,7]+[5,4]+[4,8] add up to 15)
Hint([0,1]+[2,0]+[0,6] add up to 16)
Hint([7,1]+[8,7] add up to 4)
Hint([7,4]+[4,2]+[1,1] add up to 15)
