Level( 5, 6, 3, 9, 2, 4, 7, 1, 8, 7, 8, 9, 1, 5, 6, 4, 2, 3, 4, 1, 2, 7, 3, 8, 6, 9, 5, 8, 2, 1, 4, 7, 5, 9, 3, 6, 9, 7, 6, 8, 1, 3, 2, 5, 4, 3, 4, 5, 2, 6, 9, 1, 8, 7, 1, 3, 7, 6, 8, 2, 5, 4, 9, 6, 9, 8, 5, 4, 1, 3, 7, 2, 2, 5, 4, 3, 9, 7, 8, 6, 1 )
Visible( 0, 0, 0, 0, 1, 1, 0, 0, 1, 1, 0, 1, 0, 0, 0, 0, 0, 1, 0, 1, 0, 1, 0, 0, 0, 0, 1, 0, 0, 0, 0, 0, 0, 0, 0, 0, 1, 0, 0, 1, 1, 0, 0, 1, 0, 1, 0, 0, 1, 0, 0, 1, 0, 1, 0, 0, 1, 1, 0, 0, 0, 1, 0, 0, 0, 1, 0, 0, 0, 1, 1, 0, 0, 0, 1, 0, 1, 0, 0, 0, 1 )
Hint([6,6]+[0,5]+[4,0] add up to 7)
Hint([6,0]+[6,0]+[0,5] add up to 14)
Hint([5,2]+[5,0] add up to 10)
Hint([7,0]+[8,2] add up to 4)
Hint([7,2]+[4,4] add up to 8)
Hint([1,4]+[2,7] add up to 13)
Hint([1,5]+[4,3]+[4,3] add up to 15)
Hint([8,5]+[3,4]+[0,6] add up to 13)
Hint([6,1]+[8,4] add up to 6)
Hint([7,5]+[4,4]+[2,7] add up to 14)
