Level( 8, 3, 9, 1, 5, 7, 2, 6, 4, 6, 7, 2, 3, 8, 4, 9, 1, 5, 1, 5, 4, 9, 6, 2, 3, 7, 8, 5, 6, 1, 8, 9, 3, 7, 4, 2, 3, 2, 7, 4, 1, 6, 8, 5, 9, 4, 9, 8, 7, 2, 5, 6, 3, 1, 2, 8, 3, 6, 4, 1, 5, 9, 7, 9, 4, 6, 5, 7, 8, 1, 2, 3, 7, 1, 5, 2, 3, 9, 4, 8, 6 )
Visible( 0, 0, 1, 0, 0, 0, 0, 0, 0, 0, 1, 0, 0, 1, 1, 0, 0, 0, 1, 0, 0, 1, 1, 0, 0, 1, 1, 0, 1, 1, 1, 0, 0, 0, 0, 0, 0, 0, 0, 1, 0, 0, 0, 0, 1, 0, 0, 0, 0, 0, 1, 1, 1, 0, 1, 0, 0, 0, 0, 0, 1, 1, 1, 1, 0, 0, 1, 0, 0, 0, 1, 0, 0, 0, 0, 0, 1, 0, 1, 0, 1 )
Hint([8,6]+[0,0]+[3,1] add up to 15)
Hint([5,3]+[7,5]+[1,8] add up to 4)
Hint([4,6]+[6,1] add up to 11)
Hint([6,7]+[1,2] add up to 4)
Hint([7,1]+[3,0] add up to 0)
Hint([8,4]+[2,0] add up to 16)
Hint([1,7]+[5,7] add up to 10)
Hint([4,8]+[1,0]+[2,2] add up to 7)
Hint([0,7]+[8,0] add up to 11)
Hint([7,2]+[7,5]+[4,0] add up to 12)
