Level( 8, 7, 4, 9, 1, 5, 6, 2, 3, 5, 9, 2, 7, 3, 6, 8, 4, 1, 1, 6, 3, 8, 4, 2, 5, 7, 9, 6, 2, 7, 1, 5, 8, 9, 3, 4, 3, 1, 8, 4, 6, 9, 7, 5, 2, 9, 4, 5, 3, 2, 7, 1, 8, 6, 2, 5, 9, 6, 7, 3, 4, 1, 8, 7, 8, 1, 2, 9, 4, 3, 6, 5, 4, 3, 6, 5, 8, 1, 2, 9, 7 )
Visible( 1, 1, 0, 0, 0, 1, 0, 0, 1, 0, 0, 1, 0, 0, 0, 0, 0, 0, 0, 0, 0, 1, 0, 0, 0, 0, 0, 1, 0, 0, 1, 0, 0, 0, 0, 1, 0, 0, 0, 0, 0, 1, 1, 0, 1, 0, 0, 1, 1, 0, 0, 1, 0, 0, 1, 1, 0, 1, 1, 0, 1, 0, 0, 0, 0, 1, 0, 0, 0, 0, 0, 0, 1, 1, 0, 0, 0, 0, 0, 1, 0 )
Hint([8,1]+[8,3]+[4,7] add up to 11)
Hint([5,1]+[6,6]+[2,1] add up to 9)
Hint([4,8]+[7,8] add up to 15)
Hint([6,5]+[0,0] add up to 7)
Hint([6,1]+[3,3] add up to 7)
Hint([0,4]+[2,4] add up to 9)
Hint([1,5]+[4,0]+[3,6] add up to 8)
Hint([0,7]+[4,2]+[0,0] add up to 16)
Hint([7,7]+[1,8]+[8,7] add up to 11)
Hint([4,0]+[0,8] add up to 3)
