Level( D, B, F, C, 9, A, 5, 4, 0, 2, 7, E, 8, 6, 1, 3, 2, 5, 7, 1, 3, 0, E, 6, 8, D, B, 4, 9, A, C, F, 0, A, 8, 3, 1, D, 2, C, 9, 5, 6, F, 7, E, B, 4, 6, E, 9, 4, 7, 8, F, B, 1, C, A, 3, D, 2, 5, 0, 9, 6, 0, 5, F, 4, 8, 1, D, A, 2, B, E, 3, 7, C, 3, C, 4, 8, E, 6, A, 2, F, 9, 1, 7, 0, 5, D, B, 1, 7, A, B, D, 9, C, 3, E, 4, 0, 5, 6, 8, F, 2, F, D, E, 2, 5, B, 7, 0, 3, 6, C, 8, A, 1, 4, 9, E, F, 5, 9, C, 7, B, 8, A, 3, D, 1, 4, 0, 2, 6, B, 2, 6, A, 4, 3, 1, D, 5, F, E, 0, C, 7, 9, 8, 4, 1, D, 0, 2, E, 6, F, 7, 8, 9, C, 3, B, A, 5, 8, 3, C, 7, 0, 5, 9, A, 6, B, 4, 2, 1, F, E, D, C, 0, 2, 6, B, 1, 3, 7, 4, E, 5, 9, F, D, 8, A, 5, 9, 1, F, A, C, D, E, B, 0, 8, 6, 2, 4, 3, 7, A, 8, 3, E, 6, 2, 4, 5, C, 7, F, D, B, 9, 0, 1, 7, 4, B, D, 8, F, 0, 9, 2, 1, 3, A, 5, C, 6, E )
Visible( 0, 0, 0, 0, 0, 0, 1, 1, 1, 1, 0, 0, 0, 0, 0, 0, 0, 0, 0, 0, 1, 0, 1, 1, 0, 0, 0, 1, 1, 0, 1, 0, 1, 0, 1, 0, 1, 1, 0, 0, 0, 0, 1, 0, 0, 0, 1, 0, 1, 1, 1, 1, 0, 1, 0, 0, 1, 0, 0, 0, 1, 0, 1, 1, 0, 0, 0, 1, 1, 0, 0, 0, 0, 1, 0, 0, 1, 0, 1, 1, 0, 1, 1, 1, 0, 1, 0, 1, 1, 1, 1, 0, 0, 1, 0, 1, 0, 1, 0, 0, 0, 0, 1, 1, 0, 0, 0, 0, 1, 1, 0, 0, 1, 1, 1, 1, 0, 1, 0, 0, 1, 0, 0, 1, 1, 0, 1, 1, 1, 1, 0, 1, 0, 0, 0, 1, 0, 0, 1, 0, 1, 1, 1, 0, 0, 1, 0, 1, 1, 1, 1, 0, 1, 1, 0, 0, 1, 0, 1, 0, 0, 1, 1, 0, 0, 1, 0, 0, 1, 1, 0, 0, 0, 1, 1, 0, 0, 0, 1, 0, 0, 1, 0, 0, 1, 0, 0, 0, 0, 1, 0, 0, 1, 1, 0, 0, 1, 0, 1, 1, 0, 1, 1, 1, 1, 1, 0, 0, 0, 1, 0, 0, 0, 1, 1, 1, 1, 1, 1, 0, 1, 0, 0, 1, 0, 0, 1, 1, 1, 1, 0, 1, 0, 0, 1, 0, 1, 1, 1, 1, 0, 1, 1, 1, 0, 1, 1, 0, 1, 0, 1, 0, 0, 0, 0, 0 )
Hint([13,11]+[1,8]+[8,13] add up to 41)
Hint([11,4]+[12,2]+[1,1] add up to 23)
Hint([9,6]+[11,15] add up to 14)
Hint([13,3]+[15,13] add up to 9)
Hint([10,15]+[10,1] add up to 14)
Hint([14,1]+[3,2] add up to 15)
Hint([2,9]+[7,10]+[9,1] add up to 34)
Hint([2,4]+[4,12] add up to 11)
Hint([1,12]+[14,3] add up to 5)
Hint([14,4]+[14,1]+[6,12] add up to 22)
