Level( 3, 5, 8, 6, 1, 7, 9, 2, 4, 4, 2, 6, 5, 3, 9, 1, 7, 8, 9, 1, 7, 2, 4, 8, 3, 5, 6, 8, 9, 5, 4, 6, 1, 7, 3, 2, 7, 6, 3, 9, 8, 2, 4, 1, 5, 1, 4, 2, 3, 7, 5, 8, 6, 9, 5, 7, 9, 8, 2, 3, 6, 4, 1, 6, 8, 1, 7, 5, 4, 2, 9, 3, 2, 3, 4, 1, 9, 6, 5, 8, 7 )
Visible( 1, 1, 0, 0, 0, 0, 0, 0, 0, 0, 0, 0, 1, 0, 1, 0, 0, 0, 0, 0, 0, 0, 1, 1, 0, 0, 0, 0, 0, 0, 1, 1, 0, 0, 1, 0, 1, 1, 0, 0, 0, 1, 0, 0, 1, 1, 0, 0, 0, 1, 0, 0, 0, 1, 0, 1, 0, 0, 0, 0, 1, 0, 1, 0, 0, 0, 0, 0, 0, 1, 0, 0, 0, 0, 1, 0, 0, 0, 0, 1, 1 )
Hint([8,1]+[8,5]+[4,5] add up to 21)
Hint([7,2]+[7,1]+[0,7] add up to 15)
Hint([4,1]+[5,6] add up to 4)
Hint([7,3]+[0,7] add up to 7)
Hint([6,3]+[4,2] add up to 9)
Hint([1,7]+[3,6] add up to 14)
Hint([3,1]+[3,8]+[5,6] add up to 6)
Hint([0,1]+[2,6]+[1,2] add up to 11)
Hint([6,4]+[0,8]+[0,4] add up to 10)
Hint([4,8]+[2,3]+[5,3] add up to 12)
