Level( 5, 9, 6, 3, 8, 7, 1, 4, 2, 4, 3, 2, 5, 9, 1, 6, 8, 7, 8, 1, 7, 2, 6, 4, 3, 5, 9, 9, 5, 4, 1, 7, 3, 2, 6, 8, 6, 7, 1, 8, 5, 2, 4, 9, 3, 2, 8, 3, 9, 4, 6, 7, 1, 5, 1, 6, 9, 7, 3, 5, 8, 2, 4, 3, 2, 8, 4, 1, 9, 5, 7, 6, 7, 4, 5, 6, 2, 8, 9, 3, 1 )
Visible( 0, 0, 1, 0, 0, 0, 1, 0, 0, 0, 1, 0, 0, 0, 0, 1, 0, 0, 1, 0, 1, 0, 0, 0, 0, 0, 0, 1, 0, 1, 0, 0, 0, 0, 0, 1, 0, 0, 0, 0, 1, 1, 0, 1, 0, 0, 0, 1, 0, 1, 0, 0, 1, 0, 1, 0, 0, 1, 0, 0, 0, 1, 0, 0, 0, 0, 0, 0, 1, 0, 0, 1, 0, 0, 1, 1, 0, 0, 1, 1, 0 )
Hint([8,0]+[8,7]+[5,2] add up to 9)
Hint([5,4]+[7,3]+[1,4] add up to 12)
Hint([4,0]+[5,4] add up to 8)
Hint([5,2]+[8,0] add up to 4)
Hint([6,5]+[4,2] add up to 11)
Hint([1,0]+[1,4] add up to 14)
Hint([2,7]+[5,4]+[4,8] add up to 9)
Hint([8,3]+[3,4]+[1,0] add up to 22)
Hint([7,7]+[1,0]+[6,7] add up to 18)
Hint([5,3]+[1,7] add up to 3)
