Level( 5, 8, 1, 7, 2, 6, 3, 9, 4, 7, 3, 2, 9, 8, 4, 6, 5, 1, 6, 9, 4, 1, 5, 3, 7, 2, 8, 1, 2, 3, 4, 9, 8, 5, 7, 6, 4, 5, 6, 3, 7, 2, 8, 1, 9, 9, 7, 8, 5, 6, 1, 4, 3, 2, 8, 1, 5, 6, 3, 9, 2, 4, 7, 2, 4, 7, 8, 1, 5, 9, 6, 3, 3, 6, 9, 2, 4, 7, 1, 8, 5 )
Visible( 1, 1, 0, 0, 0, 0, 0, 0, 1, 1, 0, 1, 1, 0, 1, 0, 0, 1, 0, 0, 0, 0, 0, 1, 1, 0, 0, 0, 0, 0, 0, 0, 0, 0, 0, 0, 0, 0, 1, 0, 0, 0, 1, 0, 0, 1, 0, 0, 1, 0, 0, 0, 1, 1, 1, 0, 0, 0, 1, 1, 0, 0, 0, 0, 0, 0, 0, 0, 1, 0, 0, 0, 0, 1, 1, 1, 0, 0, 1, 1, 0 )
Hint([7,6]+[0,2]+[4,1] add up to 15)
Hint([5,4]+[7,0]+[0,1] add up to 15)
Hint([5,8]+[7,5] add up to 8)
Hint([5,3]+[0,5] add up to 15)
Hint([6,4]+[4,4] add up to 13)
Hint([8,1]+[1,5] add up to 6)
Hint([0,2]+[3,7]+[5,6] add up to 20)
Hint([8,3]+[3,3]+[0,8] add up to 10)
Hint([6,8]+[1,1] add up to 2)
Hint([7,1]+[3,8]+[3,0] add up to 11)
