Level( 6, 5, 7, 4, 9, 3, 8, 2, 1, 4, 9, 2, 8, 6, 1, 3, 5, 7, 3, 8, 1, 7, 5, 2, 9, 4, 6, 5, 1, 3, 2, 7, 6, 4, 9, 8, 7, 6, 9, 5, 8, 4, 1, 3, 2, 8, 2, 4, 3, 1, 9, 6, 7, 5, 2, 4, 8, 1, 3, 7, 5, 6, 9, 1, 7, 6, 9, 4, 5, 2, 8, 3, 9, 3, 5, 6, 2, 8, 7, 1, 4 )
Visible( 0, 0, 0, 0, 0, 0, 1, 0, 0, 0, 1, 1, 0, 0, 0, 0, 0, 0, 1, 0, 0, 1, 1, 0, 0, 1, 1, 1, 0, 0, 0, 1, 0, 0, 0, 1, 0, 1, 0, 0, 1, 0, 1, 1, 0, 0, 0, 0, 1, 0, 1, 0, 1, 0, 1, 0, 1, 0, 1, 0, 0, 0, 0, 0, 1, 0, 0, 1, 1, 0, 0, 0, 0, 0, 0, 1, 0, 0, 0, 0, 0 )
Hint([6,6]+[0,2]+[3,1] add up to 13)
Hint([6,1]+[6,3]+[1,0] add up to 9)
Hint([5,6]+[7,2] add up to 9)
Hint([6,7]+[1,3] add up to 1)
Hint([7,0]+[3,3] add up to 2)
Hint([8,4]+[2,3] add up to 3)
Hint([2,0]+[3,7]+[5,6] add up to 20)
Hint([1,6]+[3,2]+[0,7] add up to 9)
Hint([7,2]+[0,0] add up to 8)
Hint([8,3]+[4,0]+[0,6] add up to 16)
