Level( 1, 6, 9, 7, 2, 8, 3, 5, 4, 8, 4, 5, 3, 1, 9, 6, 7, 2, 2, 3, 7, 4, 6, 5, 1, 8, 9, 3, 1, 2, 8, 9, 4, 7, 6, 5, 5, 7, 4, 6, 3, 1, 2, 9, 8, 6, 9, 8, 5, 7, 2, 4, 1, 3, 4, 5, 6, 1, 8, 3, 9, 2, 7, 9, 8, 1, 2, 4, 7, 5, 3, 6, 7, 2, 3, 9, 5, 6, 8, 4, 1 )
Visible( 0, 0, 0, 1, 0, 1, 0, 1, 0, 1, 0, 0, 1, 0, 0, 1, 0, 0, 0, 1, 1, 0, 0, 0, 0, 0, 1, 1, 0, 0, 0, 0, 0, 0, 0, 0, 1, 0, 0, 0, 0, 1, 0, 0, 0, 1, 0, 0, 0, 1, 1, 0, 0, 1, 1, 0, 0, 0, 0, 0, 0, 1, 0, 1, 1, 0, 0, 0, 0, 0, 0, 0, 0, 0, 0, 1, 0, 1, 0, 1, 1 )
Hint([6,5]+[0,6]+[5,8] add up to 11)
Hint([5,1]+[6,3]+[1,1] add up to 17)
Hint([5,4]+[6,3] add up to 6)
Hint([6,0]+[8,2] add up to 10)
Hint([7,6]+[5,6] add up to 3)
Hint([0,5]+[3,4] add up to 10)
Hint([0,8]+[5,1]+[4,7] add up to 17)
Hint([8,4]+[3,4]+[1,5] add up to 20)
Hint([6,3]+[0,8] add up to 12)
Hint([8,2]+[4,1] add up to 8)
