Level( 8, 5, 1, 6, 3, 7, 2, 9, 4, 6, 4, 2, 9, 5, 1, 8, 3, 7, 7, 9, 3, 2, 8, 4, 6, 5, 1, 1, 8, 4, 3, 7, 2, 5, 6, 9, 3, 2, 9, 4, 6, 5, 1, 7, 8, 5, 6, 7, 1, 9, 8, 4, 2, 3, 4, 1, 6, 7, 2, 3, 9, 8, 5, 9, 7, 5, 8, 4, 6, 3, 1, 2, 2, 3, 8, 5, 1, 9, 7, 4, 6 )
Visible( 0, 1, 0, 0, 0, 1, 0, 0, 1, 0, 1, 1, 0, 0, 0, 0, 0, 0, 0, 1, 0, 1, 1, 0, 0, 0, 0, 0, 1, 1, 0, 1, 0, 1, 0, 0, 1, 0, 0, 0, 0, 0, 1, 0, 0, 0, 1, 0, 0, 0, 0, 0, 0, 1, 0, 0, 0, 0, 1, 0, 1, 0, 0, 0, 0, 0, 1, 0, 0, 0, 0, 1, 0, 0, 0, 1, 1, 0, 1, 0, 1 )
Hint([8,7]+[1,8]+[5,0] add up to 9)
Hint([6,6]+[8,2]+[1,7] add up to 14)
Hint([5,2]+[6,4] add up to 3)
Hint([7,6]+[0,6] add up to 10)
Hint([7,0]+[3,5] add up to 8)
Hint([8,2]+[2,6] add up to 5)
Hint([2,4]+[4,7]+[5,1] add up to 11)
Hint([0,7]+[4,0]+[8,4] add up to 17)
Hint([6,6]+[1,8] add up to 10)
Hint([7,0]+[3,2]+[1,0] add up to 13)
