Level( 9, 4, 3, 8, 6, 2, 5, 1, 7, 2, 7, 5, 9, 4, 1, 6, 3, 8, 6, 1, 8, 5, 7, 3, 9, 2, 4, 1, 5, 2, 4, 3, 8, 7, 9, 6, 8, 6, 7, 1, 5, 9, 3, 4, 2, 4, 3, 9, 7, 2, 6, 8, 5, 1, 3, 8, 6, 2, 9, 4, 1, 7, 5, 5, 9, 4, 6, 1, 7, 2, 8, 3, 7, 2, 1, 3, 8, 5, 4, 6, 9 )
Visible( 0, 0, 0, 0, 1, 1, 1, 0, 0, 0, 1, 0, 0, 1, 0, 0, 1, 0, 0, 0, 1, 1, 0, 0, 0, 0, 1, 0, 1, 0, 1, 1, 0, 1, 0, 0, 1, 1, 0, 1, 0, 0, 0, 0, 0, 0, 0, 1, 0, 0, 0, 1, 0, 0, 0, 0, 0, 0, 0, 0, 0, 0, 1, 0, 0, 1, 0, 0, 1, 1, 0, 0, 0, 0, 0, 0, 0, 0, 1, 0, 1 )
Hint([8,4]+[0,1]+[3,6] add up to 3)
Hint([5,5]+[7,1]+[0,2] add up to 12)
Hint([6,3]+[6,8] add up to 9)
Hint([6,7]+[1,4] add up to 6)
Hint([5,8]+[5,1] add up to 4)
Hint([1,3]+[2,6] add up to 9)
Hint([2,8]+[5,4]+[4,8] add up to 15)
Hint([0,7]+[4,7]+[2,4] add up to 10)
Hint([8,0]+[8,0] add up to 12)
Hint([0,0]+[3,1]+[1,3] add up to 20)
