Level( 9, 0, 7, 2, 8, 1, D, 3, F, 4, 6, 5, A, B, E, C, 8, 1, A, 6, 4, 2, 7, 5, E, C, B, 3, D, 0, F, 9, 3, 4, E, C, F, B, 9, 0, A, D, 1, 7, 2, 6, 8, 5, F, B, D, 5, E, 6, C, A, 0, 8, 9, 2, 1, 3, 4, 7, 1, A, 2, B, 6, E, 8, 7, C, F, 4, D, 9, 5, 0, 3, 0, D, 3, F, A, 9, 2, 4, 5, 7, 8, 1, B, E, C, 6, 6, E, 4, 8, 3, C, 5, 1, 9, B, 0, A, 7, D, 2, F, C, 9, 5, 7, D, F, 0, B, 3, E, 2, 6, 8, A, 1, 4, 2, 5, 8, 3, B, 4, A, 9, 6, 1, D, 0, F, C, 7, E, B, F, C, 0, 5, 8, 1, 6, 7, 2, E, 4, 3, 9, D, A, E, 7, 1, D, C, 0, 3, F, B, 5, A, 9, 4, 8, 6, 2, 4, 6, 9, A, 2, 7, E, D, 8, 3, F, C, 5, 1, B, 0, 5, 8, 6, E, 9, A, F, 2, D, 0, 7, B, C, 4, 3, 1, D, C, F, 1, 0, 3, 4, E, 2, 9, 5, 8, 6, 7, A, B, 7, 2, B, 9, 1, D, 6, C, 4, A, 3, E, 0, F, 5, 8, A, 3, 0, 4, 7, 5, B, 8, 1, 6, C, F, E, 2, 9, D )
Visible( 0, 1, 1, 0, 0, 0, 0, 0, 1, 0, 1, 1, 0, 1, 0, 1, 1, 0, 1, 0, 1, 0, 0, 1, 0, 0, 0, 1, 0, 0, 1, 1, 1, 1, 1, 0, 1, 1, 0, 1, 0, 0, 0, 1, 0, 1, 1, 1, 1, 0, 1, 1, 1, 1, 0, 0, 1, 1, 0, 1, 0, 0, 0, 0, 1, 1, 1, 1, 1, 0, 0, 1, 0, 0, 1, 0, 0, 1, 0, 0, 0, 0, 1, 1, 1, 1, 1, 0, 0, 1, 1, 0, 0, 1, 0, 1, 0, 1, 1, 1, 1, 1, 1, 1, 1, 0, 0, 1, 1, 1, 0, 1, 0, 1, 1, 1, 0, 1, 1, 0, 0, 1, 0, 1, 0, 0, 0, 0, 0, 1, 1, 1, 0, 0, 1, 0, 1, 0, 1, 0, 0, 0, 0, 1, 0, 0, 0, 1, 0, 1, 0, 1, 1, 0, 0, 0, 0, 0, 0, 0, 0, 1, 0, 0, 1, 0, 1, 1, 1, 0, 0, 1, 1, 0, 1, 1, 0, 1, 0, 1, 1, 0, 0, 0, 0, 1, 1, 0, 0, 0, 1, 0, 1, 1, 1, 0, 0, 1, 0, 1, 0, 1, 0, 0, 0, 0, 1, 1, 1, 0, 1, 1, 0, 0, 0, 1, 1, 0, 0, 0, 1, 0, 1, 1, 1, 0, 0, 0, 0, 0, 1, 0, 0, 0, 0, 0, 0, 0, 1, 0, 1, 0, 0, 1, 0, 1, 1, 1, 0, 1, 1, 1, 0, 0, 1, 0 )
Hint([13,7]+[0,10]+[8,7] add up to 27)
Hint([12,11]+[14,9]+[3,10] add up to 31)
Hint([9,6]+[11,5] add up to 12)
Hint([10,15]+[2,1] add up to 22)
Hint([11,9]+[8,4] add up to 16)
Hint([15,3]+[3,13] add up to 8)
Hint([2,10]+[8,8]+[8,4] add up to 19)
Hint([2,5]+[5,4]+[0,13] add up to 30)
Hint([11,4]+[15,5] add up to 19)
Hint([0,1]+[6,1]+[1,0] add up to 15)
