Level( 5, 3, 9, 1, 6, 8, 2, 4, 7, 8, 2, 7, 9, 3, 4, 6, 1, 5, 1, 4, 6, 5, 2, 7, 8, 9, 3, 7, 5, 1, 2, 8, 3, 4, 6, 9, 2, 9, 3, 6, 4, 1, 5, 7, 8, 6, 8, 4, 7, 9, 5, 3, 2, 1, 3, 7, 8, 4, 1, 6, 9, 5, 2, 4, 1, 2, 8, 5, 9, 7, 3, 6, 9, 6, 5, 3, 7, 2, 1, 8, 4 )
Visible( 0, 0, 1, 1, 0, 0, 0, 1, 0, 0, 1, 0, 0, 0, 0, 0, 0, 0, 1, 0, 0, 0, 0, 1, 1, 0, 0, 0, 1, 0, 1, 0, 0, 0, 0, 0, 0, 0, 0, 0, 0, 1, 0, 1, 0, 0, 0, 1, 0, 1, 1, 1, 0, 1, 1, 0, 0, 1, 0, 0, 1, 0, 0, 0, 0, 1, 0, 1, 0, 1, 1, 0, 0, 0, 0, 0, 0, 1, 0, 1, 0 )
Hint([8,3]+[8,4]+[4,5] add up to 23)
Hint([6,5]+[7,1]+[0,0] add up to 6)
Hint([6,2]+[5,5] add up to 11)
Hint([5,2]+[0,5] add up to 11)
Hint([5,7]+[5,7] add up to 16)
Hint([8,2]+[2,3] add up to 2)
Hint([1,5]+[4,6]+[5,5] add up to 11)
Hint([1,0]+[2,7]+[1,8] add up to 8)
Hint([7,5]+[0,3] add up to 7)
Hint([7,6]+[5,1]+[1,1] add up to 8)
