Level( 4, 5, 6, 8, 1, 2, 9, 7, 3, 3, 8, 7, 9, 4, 6, 1, 5, 2, 2, 1, 9, 5, 7, 3, 6, 4, 8, 7, 3, 4, 6, 8, 1, 2, 9, 5, 6, 9, 8, 7, 2, 5, 4, 3, 1, 1, 2, 5, 4, 3, 9, 7, 8, 6, 5, 6, 3, 1, 9, 4, 8, 2, 7, 8, 4, 1, 2, 5, 7, 3, 6, 9, 9, 7, 2, 3, 6, 8, 5, 1, 4 )
Visible( 0, 1, 0, 0, 0, 1, 1, 0, 1, 0, 0, 0, 0, 0, 0, 0, 0, 0, 1, 0, 0, 0, 0, 0, 0, 1, 1, 0, 0, 0, 0, 0, 0, 0, 1, 0, 1, 0, 1, 0, 0, 1, 0, 0, 0, 1, 0, 0, 1, 1, 0, 0, 1, 0, 0, 0, 0, 0, 1, 0, 0, 0, 0, 0, 1, 1, 1, 0, 0, 0, 0, 0, 0, 1, 0, 0, 1, 1, 1, 1, 0 )
Hint([6,2]+[8,7]+[5,3] add up to 13)
Hint([6,2]+[7,4]+[1,0] add up to 11)
Hint([6,7]+[7,4] add up to 4)
Hint([6,8]+[1,2] add up to 4)
Hint([6,0]+[3,8] add up to 10)
Hint([0,6]+[3,2] add up to 8)
Hint([1,2]+[3,0]+[3,6] add up to 7)
Hint([0,0]+[2,8]+[2,6] add up to 6)
Hint([7,0]+[8,1] add up to 7)
Hint([8,8]+[5,3]+[1,4] add up to 11)
