Level( 4, 1, 9, 3, 8, 2, 7, 6, 5, 5, 3, 8, 1, 7, 6, 4, 9, 2, 6, 2, 7, 5, 4, 9, 8, 1, 3, 2, 5, 6, 7, 3, 8, 9, 4, 1, 1, 7, 3, 9, 6, 4, 2, 5, 8, 8, 9, 4, 2, 1, 5, 3, 7, 6, 9, 6, 2, 8, 5, 7, 1, 3, 4, 3, 8, 5, 4, 9, 1, 6, 2, 7, 7, 4, 1, 6, 2, 3, 5, 8, 9 )
Visible( 0, 0, 0, 1, 0, 1, 1, 1, 0, 0, 0, 1, 0, 0, 0, 1, 0, 0, 1, 0, 0, 0, 1, 0, 1, 0, 1, 0, 1, 1, 1, 0, 1, 0, 0, 0, 1, 0, 0, 0, 0, 1, 1, 0, 0, 0, 0, 1, 0, 0, 1, 0, 0, 0, 0, 0, 0, 0, 0, 0, 1, 0, 0, 1, 0, 0, 0, 0, 0, 0, 0, 0, 1, 0, 0, 1, 0, 1, 0, 0, 1 )
Hint([7,1]+[8,2]+[4,1] add up to 16)
Hint([5,2]+[7,5]+[1,1] add up to 16)
Hint([6,4]+[6,5] add up to 3)
Hint([6,1]+[8,2] add up to 5)
Hint([6,6]+[5,2] add up to 8)
Hint([8,7]+[3,3] add up to 12)
Hint([2,1]+[3,3]+[4,8] add up to 14)
Hint([1,7]+[4,1]+[0,4] add up to 13)
Hint([6,0]+[8,1] add up to 7)
Hint([7,7]+[5,4]+[2,1] add up to 11)
