Level( 1, 6, 8, 7, 2, 5, 9, 4, 3, 3, 4, 7, 8, 9, 1, 2, 5, 6, 2, 5, 9, 6, 3, 4, 1, 8, 7, 8, 9, 5, 1, 6, 7, 4, 3, 2, 4, 7, 1, 3, 5, 2, 6, 9, 8, 6, 2, 3, 9, 4, 8, 7, 1, 5, 5, 8, 6, 4, 7, 9, 3, 2, 1, 9, 3, 2, 5, 1, 6, 8, 7, 4, 7, 1, 4, 2, 8, 3, 5, 6, 9 )
Visible( 0, 1, 0, 0, 1, 0, 0, 0, 0, 0, 0, 1, 1, 0, 0, 0, 1, 0, 0, 0, 0, 0, 1, 0, 1, 1, 1, 0, 1, 0, 0, 1, 0, 1, 1, 0, 0, 0, 1, 0, 0, 0, 0, 0, 0, 0, 1, 0, 0, 0, 0, 1, 0, 0, 0, 0, 0, 1, 0, 0, 0, 0, 0, 1, 1, 1, 0, 0, 0, 0, 0, 0, 1, 0, 0, 1, 0, 0, 0, 1, 1 )
Hint([7,8]+[1,8]+[5,5] add up to 12)
Hint([5,6]+[8,2]+[0,0] add up to 14)
Hint([6,4]+[6,4] add up to 10)
Hint([6,5]+[0,4] add up to 9)
Hint([6,2]+[4,8] add up to 7)
Hint([0,0]+[1,3] add up to 8)
Hint([1,6]+[4,8]+[6,1] add up to 15)
Hint([0,0]+[2,8]+[2,5] add up to 5)
Hint([7,1]+[8,0] add up to 6)
Hint([0,7]+[5,5]+[2,8] add up to 18)
