Level( 7, 8, 5, 4, 1, 9, 2, 6, 3, 4, 1, 2, 5, 6, 3, 8, 7, 9, 3, 9, 6, 7, 2, 8, 5, 4, 1, 6, 2, 3, 1, 5, 4, 7, 9, 8, 8, 7, 1, 2, 9, 6, 3, 5, 4, 9, 5, 4, 8, 3, 7, 1, 2, 6, 1, 6, 9, 3, 7, 2, 4, 8, 5, 2, 3, 8, 6, 4, 5, 9, 1, 7, 5, 4, 7, 9, 8, 1, 6, 3, 2 )
Visible( 1, 0, 0, 0, 0, 0, 0, 0, 1, 0, 1, 1, 0, 0, 0, 1, 0, 0, 0, 0, 1, 1, 0, 1, 0, 0, 1, 0, 0, 0, 1, 1, 0, 0, 1, 0, 0, 0, 1, 0, 0, 1, 0, 0, 0, 0, 0, 1, 0, 0, 1, 0, 1, 1, 0, 0, 0, 0, 0, 0, 1, 1, 0, 1, 1, 1, 0, 0, 0, 0, 0, 0, 0, 0, 0, 1, 0, 0, 0, 0, 1 )
Hint([8,5]+[0,3]+[4,5] add up to 12)
Hint([5,6]+[8,2]+[1,0] add up to 8)
Hint([6,7]+[7,2] add up to 11)
Hint([7,7]+[1,3] add up to 1)
Hint([7,6]+[5,1] add up to 9)
Hint([7,7]+[3,4] add up to 1)
Hint([2,8]+[5,1]+[4,7] add up to 11)
Hint([0,1]+[2,1]+[0,2] add up to 6)
Hint([6,5]+[0,6]+[8,5] add up to 5)
Hint([5,1]+[1,7]+[6,2] add up to 8)
