Level( 9, 8, 3, 7, 4, 2, 1, 6, 5, 6, 7, 1, 9, 5, 8, 3, 4, 2, 5, 4, 2, 3, 6, 1, 8, 9, 7, 4, 1, 6, 5, 7, 3, 9, 2, 8, 3, 2, 8, 1, 9, 4, 5, 7, 6, 7, 9, 5, 8, 2, 6, 4, 1, 3, 2, 6, 9, 4, 8, 5, 7, 3, 1, 1, 5, 4, 2, 3, 7, 6, 8, 9, 8, 3, 7, 6, 1, 9, 2, 5, 4 )
Visible( 1, 0, 1, 0, 0, 0, 1, 1, 0, 1, 1, 0, 0, 1, 1, 0, 0, 0, 0, 0, 0, 0, 0, 0, 0, 0, 0, 0, 0, 0, 0, 1, 1, 0, 0, 0, 0, 1, 1, 0, 0, 0, 0, 1, 0, 0, 0, 0, 0, 0, 0, 0, 1, 0, 0, 0, 1, 0, 0, 0, 1, 0, 0, 1, 0, 1, 1, 0, 0, 0, 1, 1, 0, 0, 0, 1, 1, 0, 0, 1, 1 )
Hint([7,3]+[0,5]+[4,8] add up to 7)
Hint([5,4]+[7,6]+[2,2] add up to 6)
Hint([6,8]+[7,3] add up to 2)
Hint([6,7]+[1,8] add up to 7)
Hint([5,3]+[4,8] add up to 2)
Hint([0,4]+[3,5] add up to 9)
Hint([1,2]+[3,1]+[4,2] add up to 16)
Hint([8,6]+[3,6]+[1,4] add up to 4)
Hint([6,1]+[8,3] add up to 9)
Hint([8,7]+[5,6]+[2,3] add up to 17)
