Level( 7, 9, 1, 6, 5, 8, 3, 4, 2, 4, 8, 2, 9, 7, 3, 5, 1, 6, 3, 6, 5, 4, 2, 1, 8, 9, 7, 9, 5, 8, 7, 6, 4, 1, 2, 3, 1, 3, 7, 5, 8, 2, 9, 6, 4, 6, 2, 4, 1, 3, 9, 7, 8, 5, 5, 7, 9, 8, 4, 6, 2, 3, 1, 2, 1, 6, 3, 9, 5, 4, 7, 8, 8, 4, 3, 2, 1, 7, 6, 5, 9 )
Visible( 0, 0, 0, 0, 1, 1, 0, 1, 0, 1, 0, 0, 0, 0, 0, 1, 0, 0, 0, 1, 0, 0, 0, 0, 0, 0, 1, 0, 0, 0, 0, 0, 1, 1, 1, 0, 0, 1, 1, 0, 0, 0, 1, 1, 0, 0, 0, 0, 0, 0, 1, 0, 0, 0, 1, 0, 1, 0, 0, 1, 0, 0, 0, 1, 0, 0, 0, 0, 1, 0, 1, 1, 0, 0, 0, 0, 0, 0, 1, 0, 0 )
Hint([7,4]+[0,5]+[5,3] add up to 13)
Hint([5,1]+[6,4]+[1,8] add up to 13)
Hint([6,2]+[5,3] add up to 10)
Hint([7,1]+[8,4] add up to 3)
Hint([5,4]+[4,2] add up to 2)
Hint([0,7]+[3,7] add up to 3)
Hint([2,6]+[4,0]+[3,6] add up to 19)
Hint([1,1]+[2,5]+[1,4] add up to 12)
Hint([8,0]+[8,7] add up to 8)
Hint([0,4]+[4,7]+[2,4] add up to 14)
