Level( 6, 8, 5, 2, 3, 9, 7, 1, 4, 7, 2, 1, 4, 6, 8, 5, 9, 3, 3, 9, 4, 1, 7, 5, 2, 6, 8, 8, 3, 6, 5, 1, 2, 9, 4, 7, 9, 1, 2, 3, 4, 7, 8, 5, 6, 4, 5, 7, 8, 9, 6, 1, 3, 2, 1, 7, 3, 9, 2, 4, 6, 8, 5, 2, 4, 8, 6, 5, 1, 3, 7, 9, 5, 6, 9, 7, 8, 3, 4, 2, 1 )
Visible( 0, 1, 0, 0, 0, 0, 0, 0, 1, 0, 1, 1, 0, 0, 0, 1, 0, 1, 0, 1, 0, 0, 1, 0, 0, 0, 0, 0, 0, 0, 0, 1, 1, 0, 0, 0, 0, 1, 1, 1, 0, 1, 1, 0, 0, 0, 0, 0, 1, 1, 0, 0, 0, 0, 0, 0, 1, 1, 0, 0, 0, 0, 1, 0, 0, 0, 1, 0, 0, 1, 1, 0, 0, 0, 0, 0, 1, 0, 0, 0, 1 )
Hint([8,2]+[8,1]+[3,4] add up to 11)
Hint([5,3]+[7,3]+[1,5] add up to 8)
Hint([6,4]+[6,5] add up to 7)
Hint([6,5]+[0,8] add up to 4)
Hint([7,8]+[5,3] add up to 2)
Hint([1,8]+[4,7] add up to 9)
Hint([1,3]+[4,8]+[5,1] add up to 16)
Hint([1,4]+[3,3]+[0,7] add up to 5)
Hint([6,2]+[0,7] add up to 2)
Hint([8,2]+[4,2]+[1,3] add up to 15)
