Level( 2, 1, 6, 3, 4, 5, 8, 9, 7, 7, 3, 9, 2, 6, 8, 4, 5, 1, 4, 5, 8, 9, 1, 7, 3, 2, 6, 8, 7, 3, 4, 9, 2, 1, 6, 5, 9, 6, 5, 7, 8, 1, 2, 4, 3, 1, 2, 4, 5, 3, 6, 9, 7, 8, 6, 9, 2, 8, 5, 3, 7, 1, 4, 5, 8, 7, 1, 2, 4, 6, 3, 9, 3, 4, 1, 6, 7, 9, 5, 8, 2 )
Visible( 1, 0, 0, 0, 0, 0, 1, 0, 0, 0, 0, 0, 0, 0, 0, 1, 0, 1, 0, 0, 1, 1, 1, 0, 0, 0, 1, 0, 0, 0, 0, 1, 1, 0, 0, 0, 0, 0, 1, 1, 1, 1, 1, 0, 0, 0, 0, 0, 0, 1, 0, 0, 0, 0, 1, 0, 1, 0, 0, 0, 0, 1, 1, 0, 0, 1, 1, 1, 0, 0, 0, 0, 1, 0, 0, 0, 0, 0, 1, 1, 0 )
Hint([7,8]+[1,6]+[5,4] add up to 15)
Hint([5,6]+[8,2]+[0,3] add up to 14)
Hint([4,5]+[6,3] add up to 2)
Hint([6,0]+[8,1] add up to 7)
Hint([7,3]+[4,5] add up to 7)
Hint([8,5]+[3,4] add up to 13)
Hint([1,6]+[4,6]+[5,1] add up to 19)
Hint([0,5]+[3,7] add up to 0)
Hint([8,1]+[6,3] add up to 0)
Hint([7,0]+[7,8] add up to 15)
