Level( 7, 1, 2, 5, 8, 3, 9, 4, 6, 3, 9, 8, 7, 6, 4, 5, 2, 1, 4, 5, 6, 9, 1, 2, 7, 3, 8, 6, 8, 1, 3, 4, 7, 2, 5, 9, 2, 4, 7, 1, 9, 5, 6, 8, 3, 9, 3, 5, 8, 2, 6, 1, 7, 4, 1, 2, 9, 4, 7, 8, 3, 6, 5, 5, 6, 4, 2, 3, 1, 8, 9, 7, 8, 7, 3, 6, 5, 9, 4, 1, 2 )
Visible( 1, 0, 0, 0, 0, 1, 1, 0, 1, 0, 1, 0, 0, 1, 0, 0, 1, 0, 0, 0, 0, 0, 0, 0, 0, 0, 1, 0, 0, 0, 0, 0, 0, 0, 0, 0, 0, 0, 1, 1, 0, 0, 1, 0, 1, 1, 0, 0, 1, 0, 0, 0, 1, 0, 0, 0, 0, 1, 0, 1, 0, 0, 0, 0, 1, 1, 1, 0, 1, 1, 0, 0, 0, 0, 1, 0, 1, 0, 0, 0, 1 )
Hint([6,3]+[8,7]+[5,4] add up to 11)
Hint([5,3]+[7,8]+[2,3] add up to 6)
Hint([4,2]+[5,1] add up to 3)
Hint([6,0]+[8,5] add up to 11)
Hint([5,4]+[4,7] add up to 6)
Hint([0,3]+[2,2] add up to 10)
Hint([2,0]+[3,8]+[5,5] add up to 11)
Hint([0,1]+[2,1]+[0,4] add up to 10)
Hint([6,3]+[0,7] add up to 5)
Hint([0,6]+[5,3]+[1,0] add up to 6)
