Level( 8, 7, 6, 9, 5, 4, 1, 2, 3, 5, 4, 9, 3, 1, 2, 8, 7, 6, 1, 3, 2, 6, 8, 7, 5, 4, 9, 7, 2, 3, 4, 9, 8, 6, 5, 1, 9, 5, 8, 7, 6, 1, 2, 3, 4, 4, 6, 1, 5, 2, 3, 7, 9, 8, 6, 1, 5, 2, 3, 9, 4, 8, 7, 2, 9, 4, 8, 7, 6, 3, 1, 5, 3, 8, 7, 1, 4, 5, 9, 6, 2 )
Visible( 1, 1, 0, 1, 1, 0, 0, 1, 0, 1, 0, 0, 1, 0, 1, 0, 0, 0, 0, 0, 1, 0, 0, 0, 0, 0, 0, 0, 0, 0, 0, 0, 0, 0, 0, 0, 0, 0, 0, 0, 1, 0, 1, 0, 1, 1, 1, 1, 0, 0, 0, 0, 0, 0, 0, 0, 1, 1, 1, 1, 0, 1, 0, 0, 1, 0, 0, 0, 1, 1, 0, 1, 0, 0, 1, 0, 0, 0, 0, 0, 0 )
Hint([7,0]+[8,2]+[3,0] add up to 17)
Hint([5,1]+[6,6]+[2,4] add up to 11)
Hint([6,5]+[6,2] add up to 10)
Hint([6,8]+[1,6] add up to 8)
Hint([5,6]+[5,3] add up to 15)
Hint([8,4]+[2,3] add up to 5)
Hint([2,4]+[4,7]+[5,0] add up to 16)
Hint([8,4]+[3,5] add up to 7)
Hint([0,6]+[7,2] add up to 8)
Hint([8,1]+[7,1]+[3,5] add up to 15)
