Level( 5, 1, 6, 2, 9, 3, 7, 8, 4, 7, 4, 9, 6, 5, 8, 2, 1, 3, 3, 8, 2, 1, 7, 4, 5, 6, 9, 2, 7, 4, 5, 1, 9, 8, 3, 6, 9, 6, 3, 4, 8, 7, 1, 5, 2, 8, 5, 1, 3, 2, 6, 4, 9, 7, 4, 2, 5, 9, 3, 1, 6, 7, 8, 6, 3, 8, 7, 4, 5, 9, 2, 1, 1, 9, 7, 8, 6, 2, 3, 4, 5 )
Visible( 0, 0, 1, 0, 0, 0, 1, 0, 1, 1, 0, 0, 0, 0, 1, 0, 0, 0, 0, 0, 0, 0, 0, 1, 1, 1, 1, 0, 0, 1, 0, 1, 0, 0, 0, 0, 1, 0, 0, 0, 0, 0, 0, 0, 1, 0, 0, 1, 1, 0, 1, 0, 0, 0, 0, 0, 0, 1, 0, 1, 0, 0, 1, 0, 0, 0, 1, 0, 0, 0, 0, 0, 0, 0, 0, 0, 0, 0, 1, 1, 1 )
Hint([6,7]+[0,2]+[4,6] add up to 12)
Hint([5,4]+[7,0]+[0,3] add up to 14)
Hint([4,1]+[5,5] add up to 9)
Hint([7,2]+[0,4] add up to 13)
Hint([5,6]+[5,8] add up to 1)
Hint([0,8]+[3,2] add up to 0)
Hint([2,4]+[4,8]+[6,6] add up to 12)
Hint([8,6]+[3,2]+[0,0] add up to 11)
Hint([6,3]+[0,2]+[7,5] add up to 17)
Hint([5,2]+[1,8]+[6,1] add up to 12)
