Level( 2, 1, 3, 5, 8, 9, 7, 4, 6, 6, 7, 4, 3, 1, 2, 8, 9, 5, 9, 5, 8, 4, 7, 6, 3, 1, 2, 3, 8, 9, 7, 6, 1, 5, 2, 4, 7, 4, 2, 9, 5, 8, 6, 3, 1, 5, 6, 1, 2, 3, 4, 9, 8, 7, 4, 3, 5, 1, 9, 7, 2, 6, 8, 1, 9, 6, 8, 2, 5, 4, 7, 3, 8, 2, 7, 6, 4, 3, 1, 5, 9 )
Visible( 0, 0, 0, 0, 1, 0, 0, 1, 0, 1, 0, 0, 0, 1, 0, 0, 1, 1, 1, 0, 0, 0, 0, 0, 1, 0, 0, 0, 1, 0, 1, 0, 0, 1, 1, 0, 1, 1, 0, 0, 0, 1, 0, 0, 1, 0, 1, 0, 1, 0, 0, 0, 1, 0, 0, 0, 1, 0, 1, 0, 1, 0, 1, 0, 0, 0, 0, 0, 0, 0, 0, 0, 0, 0, 0, 1, 1, 0, 0, 0, 0 )
Hint([8,7]+[1,7]+[5,1] add up to 11)
Hint([5,5]+[7,4]+[1,0] add up to 5)
Hint([4,5]+[6,4] add up to 7)
Hint([7,4]+[0,3] add up to 4)
Hint([5,1]+[3,4] add up to 9)
Hint([0,4]+[2,0] add up to 8)
Hint([2,3]+[4,2] add up to 14)
Hint([6,5]+[0,7] add up to 8)
Hint([1,7]+[0,1] add up to 13)
Hint([8,7]+[8,5]+[8,4] add up to 8)
