Level( 8, 2, 9, 1, 4, 7, 3, 5, 6, 6, 3, 4, 2, 5, 8, 7, 1, 9, 1, 7, 5, 3, 6, 9, 4, 8, 2, 2, 5, 8, 9, 7, 3, 6, 4, 1, 3, 1, 6, 8, 2, 4, 5, 9, 7, 4, 9, 7, 6, 1, 5, 2, 3, 8, 7, 6, 3, 4, 9, 1, 8, 2, 5, 9, 4, 2, 5, 8, 6, 1, 7, 3, 5, 8, 1, 7, 3, 2, 9, 6, 4 )
Visible( 0, 0, 1, 0, 1, 0, 1, 0, 0, 1, 1, 1, 0, 0, 0, 0, 0, 1, 1, 0, 0, 0, 1, 0, 0, 0, 1, 1, 0, 1, 1, 0, 1, 0, 0, 0, 0, 0, 1, 0, 0, 0, 0, 0, 1, 0, 0, 1, 0, 1, 0, 1, 0, 0, 0, 0, 0, 1, 0, 0, 1, 0, 1, 1, 0, 0, 1, 1, 0, 1, 1, 0, 0, 0, 0, 0, 0, 0, 0, 0, 0 )
Hint([6,2]+[8,2]+[4,5] add up to 4)
Hint([6,1]+[6,1]+[0,0] add up to 19)
Hint([6,2]+[6,8] add up to 11)
Hint([5,8]+[1,6] add up to 6)
Hint([6,4]+[4,6] add up to 12)
Hint([0,8]+[3,1] add up to 5)
Hint([1,5]+[4,6] add up to 16)
Hint([4,1]+[8,8]+[4,7] add up to 14)
Hint([0,1]+[6,0] add up to 7)
Hint([8,2]+[7,6]+[5,8] add up to 3)
