Level( 5, 6, 1, 2, 3, 7, 4, 8, 9, 7, 2, 9, 4, 8, 6, 3, 5, 1, 4, 8, 3, 9, 5, 1, 6, 7, 2, 9, 4, 6, 8, 1, 3, 5, 2, 7, 8, 1, 5, 7, 6, 2, 9, 4, 3, 3, 7, 2, 5, 4, 9, 1, 6, 8, 2, 5, 7, 3, 9, 4, 8, 1, 6, 1, 3, 4, 6, 2, 8, 7, 9, 5, 6, 9, 8, 1, 7, 5, 2, 3, 4 )
Visible( 1, 1, 0, 0, 1, 0, 0, 0, 1, 0, 0, 0, 1, 0, 0, 0, 0, 0, 1, 0, 0, 1, 0, 0, 0, 0, 0, 0, 0, 1, 0, 1, 0, 0, 0, 1, 0, 0, 0, 0, 0, 1, 0, 0, 1, 0, 1, 0, 0, 0, 1, 0, 1, 0, 1, 0, 1, 0, 0, 0, 1, 1, 1, 0, 0, 0, 0, 0, 1, 0, 0, 0, 1, 1, 0, 0, 0, 0, 1, 0, 0 )
Hint([6,8]+[1,8]+[5,2] add up to 9)
Hint([7,1]+[6,6]+[2,5] add up to 12)
Hint([5,3]+[6,1] add up to 4)
Hint([7,4]+[0,4] add up to 10)
Hint([6,5]+[4,6] add up to 8)
Hint([0,2]+[2,7] add up to 6)
Hint([1,2]+[3,4]+[4,8] add up to 19)
Hint([0,6]+[3,6]+[1,1] add up to 4)
Hint([6,1]+[8,2]+[7,7] add up to 11)
Hint([4,0]+[0,4] add up to 9)
