Level( 4, 3, 9, 8, 5, 1, 2, 6, 7, 8, 2, 1, 7, 4, 6, 9, 5, 3, 7, 5, 6, 3, 9, 2, 8, 1, 4, 1, 8, 2, 6, 7, 3, 5, 4, 9, 9, 4, 3, 5, 2, 8, 1, 7, 6, 5, 6, 7, 9, 1, 4, 3, 2, 8, 6, 9, 5, 2, 8, 7, 4, 3, 1, 2, 7, 4, 1, 3, 9, 6, 8, 5, 3, 1, 8, 4, 6, 5, 7, 9, 2 )
Visible( 1, 0, 0, 1, 0, 0, 1, 0, 0, 0, 0, 0, 1, 0, 1, 0, 1, 0, 1, 0, 0, 0, 0, 0, 0, 1, 0, 1, 1, 0, 0, 0, 0, 0, 0, 0, 0, 0, 1, 0, 0, 0, 1, 1, 0, 0, 0, 0, 1, 0, 1, 0, 0, 1, 0, 0, 1, 1, 1, 0, 0, 1, 0, 0, 1, 0, 0, 0, 0, 1, 0, 0, 0, 0, 0, 0, 0, 0, 0, 1, 0 )
Hint([8,8]+[1,5]+[4,3] add up to 12)
Hint([5,2]+[7,1]+[0,0] add up to 8)
Hint([5,8]+[7,3] add up to 7)
Hint([6,2]+[8,5] add up to 14)
Hint([6,3]+[4,4] add up to 5)
Hint([0,2]+[2,3] add up to 7)
Hint([2,6]+[4,8]+[5,2] add up to 10)
Hint([8,7]+[4,4]+[1,2] add up to 9)
Hint([7,3]+[0,7]+[8,0] add up to 10)
Hint([4,5]+[2,3]+[5,8] add up to 5)
