Level( 3, 1, 4, 5, 9, 2, 7, 6, 8, 6, 8, 5, 3, 4, 7, 1, 2, 9, 9, 7, 2, 6, 8, 1, 3, 4, 5, 5, 2, 3, 7, 1, 4, 8, 9, 6, 7, 4, 9, 8, 6, 5, 2, 1, 3, 1, 6, 8, 9, 2, 3, 4, 5, 7, 8, 5, 1, 2, 7, 9, 6, 3, 4, 4, 9, 7, 1, 3, 6, 5, 8, 2, 2, 3, 6, 4, 5, 8, 9, 7, 1 )
Visible( 0, 0, 0, 0, 0, 1, 0, 0, 0, 1, 1, 0, 1, 0, 0, 0, 0, 0, 0, 0, 1, 0, 0, 1, 1, 1, 1, 0, 0, 0, 0, 0, 0, 1, 1, 0, 1, 0, 0, 1, 0, 0, 1, 0, 0, 1, 0, 0, 0, 0, 0, 0, 1, 0, 0, 1, 1, 1, 0, 0, 0, 0, 0, 0, 0, 0, 0, 0, 0, 0, 0, 0, 0, 0, 1, 1, 0, 0, 1, 1, 0 )
Hint([8,6]+[0,2]+[3,1] add up to 13)
Hint([5,3]+[7,2]+[1,2] add up to 12)
Hint([4,1]+[5,5] add up to 5)
Hint([6,2]+[8,3] add up to 7)
Hint([7,5]+[4,4] add up to 9)
Hint([0,2]+[2,8] add up to 13)
Hint([3,1]+[3,2]+[4,3] add up to 7)
Hint([8,3]+[3,0]+[8,2] add up to 13)
Hint([8,3]+[0,0]+[6,3] add up to 14)
Hint([4,2]+[1,0]+[4,6] add up to 13)
