Level( 1, 8, 9, 7, 2, 6, 4, 3, 5, 4, 7, 3, 5, 9, 8, 2, 1, 6, 5, 6, 2, 1, 3, 4, 9, 7, 8, 3, 4, 8, 2, 1, 5, 7, 6, 9, 9, 1, 7, 8, 6, 3, 5, 4, 2, 2, 5, 6, 9, 4, 7, 3, 8, 1, 6, 3, 5, 4, 8, 2, 1, 9, 7, 7, 9, 4, 6, 5, 1, 8, 2, 3, 8, 2, 1, 3, 7, 9, 6, 5, 4 )
Visible( 0, 0, 1, 0, 0, 0, 0, 0, 0, 1, 0, 0, 0, 1, 0, 0, 0, 1, 1, 0, 0, 1, 0, 0, 0, 0, 1, 0, 0, 0, 0, 0, 0, 0, 0, 1, 0, 0, 1, 1, 1, 0, 1, 0, 0, 0, 0, 1, 0, 0, 0, 1, 0, 1, 1, 0, 0, 0, 1, 1, 0, 1, 0, 0, 0, 0, 0, 1, 0, 0, 0, 0, 0, 0, 1, 1, 1, 0, 1, 1, 0 )
Hint([7,7]+[0,2]+[3,6] add up to 8)
Hint([7,2]+[7,2]+[0,4] add up to 20)
Hint([6,3]+[6,5] add up to 8)
Hint([7,1]+[8,1] add up to 5)
Hint([6,7]+[5,7] add up to 7)
Hint([0,0]+[1,5] add up to 4)
Hint([2,3]+[4,3]+[4,3] add up to 7)
Hint([0,6]+[3,8]+[2,3] add up to 14)
Hint([6,6]+[1,1]+[7,0] add up to 8)
Hint([4,5]+[2,8]+[6,7] add up to 10)
