Level( 3, 7, 8, 9, 4, 2, 6, 1, 5, 5, 2, 1, 7, 3, 6, 4, 9, 8, 4, 6, 9, 8, 5, 1, 2, 3, 7, 6, 8, 2, 3, 7, 9, 5, 4, 1, 7, 3, 5, 1, 2, 4, 9, 8, 6, 1, 9, 4, 5, 6, 8, 7, 2, 3, 9, 5, 7, 2, 1, 3, 8, 6, 4, 2, 4, 3, 6, 8, 7, 1, 5, 9, 8, 1, 6, 4, 9, 5, 3, 7, 2 )
Visible( 0, 0, 0, 0, 1, 1, 0, 0, 0, 0, 0, 1, 1, 0, 0, 0, 1, 0, 0, 1, 1, 0, 0, 0, 0, 1, 0, 0, 1, 0, 0, 0, 0, 1, 0, 0, 1, 0, 0, 0, 0, 0, 1, 0, 0, 0, 0, 1, 0, 1, 0, 0, 0, 0, 0, 0, 1, 1, 0, 0, 1, 0, 0, 0, 1, 0, 0, 0, 0, 0, 0, 0, 0, 0, 1, 0, 1, 1, 0, 0, 1 )
Hint([7,3]+[8,8]+[5,1] add up to 9)
Hint([5,1]+[6,0]+[0,3] add up to 15)
Hint([5,5]+[6,4] add up to 15)
Hint([6,4]+[0,3] add up to 13)
Hint([6,8]+[5,8] add up to 6)
Hint([1,0]+[1,3] add up to 13)
Hint([1,4]+[4,4]+[4,4] add up to 4)
Hint([1,1]+[2,2]+[0,1] add up to 13)
Hint([7,1]+[8,5]+[8,4] add up to 15)
Hint([4,7]+[2,7]+[6,4] add up to 17)
