Level( 9, 5, 6, 1, 4, 2, 3, 7, 8, 7, 2, 8, 6, 9, 3, 4, 1, 5, 1, 4, 3, 8, 5, 7, 6, 2, 9, 2, 9, 4, 7, 3, 1, 8, 5, 6, 6, 3, 7, 9, 8, 5, 1, 4, 2, 8, 1, 5, 2, 6, 4, 7, 9, 3, 4, 6, 2, 5, 1, 8, 9, 3, 7, 3, 7, 9, 4, 2, 6, 5, 8, 1, 5, 8, 1, 3, 7, 9, 2, 6, 4 )
Visible( 0, 0, 1, 0, 0, 0, 1, 1, 0, 1, 0, 0, 0, 1, 0, 0, 0, 0, 0, 1, 0, 1, 0, 0, 0, 0, 0, 1, 0, 1, 1, 0, 0, 1, 0, 0, 0, 1, 0, 0, 0, 1, 1, 0, 0, 1, 0, 0, 1, 1, 0, 0, 0, 1, 0, 0, 0, 1, 0, 1, 0, 0, 0, 0, 0, 0, 0, 0, 0, 0, 0, 1, 1, 1, 0, 1, 1, 0, 1, 1, 0 )
Hint([7,6]+[0,2]+[4,2] add up to 6)
Hint([6,5]+[7,4]+[1,4] add up to 11)
Hint([4,3]+[6,2] add up to 7)
Hint([6,4]+[0,8] add up to 4)
Hint([5,0]+[3,4] add up to 9)
Hint([8,7]+[3,4] add up to 8)
Hint([1,0]+[3,6]+[5,5] add up to 11)
Hint([1,4]+[3,5]+[1,6] add up to 8)
Hint([6,3]+[0,6] add up to 10)
Hint([8,0]+[3,7]+[2,5] add up to 14)
