Level( 6, 4, 8, 3, 7, 9, 1, 5, 2, 3, 5, 1, 4, 2, 6, 7, 8, 9, 7, 2, 9, 1, 5, 8, 3, 4, 6, 8, 7, 4, 6, 9, 1, 5, 2, 3, 2, 9, 3, 7, 4, 5, 6, 1, 8, 1, 6, 5, 2, 8, 3, 4, 9, 7, 9, 3, 2, 5, 6, 4, 8, 7, 1, 4, 8, 6, 9, 1, 7, 2, 3, 5, 5, 1, 7, 8, 3, 2, 9, 6, 4 )
Visible( 0, 0, 0, 1, 0, 0, 0, 1, 1, 0, 0, 0, 1, 0, 1, 0, 1, 0, 1, 1, 1, 0, 1, 0, 0, 0, 0, 1, 0, 0, 1, 0, 0, 0, 0, 0, 0, 0, 1, 0, 0, 0, 0, 0, 0, 0, 0, 0, 0, 0, 0, 1, 0, 0, 0, 1, 0, 0, 0, 0, 0, 1, 0, 1, 0, 0, 0, 0, 1, 1, 1, 1, 1, 0, 1, 1, 0, 0, 0, 1, 0 )
Hint([8,3]+[0,4]+[4,3] add up to 11)
Hint([5,7]+[8,3]+[1,7] add up to 15)
Hint([6,3]+[6,6] add up to 11)
Hint([7,6]+[1,5] add up to 11)
Hint([6,1]+[3,1] add up to 9)
Hint([1,4]+[2,5] add up to 12)
Hint([1,6]+[4,0]+[3,2] add up to 8)
Hint([0,1]+[2,6]+[1,2] add up to 4)
Hint([6,3]+[0,1]+[6,0] add up to 6)
Hint([4,5]+[2,7]+[6,8] add up to 20)
