Level( 6, 1, 5, 3, 2, 9, 8, 4, 7, 7, 9, 8, 5, 1, 4, 2, 3, 6, 4, 2, 3, 6, 7, 8, 1, 9, 5, 9, 3, 2, 1, 8, 7, 6, 5, 4, 5, 8, 4, 2, 3, 6, 7, 1, 9, 1, 6, 7, 9, 4, 5, 3, 8, 2, 8, 4, 9, 7, 6, 1, 5, 2, 3, 3, 5, 6, 8, 9, 2, 4, 7, 1, 2, 7, 1, 4, 5, 3, 9, 6, 8 )
Visible( 0, 0, 1, 0, 0, 0, 1, 0, 0, 0, 1, 0, 0, 0, 0, 0, 0, 1, 1, 1, 1, 0, 0, 0, 0, 0, 0, 1, 0, 0, 0, 1, 1, 0, 0, 1, 0, 0, 0, 0, 1, 0, 0, 1, 0, 0, 1, 0, 1, 0, 0, 0, 0, 1, 1, 1, 0, 0, 1, 0, 0, 0, 0, 0, 0, 0, 1, 1, 0, 0, 1, 0, 1, 0, 0, 1, 0, 0, 1, 0, 0 )
Hint([8,7]+[1,3]+[4,3] add up to 9)
Hint([5,0]+[6,8]+[2,1] add up to 23)
Hint([4,4]+[6,8] add up to 10)
Hint([6,3]+[0,6] add up to 12)
Hint([7,4]+[4,4] add up to 2)
Hint([0,7]+[3,5] add up to 10)
Hint([2,7]+[5,2]+[4,3] add up to 19)
Hint([8,4]+[3,2]+[0,4] add up to 17)
Hint([6,7]+[1,0] add up to 3)
Hint([7,4]+[4,5]+[2,8] add up to 3)
