Level( 4, 8, 6, 1, 7, 9, 3, 2, 5, 2, 9, 5, 8, 6, 3, 4, 1, 7, 7, 3, 1, 5, 2, 4, 6, 9, 8, 8, 7, 9, 6, 5, 1, 2, 3, 4, 6, 4, 2, 3, 9, 8, 5, 7, 1, 5, 1, 3, 7, 4, 2, 9, 8, 6, 9, 2, 7, 4, 8, 5, 1, 6, 3, 1, 6, 4, 9, 3, 7, 8, 5, 2, 3, 5, 8, 2, 1, 6, 7, 4, 9 )
Visible( 0, 1, 0, 0, 0, 1, 0, 1, 0, 0, 0, 0, 0, 1, 1, 0, 1, 0, 1, 0, 0, 0, 0, 0, 0, 1, 0, 1, 0, 0, 0, 0, 1, 0, 0, 0, 0, 0, 1, 0, 0, 0, 1, 0, 0, 0, 1, 0, 0, 1, 0, 0, 0, 0, 0, 1, 0, 0, 0, 1, 0, 0, 0, 0, 0, 1, 0, 1, 0, 1, 0, 0, 0, 0, 0, 0, 0, 1, 1, 0, 1 )
Hint([8,4]+[0,5]+[4,8] add up to 4)
Hint([7,2]+[7,8]+[2,0] add up to 16)
Hint([6,4]+[6,0] add up to 6)
Hint([6,3]+[0,0] add up to 4)
Hint([5,7]+[5,7] add up to 12)
Hint([8,6]+[3,0] add up to 2)
Hint([1,1]+[3,7] add up to 16)
Hint([5,5]+[0,0]+[2,0] add up to 9)
Hint([8,0]+[5,0]+[8,3] add up to 15)
Hint([0,5]+[5,4]+[1,1] add up to 19)
