Level( 3, 4, 9, 2, 5, 8, 7, 1, 6, 5, 1, 8, 6, 7, 3, 2, 4, 9, 2, 7, 6, 1, 9, 4, 5, 8, 3, 8, 6, 1, 5, 2, 7, 9, 3, 4, 7, 9, 2, 3, 4, 6, 1, 5, 8, 4, 5, 3, 8, 1, 9, 6, 7, 2, 6, 2, 7, 4, 3, 1, 8, 9, 5, 1, 3, 5, 9, 8, 2, 4, 6, 7, 9, 8, 4, 7, 6, 5, 3, 2, 1 )
Visible( 0, 1, 0, 1, 0, 0, 0, 0, 0, 0, 0, 0, 0, 0, 0, 1, 0, 0, 0, 1, 0, 0, 1, 0, 0, 1, 1, 1, 1, 0, 0, 1, 1, 1, 1, 0, 0, 1, 0, 0, 0, 1, 0, 0, 0, 0, 0, 0, 0, 0, 0, 0, 1, 1, 0, 0, 1, 1, 0, 0, 0, 0, 0, 0, 0, 1, 1, 0, 0, 0, 0, 0, 0, 1, 1, 0, 1, 1, 0, 0, 0 )
Hint([6,1]+[8,8]+[5,8] add up to 5)
Hint([5,8]+[8,4]+[1,1] add up to 11)
Hint([4,8]+[7,4] add up to 9)
Hint([7,8]+[1,3] add up to 6)
Hint([6,7]+[5,6] add up to 3)
Hint([0,0]+[1,3] add up to 7)
Hint([1,0]+[3,3]+[4,8] add up to 12)
Hint([0,4]+[3,6]+[1,0] add up to 12)
Hint([6,2]+[8,8]+[8,3] add up to 7)
Hint([4,4]+[2,4]+[5,0] add up to 11)
