Level( 7, 3, 1, 9, 8, 2, 5, 4, 6, 2, 4, 5, 3, 6, 7, 9, 1, 8, 6, 8, 9, 4, 5, 1, 3, 7, 2, 3, 1, 6, 7, 4, 9, 8, 2, 5, 8, 5, 2, 1, 3, 6, 4, 9, 7, 4, 9, 7, 5, 2, 8, 6, 3, 1, 5, 7, 4, 8, 1, 3, 2, 6, 9, 1, 2, 8, 6, 9, 4, 7, 5, 3, 9, 6, 3, 2, 7, 5, 1, 8, 4 )
Visible( 0, 1, 0, 0, 1, 0, 0, 1, 0, 0, 0, 1, 0, 0, 1, 0, 0, 0, 1, 0, 0, 0, 0, 0, 1, 1, 0, 0, 0, 0, 0, 1, 0, 0, 0, 1, 0, 0, 1, 1, 1, 0, 0, 0, 0, 0, 1, 1, 0, 0, 0, 1, 0, 0, 0, 0, 0, 1, 0, 0, 0, 1, 0, 1, 1, 0, 0, 0, 1, 0, 1, 0, 0, 0, 1, 1, 0, 0, 0, 0, 0 )
Hint([7,4]+[0,0]+[3,7] add up to 19)
Hint([7,7]+[8,3]+[1,1] add up to 11)
Hint([5,5]+[6,1] add up to 15)
Hint([5,3]+[0,2] add up to 13)
Hint([6,5]+[4,4] add up to 7)
Hint([8,5]+[3,7] add up to 5)
Hint([1,5]+[4,7]+[5,6] add up to 18)
Hint([8,3]+[3,1]+[0,6] add up to 10)
Hint([7,4]+[0,1] add up to 9)
Hint([8,2]+[4,5]+[2,1] add up to 6)
