Level( 6, 4, 9, 2, 7, 8, 1, 3, 5, 3, 5, 1, 6, 4, 9, 2, 7, 8, 8, 7, 2, 1, 3, 5, 4, 6, 9, 5, 6, 8, 3, 1, 7, 9, 4, 2, 2, 1, 7, 9, 5, 4, 3, 8, 6, 9, 3, 4, 8, 6, 2, 7, 5, 1, 7, 2, 6, 5, 9, 3, 8, 1, 4, 4, 8, 5, 7, 2, 1, 6, 9, 3, 1, 9, 3, 4, 8, 6, 5, 2, 7 )
Visible( 1, 0, 0, 0, 0, 0, 0, 0, 0, 0, 0, 1, 0, 1, 0, 0, 0, 0, 1, 0, 0, 0, 0, 0, 0, 1, 1, 0, 0, 0, 0, 1, 0, 1, 0, 0, 0, 0, 1, 0, 0, 0, 0, 0, 0, 0, 1, 1, 0, 0, 1, 1, 0, 0, 0, 1, 0, 1, 0, 0, 1, 1, 0, 0, 0, 0, 1, 0, 0, 1, 0, 0, 0, 1, 0, 1, 0, 1, 0, 0, 0 )
Hint([8,5]+[0,1]+[3,0] add up to 3)
Hint([6,2]+[7,7]+[2,8] add up to 13)
Hint([6,6]+[7,8] add up to 8)
Hint([5,1]+[8,0] add up to 12)
Hint([5,0]+[3,4] add up to 15)
Hint([0,5]+[3,8] add up to 11)
Hint([2,3]+[3,4]+[4,4] add up to 19)
Hint([0,2]+[2,7]+[1,3] add up to 16)
Hint([7,0]+[8,4]+[7,8] add up to 8)
Hint([5,3]+[1,4] add up to 6)
