Level( 3, 1, 7, 2, 5, 6, 4, 9, 8, 9, 5, 6, 8, 1, 4, 3, 2, 7, 4, 2, 8, 3, 7, 9, 6, 5, 1, 1, 9, 3, 4, 2, 8, 5, 7, 6, 6, 7, 4, 1, 9, 5, 2, 8, 3, 5, 8, 2, 6, 3, 7, 1, 4, 9, 7, 3, 1, 5, 8, 2, 9, 6, 4, 2, 6, 9, 7, 4, 3, 8, 1, 5, 8, 4, 5, 9, 6, 1, 7, 3, 2 )
Visible( 1, 0, 1, 0, 1, 0, 0, 1, 0, 1, 0, 1, 0, 0, 0, 0, 0, 0, 0, 1, 0, 0, 0, 0, 0, 0, 1, 0, 0, 0, 0, 0, 1, 1, 1, 1, 0, 0, 1, 0, 0, 0, 0, 0, 1, 0, 0, 0, 0, 1, 1, 0, 0, 0, 0, 0, 0, 1, 0, 1, 0, 1, 1, 0, 0, 1, 1, 0, 0, 0, 1, 1, 1, 0, 0, 0, 1, 0, 0, 1, 0 )
Hint([8,8]+[1,7]+[5,2] add up to 14)
Hint([6,5]+[7,7]+[2,3] add up to 2)
Hint([5,0]+[5,1] add up to 8)
Hint([7,5]+[0,6] add up to 9)
Hint([7,5]+[5,4] add up to 7)
Hint([0,1]+[1,0] add up to 8)
Hint([2,1]+[3,0] add up to 6)
Hint([5,5]+[0,8] add up to 13)
Hint([2,5]+[0,3]+[7,4] add up to 8)
Hint([7,1]+[7,2] add up to 5)
