Level( 2, 6, 7, 3, 9, 5, 1, 8, 4, 3, 4, 9, 2, 8, 1, 6, 5, 7, 5, 8, 1, 7, 4, 6, 3, 9, 2, 8, 7, 3, 4, 5, 2, 9, 1, 6, 9, 1, 5, 6, 7, 8, 2, 4, 3, 6, 2, 4, 9, 1, 3, 8, 7, 5, 4, 5, 6, 8, 2, 9, 7, 3, 1, 1, 9, 2, 5, 3, 7, 4, 6, 8, 7, 3, 8, 1, 6, 4, 5, 2, 9 )
Visible( 0, 0, 0, 1, 0, 0, 1, 0, 0, 0, 1, 0, 1, 1, 0, 1, 1, 0, 0, 0, 0, 0, 1, 1, 0, 0, 0, 1, 0, 1, 0, 1, 0, 0, 0, 0, 0, 1, 0, 0, 1, 0, 1, 1, 0, 1, 0, 0, 0, 0, 0, 0, 1, 0, 0, 0, 0, 0, 0, 0, 1, 0, 0, 1, 0, 1, 0, 0, 0, 0, 0, 1, 0, 0, 0, 1, 0, 0, 0, 1, 0 )
Hint([7,0]+[8,5]+[4,5] add up to 11)
Hint([6,5]+[7,7]+[2,8] add up to 19)
Hint([4,2]+[6,0] add up to 3)
Hint([7,8]+[1,1] add up to 4)
Hint([7,8]+[5,4] add up to 8)
Hint([8,4]+[2,7] add up to 3)
Hint([1,3]+[3,8]+[5,6] add up to 14)
Hint([0,6]+[4,7]+[1,2] add up to 12)
Hint([6,1]+[8,0]+[6,0] add up to 8)
Hint([4,6]+[2,6]+[6,4] add up to 7)
