Level( 5, 3, 4, 8, 9, 1, 2, 6, 7, 6, 1, 7, 2, 5, 3, 8, 9, 4, 9, 8, 2, 4, 6, 7, 1, 3, 5, 2, 4, 8, 6, 3, 5, 7, 1, 9, 1, 5, 9, 7, 2, 8, 6, 4, 3, 3, 7, 6, 1, 4, 9, 5, 8, 2, 8, 2, 1, 9, 7, 4, 3, 5, 6, 7, 9, 3, 5, 8, 6, 4, 2, 1, 4, 6, 5, 3, 1, 2, 9, 7, 8 )
Visible( 1, 0, 1, 1, 0, 0, 0, 1, 0, 0, 0, 0, 0, 0, 1, 0, 0, 0, 0, 0, 0, 0, 0, 0, 1, 1, 1, 0, 0, 0, 1, 0, 0, 0, 1, 1, 0, 0, 0, 1, 0, 0, 0, 0, 0, 1, 1, 1, 0, 0, 1, 0, 0, 0, 1, 0, 1, 1, 0, 1, 1, 0, 0, 0, 0, 0, 0, 0, 0, 0, 1, 0, 1, 0, 0, 1, 1, 0, 0, 0, 0 )
Hint([7,7]+[1,1]+[3,2] add up to 4)
Hint([6,6]+[8,2]+[1,4] add up to 10)
Hint([4,2]+[6,4] add up to 10)
Hint([7,1]+[8,0] add up to 14)
Hint([6,0]+[3,8] add up to 3)
Hint([1,6]+[3,5] add up to 1)
Hint([2,4]+[4,0]+[3,2] add up to 19)
Hint([0,2]+[2,1]+[0,8] add up to 17)
Hint([7,4]+[0,4] add up to 3)
Hint([0,7]+[5,4]+[2,7] add up to 15)
