Level( 4, 2, 6, 1, 7, 9, 3, 5, 8, 8, 3, 7, 6, 4, 5, 1, 9, 2, 1, 5, 9, 3, 2, 8, 7, 6, 4, 6, 9, 4, 5, 8, 7, 2, 3, 1, 5, 8, 2, 4, 3, 1, 6, 7, 9, 3, 7, 1, 2, 9, 6, 4, 8, 5, 7, 1, 3, 8, 5, 4, 9, 2, 6, 2, 6, 8, 9, 1, 3, 5, 4, 7, 9, 4, 5, 7, 6, 2, 8, 1, 3 )
Visible( 0, 1, 1, 0, 0, 0, 1, 1, 0, 0, 0, 0, 0, 0, 0, 0, 0, 0, 0, 0, 0, 1, 1, 1, 1, 0, 0, 0, 1, 0, 1, 0, 0, 1, 0, 1, 0, 0, 0, 0, 0, 0, 1, 1, 0, 0, 1, 0, 0, 1, 0, 0, 1, 0, 1, 0, 1, 0, 1, 0, 0, 1, 0, 0, 0, 0, 1, 1, 0, 0, 1, 0, 0, 0, 1, 0, 0, 0, 0, 0, 0 )
Hint([7,7]+[1,4]+[4,4] add up to 12)
Hint([5,4]+[7,0]+[0,5] add up to 6)
Hint([4,1]+[5,0] add up to 11)
Hint([6,0]+[8,2] add up to 5)
Hint([7,4]+[4,5] add up to 14)
Hint([1,0]+[1,7] add up to 6)
Hint([1,6]+[4,0]+[3,2] add up to 8)
Hint([0,1]+[2,5]+[1,3] add up to 15)
Hint([7,8]+[1,7]+[8,2] add up to 8)
Hint([3,3]+[1,7]+[6,8] add up to 16)
