Level( 9, 8, 3, 2, 4, 5, 1, 6, 7, 1, 6, 5, 7, 8, 9, 3, 4, 2, 7, 2, 4, 6, 3, 1, 9, 8, 5, 8, 1, 2, 4, 7, 6, 5, 3, 9, 3, 7, 6, 9, 5, 8, 4, 2, 1, 5, 4, 9, 1, 2, 3, 6, 7, 8, 4, 3, 8, 5, 9, 2, 7, 1, 6, 2, 5, 1, 3, 6, 7, 8, 9, 4, 6, 9, 7, 8, 1, 4, 2, 5, 3 )
Visible( 1, 0, 0, 1, 1, 0, 1, 0, 0, 0, 0, 0, 1, 0, 0, 0, 0, 1, 0, 0, 1, 0, 1, 0, 0, 1, 0, 0, 0, 0, 0, 0, 1, 1, 0, 1, 0, 1, 0, 0, 0, 1, 0, 0, 1, 0, 0, 0, 1, 0, 0, 0, 0, 0, 1, 1, 0, 0, 1, 0, 1, 0, 0, 0, 0, 0, 1, 1, 0, 0, 0, 0, 0, 0, 0, 0, 0, 0, 1, 1, 0 )
Hint([6,1]+[8,5]+[4,4] add up to 13)
Hint([6,0]+[6,2]+[1,5] add up to 11)
Hint([4,6]+[6,3] add up to 12)
Hint([7,8]+[1,8] add up to 12)
Hint([6,7]+[5,1] add up to 15)
Hint([0,0]+[1,1] add up to 13)
Hint([2,0]+[3,5]+[5,0] add up to 6)
Hint([1,4]+[3,8] add up to 13)
Hint([1,7]+[8,4] add up to 4)
Hint([8,5]+[8,2] add up to 11)
