Level( 7, 8, 5, 6, 9, 1, 3, 2, 4, 9, 1, 4, 3, 5, 2, 6, 8, 7, 2, 6, 3, 4, 8, 7, 9, 1, 5, 3, 5, 8, 7, 4, 6, 1, 9, 2, 1, 9, 6, 8, 2, 5, 7, 4, 3, 4, 2, 7, 9, 1, 3, 8, 5, 6, 5, 7, 2, 1, 6, 9, 4, 3, 8, 6, 4, 1, 5, 3, 8, 2, 7, 9, 8, 3, 9, 2, 7, 4, 5, 6, 1 )
Visible( 0, 0, 0, 0, 0, 0, 1, 0, 1, 1, 1, 0, 1, 0, 0, 1, 0, 0, 0, 0, 0, 1, 1, 1, 1, 0, 0, 0, 1, 0, 0, 0, 1, 0, 1, 0, 0, 0, 1, 0, 0, 1, 1, 0, 0, 1, 1, 0, 0, 1, 0, 0, 0, 0, 0, 1, 0, 0, 0, 1, 0, 0, 0, 0, 0, 1, 0, 0, 0, 0, 0, 0, 1, 0, 0, 1, 0, 0, 0, 1, 0 )
Hint([8,0]+[8,0]+[3,4] add up to 13)
Hint([5,3]+[7,5]+[1,2] add up to 14)
Hint([5,2]+[6,4] add up to 12)
Hint([5,6]+[0,0] add up to 14)
Hint([7,5]+[4,4] add up to 5)
Hint([0,5]+[3,6] add up to 3)
Hint([1,7]+[5,0]+[3,6] add up to 3)
Hint([0,8]+[4,1]+[0,7] add up to 16)
Hint([7,8]+[1,4] add up to 13)
Hint([0,2]+[4,8]+[3,4] add up to 14)
