Level( 7, 8, 5, 2, 9, 4, 1, 6, 3, 1, 9, 4, 5, 3, 6, 2, 7, 8, 2, 3, 6, 8, 1, 7, 9, 5, 4, 3, 6, 9, 7, 8, 2, 5, 4, 1, 5, 1, 2, 4, 6, 3, 8, 9, 7, 4, 7, 8, 9, 5, 1, 3, 2, 6, 9, 5, 1, 6, 7, 8, 4, 3, 2, 8, 4, 7, 3, 2, 5, 6, 1, 9, 6, 2, 3, 1, 4, 9, 7, 8, 5 )
Visible( 0, 1, 0, 1, 0, 0, 1, 0, 0, 1, 1, 1, 1, 0, 0, 0, 1, 0, 0, 0, 0, 0, 0, 0, 0, 1, 0, 0, 1, 0, 0, 0, 0, 0, 1, 0, 0, 0, 1, 0, 0, 1, 1, 0, 1, 0, 0, 0, 0, 1, 0, 1, 1, 0, 0, 1, 0, 1, 0, 1, 0, 0, 0, 0, 1, 0, 0, 0, 0, 0, 0, 0, 0, 0, 1, 0, 0, 1, 1, 0, 0 )
Hint([8,4]+[0,5]+[4,5] add up to 13)
Hint([5,5]+[8,4]+[1,0] add up to 13)
Hint([6,8]+[7,0] add up to 11)
Hint([6,1]+[8,2] add up to 4)
Hint([6,6]+[5,6] add up to 10)
Hint([0,8]+[3,3] add up to 11)
Hint([1,3]+[3,7]+[5,1] add up to 12)
Hint([1,3]+[3,6]+[1,0] add up to 17)
Hint([8,4]+[0,0]+[6,2] add up to 20)
Hint([5,4]+[1,4]+[5,7] add up to 6)
