Level( 7, 6, 8, 4, 3, 2, 5, 1, 9, 2, 1, 5, 8, 6, 9, 7, 3, 4, 3, 9, 4, 5, 7, 1, 6, 8, 2, 6, 7, 1, 2, 4, 5, 3, 9, 8, 9, 4, 2, 3, 8, 7, 1, 6, 5, 8, 5, 3, 9, 1, 6, 2, 4, 7, 1, 8, 9, 7, 5, 3, 4, 2, 6, 5, 2, 6, 1, 9, 4, 8, 7, 3, 4, 3, 7, 6, 2, 8, 9, 5, 1 )
Visible( 0, 0, 0, 0, 0, 1, 0, 0, 0, 0, 0, 0, 0, 0, 0, 0, 1, 0, 0, 0, 1, 0, 1, 1, 0, 0, 0, 1, 1, 0, 0, 1, 0, 0, 0, 1, 0, 1, 0, 1, 0, 0, 1, 0, 0, 0, 0, 0, 1, 0, 0, 1, 0, 0, 0, 1, 0, 0, 0, 0, 1, 0, 0, 1, 1, 1, 1, 0, 0, 1, 0, 0, 0, 0, 1, 0, 0, 0, 0, 1, 0 )
Hint([6,5]+[0,4]+[4,3] add up to 12)
Hint([6,6]+[8,8]+[2,0] add up to 10)
Hint([5,3]+[6,0] add up to 8)
Hint([5,3]+[0,8] add up to 7)
Hint([5,0]+[3,0] add up to 4)
Hint([8,3]+[2,0] add up to 14)
Hint([1,3]+[3,4] add up to 8)
Hint([5,6]+[1,5]+[3,1] add up to 13)
Hint([0,4]+[7,6] add up to 9)
Hint([8,6]+[8,1] add up to 8)
