Level( 7, 8, 5, 1, 3, 6, 2, 4, 9, 2, 9, 6, 8, 4, 5, 7, 3, 1, 1, 3, 4, 2, 7, 9, 8, 6, 5, 9, 6, 8, 7, 5, 4, 1, 2, 3, 4, 1, 2, 3, 6, 8, 5, 9, 7, 5, 7, 3, 9, 2, 1, 6, 8, 4, 3, 2, 1, 4, 8, 7, 9, 5, 6, 6, 4, 9, 5, 1, 2, 3, 7, 8, 8, 5, 7, 6, 9, 3, 4, 1, 2 )
Visible( 1, 0, 0, 1, 0, 0, 0, 0, 0, 1, 0, 0, 0, 0, 1, 0, 1, 0, 0, 0, 0, 0, 1, 0, 1, 0, 1, 1, 0, 0, 0, 0, 0, 0, 1, 1, 0, 1, 0, 0, 0, 0, 1, 0, 0, 0, 0, 1, 0, 0, 0, 0, 0, 1, 0, 0, 0, 1, 0, 0, 0, 0, 1, 0, 1, 0, 1, 1, 0, 1, 0, 0, 1, 0, 0, 1, 0, 1, 0, 0, 1 )
Hint([7,1]+[8,2]+[4,3] add up to 10)
Hint([5,7]+[8,4]+[1,1] add up to 15)
Hint([4,8]+[7,2] add up to 13)
Hint([5,2]+[8,2] add up to 12)
Hint([5,8]+[5,6] add up to 8)
Hint([8,6]+[3,5] add up to 13)
Hint([2,8]+[5,6]+[5,5] add up to 12)
Hint([1,8]+[4,4]+[1,6] add up to 10)
Hint([6,1]+[8,3] add up to 8)
Hint([7,7]+[5,7]+[2,2] add up to 10)
