Level( 8, 9, 7, 3, 6, 5, 2, 4, 1, 6, 2, 4, 1, 7, 9, 5, 3, 8, 3, 5, 1, 2, 4, 8, 9, 6, 7, 1, 8, 3, 6, 9, 4, 7, 5, 2, 7, 4, 9, 5, 3, 2, 8, 1, 6, 2, 6, 5, 7, 8, 1, 3, 9, 4, 5, 7, 8, 9, 1, 6, 4, 2, 3, 9, 3, 6, 4, 2, 7, 1, 8, 5, 4, 1, 2, 8, 5, 3, 6, 7, 9 )
Visible( 0, 0, 1, 0, 0, 0, 1, 0, 0, 0, 1, 0, 0, 0, 1, 0, 0, 1, 0, 0, 1, 0, 0, 1, 0, 1, 0, 1, 0, 0, 0, 0, 0, 0, 1, 0, 0, 1, 1, 0, 0, 0, 0, 1, 0, 0, 0, 0, 1, 0, 0, 1, 0, 0, 1, 1, 0, 1, 0, 0, 0, 0, 0, 0, 1, 1, 1, 1, 0, 0, 0, 0, 0, 0, 0, 1, 0, 1, 0, 0, 0 )
Hint([8,1]+[8,7]+[5,3] add up to 14)
Hint([6,5]+[7,7]+[2,7] add up to 14)
Hint([5,4]+[6,1] add up to 5)
Hint([5,3]+[0,2] add up to 5)
Hint([5,0]+[3,1] add up to 4)
Hint([1,6]+[3,4] add up to 10)
Hint([2,5]+[4,2]+[4,7] add up to 8)
Hint([1,5]+[3,6]+[1,8] add up to 13)
Hint([8,2]+[8,6] add up to 8)
Hint([8,7]+[5,2]+[1,2] add up to 15)
