Level( 1, 2, 6, 7, 9, 8, 5, 3, 4, 9, 7, 4, 1, 3, 5, 2, 6, 8, 5, 3, 8, 4, 2, 6, 7, 9, 1, 6, 1, 3, 5, 4, 7, 9, 8, 2, 7, 4, 5, 2, 8, 9, 6, 1, 3, 2, 8, 9, 3, 6, 1, 4, 7, 5, 4, 9, 7, 8, 1, 2, 3, 5, 6, 3, 5, 1, 6, 7, 4, 8, 2, 9, 8, 6, 2, 9, 5, 3, 1, 4, 7 )
Visible( 0, 0, 1, 0, 0, 0, 0, 0, 0, 1, 0, 0, 0, 0, 0, 0, 1, 0, 1, 0, 0, 1, 1, 0, 1, 0, 0, 1, 0, 0, 0, 0, 1, 0, 0, 1, 1, 0, 0, 0, 0, 1, 0, 1, 1, 0, 0, 0, 1, 0, 0, 1, 0, 1, 0, 1, 0, 1, 0, 0, 0, 1, 0, 0, 0, 1, 0, 0, 0, 0, 0, 0, 0, 0, 0, 1, 0, 1, 1, 0, 0 )
Hint([7,8]+[1,8]+[5,4] add up to 16)
Hint([6,5]+[7,7]+[2,6] add up to 10)
Hint([5,0]+[5,7] add up to 10)
Hint([6,4]+[0,2] add up to 9)
Hint([7,7]+[5,0] add up to 8)
Hint([0,3]+[2,3] add up to 7)
Hint([3,8]+[5,1]+[4,2] add up to 13)
Hint([0,8]+[4,6]+[1,7] add up to 11)
Hint([6,6]+[1,4] add up to 5)
Hint([7,8]+[5,6]+[2,4] add up to 8)
