Level( 4, 5, 1, 8, 3, 7, 6, 9, 2, 9, 2, 8, 6, 1, 4, 3, 5, 7, 6, 3, 7, 2, 9, 5, 8, 4, 1, 2, 4, 5, 3, 6, 9, 7, 1, 8, 8, 7, 6, 5, 4, 1, 9, 2, 3, 3, 1, 9, 7, 2, 8, 5, 6, 4, 7, 8, 4, 1, 5, 6, 2, 3, 9, 1, 6, 2, 9, 8, 3, 4, 7, 5, 5, 9, 3, 4, 7, 2, 1, 8, 6 )
Visible( 0, 0, 0, 0, 0, 0, 0, 0, 0, 0, 1, 0, 1, 0, 0, 0, 0, 0, 0, 0, 0, 1, 0, 1, 0, 0, 1, 0, 0, 0, 1, 0, 0, 1, 0, 0, 1, 0, 0, 0, 1, 0, 1, 0, 1, 0, 1, 0, 1, 0, 0, 0, 1, 0, 0, 0, 1, 1, 0, 1, 0, 0, 0, 0, 0, 1, 0, 1, 0, 0, 0, 1, 1, 0, 1, 0, 0, 0, 0, 1, 0 )
Hint([8,8]+[1,0]+[3,2] add up to 10)
Hint([5,3]+[7,5]+[1,4] add up to 19)
Hint([6,1]+[5,1] add up to 5)
Hint([7,5]+[0,7] add up to 5)
Hint([5,4]+[4,6] add up to 4)
Hint([0,0]+[1,3] add up to 6)
Hint([1,3]+[3,0]+[3,2] add up to 11)
Hint([0,6]+[3,0]+[8,7] add up to 17)
Hint([6,7]+[1,3] add up to 6)
Hint([8,0]+[3,6]+[2,4] add up to 6)
