Level( 6, 2, 8, 9, 7, 5, 4, 3, 1, 4, 5, 3, 6, 8, 1, 7, 9, 2, 1, 7, 9, 3, 2, 4, 8, 6, 5, 2, 3, 5, 7, 1, 8, 6, 4, 9, 9, 8, 1, 4, 6, 2, 3, 5, 7, 7, 4, 6, 5, 9, 3, 2, 1, 8, 8, 1, 4, 2, 5, 6, 9, 7, 3, 3, 9, 2, 1, 4, 7, 5, 8, 6, 5, 6, 7, 8, 3, 9, 1, 2, 4 )
Visible( 1, 1, 0, 0, 0, 0, 1, 0, 0, 0, 0, 1, 0, 1, 1, 0, 0, 0, 0, 0, 0, 1, 0, 0, 1, 0, 1, 0, 0, 0, 1, 0, 0, 0, 0, 0, 1, 0, 0, 0, 0, 0, 0, 0, 0, 0, 0, 1, 0, 0, 1, 0, 1, 0, 1, 0, 0, 0, 1, 0, 0, 1, 0, 0, 0, 0, 0, 1, 0, 0, 0, 1, 1, 1, 1, 0, 0, 0, 0, 1, 0 )
Hint([7,0]+[8,0]+[3,7] add up to 2)
Hint([5,2]+[7,5]+[1,6] add up to 3)
Hint([5,3]+[6,1] add up to 13)
Hint([6,4]+[0,5] add up to 8)
Hint([7,6]+[5,1] add up to 6)
Hint([0,7]+[3,1] add up to 7)
Hint([2,5]+[4,1]+[4,2] add up to 13)
Hint([0,8]+[4,8]+[2,0] add up to 13)
Hint([7,1]+[8,4]+[7,0] add up to 16)
Hint([5,0]+[0,3]+[5,4] add up to 6)
