Level( 8, 4, 5, 9, 1, 7, 6, 2, 3, 2, 6, 9, 8, 3, 4, 5, 7, 1, 3, 7, 1, 5, 2, 6, 4, 8, 9, 9, 1, 3, 6, 7, 5, 2, 4, 8, 5, 2, 7, 1, 4, 8, 9, 3, 6, 6, 8, 4, 2, 9, 3, 7, 1, 5, 7, 3, 6, 4, 8, 9, 1, 5, 2, 1, 5, 8, 7, 6, 2, 3, 9, 4, 4, 9, 2, 3, 5, 1, 8, 6, 7 )
Visible( 0, 0, 0, 0, 0, 1, 0, 1, 0, 0, 0, 0, 0, 1, 1, 0, 0, 0, 1, 0, 1, 0, 0, 1, 1, 0, 0, 0, 1, 0, 0, 0, 0, 0, 1, 0, 0, 0, 0, 0, 0, 0, 0, 0, 0, 1, 1, 0, 0, 1, 0, 0, 1, 0, 0, 1, 1, 0, 1, 0, 0, 0, 0, 0, 0, 0, 1, 0, 1, 0, 1, 0, 0, 1, 0, 0, 0, 1, 0, 0, 1 )
Hint([6,4]+[0,8]+[5,6] add up to 19)
Hint([5,1]+[6,0]+[0,5] add up to 13)
Hint([4,7]+[7,4] add up to 7)
Hint([5,3]+[0,1] add up to 5)
Hint([5,1]+[3,3] add up to 8)
Hint([8,7]+[3,0] add up to 11)
Hint([2,6]+[4,5] add up to 13)
Hint([5,1]+[8,4]+[3,1] add up to 15)
Hint([8,6]+[7,4] add up to 3)
Hint([8,1]+[7,1] add up to 6)
