Level( 5, 8, 6, 1, 4, 2, 3, 9, 7, 3, 1, 7, 5, 8, 9, 2, 6, 4, 9, 4, 2, 3, 7, 6, 1, 8, 5, 2, 9, 1, 7, 3, 8, 4, 5, 6, 7, 3, 4, 9, 6, 5, 8, 2, 1, 8, 6, 5, 2, 1, 4, 7, 3, 9, 6, 2, 3, 4, 9, 1, 5, 7, 8, 1, 7, 8, 6, 5, 3, 9, 4, 2, 4, 5, 9, 8, 2, 7, 6, 1, 3 )
Visible( 1, 0, 0, 1, 0, 1, 0, 0, 1, 1, 0, 0, 0, 1, 0, 0, 0, 0, 0, 1, 1, 0, 0, 0, 0, 1, 0, 1, 0, 1, 1, 0, 0, 0, 1, 1, 0, 0, 1, 1, 0, 0, 1, 0, 0, 0, 0, 0, 0, 0, 0, 0, 0, 0, 0, 0, 0, 0, 0, 1, 0, 1, 1, 0, 0, 0, 1, 1, 0, 0, 0, 0, 0, 0, 0, 0, 1, 1, 0, 1, 1 )
Hint([7,1]+[8,2]+[4,1] add up to 16)
Hint([6,2]+[7,1]+[0,7] add up to 5)
Hint([5,0]+[5,8] add up to 7)
Hint([6,0]+[8,8] add up to 4)
Hint([6,2]+[4,2] add up to 6)
Hint([8,1]+[2,3] add up to 3)
Hint([2,2]+[3,5]+[5,8] add up to 8)
Hint([1,5]+[3,8]+[2,5] add up to 16)
Hint([8,6]+[0,4] add up to 13)
Hint([8,8]+[5,5]+[2,5] add up to 9)
