Level( 3, 6, 1, 7, 5, 4, 2, 9, 8, 2, 9, 5, 8, 1, 3, 4, 6, 7, 7, 4, 8, 9, 6, 2, 3, 5, 1, 4, 5, 9, 2, 8, 1, 7, 3, 6, 6, 1, 2, 3, 7, 9, 5, 8, 4, 8, 3, 7, 5, 4, 6, 1, 2, 9, 1, 2, 3, 4, 9, 8, 6, 7, 5, 9, 7, 4, 6, 3, 5, 8, 1, 2, 5, 8, 6, 1, 2, 7, 9, 4, 3 )
Visible( 1, 0, 0, 0, 0, 1, 0, 1, 1, 0, 0, 1, 0, 0, 0, 0, 0, 0, 0, 0, 0, 0, 0, 0, 1, 0, 0, 0, 0, 1, 1, 0, 0, 0, 1, 0, 1, 0, 0, 0, 1, 0, 1, 0, 0, 1, 1, 0, 0, 0, 0, 1, 0, 1, 0, 1, 0, 0, 0, 0, 0, 1, 0, 1, 1, 0, 1, 0, 0, 1, 0, 1, 0, 0, 0, 1, 0, 0, 0, 0, 0 )
Hint([6,1]+[8,5]+[4,4] add up to 17)
Hint([6,0]+[6,2]+[1,5] add up to 5)
Hint([4,6]+[6,3] add up to 14)
Hint([7,8]+[1,8] add up to 10)
Hint([6,7]+[5,1] add up to 9)
Hint([0,0]+[1,1] add up to 10)
Hint([2,0]+[3,5]+[5,0] add up to 7)
Hint([1,4]+[3,8] add up to 0)
Hint([1,7]+[8,4] add up to 9)
Hint([8,5]+[8,2] add up to 8)
