Level( 7, 3, 1, 9, 5, 2, 8, 6, 4, 6, 2, 4, 7, 8, 3, 9, 1, 5, 5, 9, 8, 4, 6, 1, 3, 7, 2, 9, 8, 6, 1, 7, 5, 2, 4, 3, 2, 5, 3, 6, 4, 9, 1, 8, 7, 4, 1, 7, 2, 3, 8, 5, 9, 6, 1, 7, 5, 8, 2, 4, 6, 3, 9, 8, 4, 2, 3, 9, 6, 7, 5, 1, 3, 6, 9, 5, 1, 7, 4, 2, 8 )
Visible( 0, 0, 0, 0, 1, 0, 1, 0, 0, 0, 1, 0, 0, 1, 0, 0, 0, 0, 0, 1, 0, 0, 0, 0, 0, 0, 1, 0, 0, 0, 0, 0, 0, 0, 0, 0, 1, 0, 1, 0, 1, 1, 0, 0, 1, 1, 0, 1, 0, 0, 0, 1, 0, 0, 0, 0, 0, 0, 0, 1, 1, 1, 1, 0, 0, 0, 1, 0, 1, 0, 1, 0, 0, 0, 0, 1, 1, 0, 0, 1, 0 )
Hint([6,8]+[1,5]+[4,5] add up to 5)
Hint([5,6]+[8,2]+[1,7] add up to 7)
Hint([6,2]+[6,6] add up to 7)
Hint([6,2]+[8,7] add up to 2)
Hint([5,8]+[5,6] add up to 9)
Hint([0,5]+[3,3] add up to 3)
Hint([1,5]+[4,4]+[4,4] add up to 6)
Hint([8,2]+[2,2]+[0,7] add up to 15)
Hint([6,7]+[1,4] add up to 10)
Hint([8,5]+[4,0]+[0,3] add up to 17)
