Level( 4, 5, 7, 2, 1, 9, 6, 3, 8, 8, 6, 1, 7, 3, 5, 9, 4, 2, 3, 2, 9, 4, 8, 6, 5, 1, 7, 6, 8, 4, 3, 7, 2, 1, 5, 9, 9, 1, 2, 8, 5, 4, 3, 7, 6, 5, 7, 3, 9, 6, 1, 2, 8, 4, 1, 9, 5, 6, 4, 8, 7, 2, 3, 7, 4, 6, 1, 2, 3, 8, 9, 5, 2, 3, 8, 5, 9, 7, 4, 6, 1 )
Visible( 1, 0, 0, 0, 0, 0, 0, 1, 1, 1, 0, 1, 0, 1, 1, 0, 1, 0, 0, 0, 0, 0, 0, 1, 0, 1, 0, 0, 1, 0, 0, 0, 0, 0, 0, 1, 0, 0, 0, 0, 1, 1, 0, 0, 0, 0, 0, 0, 0, 0, 1, 1, 0, 0, 1, 0, 1, 1, 1, 0, 1, 1, 0, 0, 0, 0, 1, 0, 0, 0, 0, 0, 0, 1, 0, 0, 0, 1, 0, 0, 0 )
Hint([6,4]+[0,1]+[3,5] add up to 17)
Hint([5,3]+[7,2]+[1,0] add up to 5)
Hint([6,8]+[7,5] add up to 10)
Hint([6,3]+[0,4] add up to 8)
Hint([5,3]+[4,0] add up to 1)
Hint([8,4]+[2,2] add up to 13)
Hint([1,8]+[5,1]+[3,2] add up to 9)
Hint([8,1]+[2,1]+[0,0] add up to 4)
Hint([7,0]+[8,8]+[0,7] add up to 8)
Hint([5,8]+[3,1] add up to 12)
