Level( 4, 1, 7, 8, 5, 2, 3, 6, 9, 3, 5, 8, 6, 9, 1, 4, 2, 7, 6, 9, 2, 3, 4, 7, 1, 8, 5, 7, 6, 3, 1, 8, 5, 2, 9, 4, 9, 8, 1, 2, 6, 4, 7, 5, 3, 2, 4, 5, 7, 3, 9, 8, 1, 6, 5, 3, 6, 4, 2, 8, 9, 7, 1, 1, 2, 4, 9, 7, 6, 5, 3, 8, 8, 7, 9, 5, 1, 3, 6, 4, 2 )
Visible( 0, 0, 0, 0, 0, 1, 0, 0, 1, 1, 0, 0, 0, 0, 1, 0, 0, 0, 0, 0, 1, 0, 1, 0, 0, 1, 1, 0, 0, 1, 0, 1, 0, 1, 0, 0, 1, 0, 1, 1, 0, 0, 1, 0, 0, 0, 1, 0, 1, 1, 0, 0, 0, 0, 0, 0, 0, 0, 0, 0, 0, 1, 0, 0, 0, 0, 0, 0, 0, 0, 0, 1, 0, 0, 1, 0, 1, 1, 0, 0, 0 )
Hint([7,0]+[8,8]+[5,2] add up to 12)
Hint([6,7]+[8,0]+[0,4] add up to 20)
Hint([5,2]+[5,7] add up to 11)
Hint([7,8]+[1,2] add up to 11)
Hint([5,0]+[3,4] add up to 2)
Hint([8,5]+[3,5] add up to 11)
Hint([2,0]+[3,4]+[4,8] add up to 7)
Hint([0,0]+[2,5]+[1,1] add up to 11)
Hint([8,4]+[0,1]+[7,2] add up to 11)
Hint([5,1]+[1,1]+[4,0] add up to 8)
