Level( 4, 5, 2, 3, 9, 8, 1, 7, 6, 6, 7, 3, 1, 2, 5, 4, 9, 8, 9, 1, 8, 7, 4, 6, 2, 3, 5, 2, 4, 9, 8, 6, 3, 7, 5, 1, 7, 3, 6, 5, 1, 4, 8, 2, 9, 5, 8, 1, 2, 7, 9, 6, 4, 3, 8, 6, 4, 9, 3, 7, 5, 1, 2, 3, 2, 5, 4, 8, 1, 9, 6, 7, 1, 9, 7, 6, 5, 2, 3, 8, 4 )
Visible( 0, 0, 0, 1, 0, 0, 0, 1, 0, 1, 0, 0, 1, 1, 0, 0, 0, 0, 1, 0, 1, 0, 1, 0, 0, 0, 1, 0, 1, 0, 0, 0, 0, 0, 1, 0, 0, 0, 1, 0, 0, 0, 0, 0, 0, 1, 0, 0, 0, 1, 0, 0, 1, 1, 0, 0, 1, 0, 0, 0, 1, 0, 0, 1, 0, 1, 0, 0, 1, 0, 0, 1, 0, 0, 0, 1, 0, 0, 0, 1, 0 )
Hint([6,0]+[8,3]+[4,5] add up to 6)
Hint([4,7]+[8,0]+[0,7] add up to 14)
Hint([6,1]+[5,8] add up to 4)
Hint([7,8]+[1,8] add up to 15)
Hint([6,8]+[5,1] add up to 6)
Hint([8,4]+[2,4] add up to 13)
Hint([2,1]+[3,8]+[5,1] add up to 11)
Hint([1,0]+[2,6]+[1,0] add up to 11)
Hint([7,8]+[1,1]+[7,6] add up to 13)
Hint([4,6]+[2,6] add up to 5)
