Level( 8, 9, 2, 3, 5, 4, 6, 7, 1, 5, 4, 1, 7, 6, 9, 2, 3, 8, 7, 6, 3, 2, 8, 1, 4, 9, 5, 6, 8, 7, 4, 9, 5, 3, 1, 2, 1, 3, 9, 6, 2, 8, 7, 5, 4, 2, 5, 4, 1, 3, 7, 8, 6, 9, 4, 1, 8, 9, 7, 6, 5, 2, 3, 3, 7, 5, 8, 1, 2, 9, 4, 6, 9, 2, 6, 5, 4, 3, 1, 8, 7 )
Visible( 0, 0, 1, 0, 0, 1, 0, 0, 1, 0, 0, 0, 0, 1, 0, 0, 1, 0, 0, 0, 1, 1, 0, 1, 1, 0, 1, 0, 1, 1, 0, 1, 1, 0, 0, 0, 0, 0, 0, 0, 0, 0, 0, 0, 0, 0, 0, 0, 0, 1, 0, 1, 1, 1, 0, 1, 0, 0, 1, 0, 0, 0, 0, 0, 0, 0, 1, 0, 0, 1, 1, 0, 0, 0, 0, 0, 1, 1, 1, 0, 1 )
Hint([7,5]+[0,3]+[4,2] add up to 17)
Hint([6,2]+[7,7]+[2,5] add up to 9)
Hint([5,6]+[7,8] add up to 12)
Hint([5,6]+[1,4] add up to 7)
Hint([5,0]+[3,7] add up to 10)
Hint([8,0]+[1,7] add up to 6)
Hint([2,3]+[4,6]+[5,5] add up to 18)
Hint([0,7]+[4,7]+[1,7] add up to 8)
Hint([8,6]+[0,8] add up to 10)
Hint([8,5]+[4,5] add up to 10)
