Level( 6, 0, 1, A, 7, D, F, E, 9, 2, 3, 5, 4, 8, C, B, 8, B, 2, 7, 3, 0, 4, C, 6, D, F, 1, A, 5, E, 9, 4, D, 9, C, 5, 6, 2, A, 7, 8, B, E, F, 0, 3, 1, F, E, 3, 5, B, 8, 1, 9, 0, A, C, 4, 7, D, 6, 2, 5, 6, 8, 9, E, 7, D, 2, B, C, 1, A, 0, F, 4, 3, D, A, 7, 1, 6, B, 0, 4, F, E, 8, 3, 5, 9, 2, C, E, 3, F, 0, 9, 5, C, 1, 2, 4, 6, 7, B, A, 8, D, B, C, 4, 2, A, F, 3, 8, D, 5, 9, 0, E, 7, 1, 6, A, F, E, 4, 1, 2, 9, 7, 8, 3, D, 6, C, B, 5, 0, 0, 7, 5, 6, D, 3, 8, B, C, 1, E, 9, 2, 4, F, A, 9, 2, B, 3, 4, C, A, 6, 5, 0, 7, F, 1, E, D, 8, C, 1, D, 8, 0, E, 5, F, A, B, 4, 2, 3, 6, 9, 7, 7, 5, A, E, C, 9, B, 3, 4, 6, 2, 8, D, 1, 0, F, 3, 4, C, F, 8, A, 6, 5, 1, 7, 0, D, 9, 2, B, E, 2, 8, 0, B, F, 1, 7, D, E, 9, 5, C, 6, 3, A, 4, 1, 9, 6, D, 2, 4, E, 0, 3, F, A, B, 8, C, 7, 5 )
Visible( 1, 0, 0, 1, 0, 0, 0, 1, 0, 1, 1, 0, 1, 0, 0, 1, 0, 1, 0, 0, 0, 0, 1, 1, 0, 0, 0, 1, 1, 0, 0, 1, 1, 1, 0, 0, 1, 1, 1, 0, 0, 1, 1, 0, 1, 0, 1, 1, 0, 0, 0, 1, 1, 1, 1, 1, 0, 1, 0, 1, 1, 0, 0, 0, 0, 1, 0, 0, 1, 1, 1, 0, 0, 0, 0, 0, 0, 1, 1, 1, 1, 1, 0, 0, 0, 0, 0, 0, 0, 1, 1, 0, 1, 0, 1, 1, 1, 1, 0, 0, 0, 1, 0, 1, 0, 1, 0, 1, 0, 0, 1, 0, 0, 0, 1, 0, 0, 0, 0, 0, 0, 1, 0, 1, 0, 1, 1, 0, 0, 0, 0, 0, 0, 1, 1, 1, 1, 1, 0, 1, 1, 0, 1, 0, 0, 1, 1, 0, 1, 1, 0, 0, 0, 0, 0, 1, 1, 1, 0, 1, 0, 0, 0, 0, 0, 1, 0, 1, 0, 0, 1, 1, 1, 1, 0, 0, 0, 0, 0, 1, 1, 1, 1, 0, 0, 1, 1, 0, 0, 0, 1, 0, 0, 0, 0, 1, 1, 0, 0, 1, 0, 0, 0, 1, 1, 1, 0, 0, 1, 0, 0, 1, 0, 0, 1, 0, 0, 0, 1, 0, 1, 1, 0, 1, 1, 0, 0, 1, 1, 0, 1, 0, 1, 0, 1, 0, 1, 0, 1, 1, 0, 1, 0, 0, 1, 0, 1, 1, 0, 0, 0, 0, 1, 1, 1, 0 )
Hint([14,1]+[14,15]+[10,12] add up to 23)
Hint([10,6]+[13,3]+[1,8] add up to 34)
Hint([9,6]+[11,6] add up to 11)
Hint([12,5]+[0,1] add up to 13)
Hint([10,13]+[9,10] add up to 0)
Hint([14,13]+[6,6] add up to 23)
Hint([2,5]+[6,13]+[10,13] add up to 13)
Hint([0,2]+[4,0]+[15,5] add up to 23)
Hint([14,15]+[2,7]+[13,11] add up to 17)
Hint([7,10]+[4,0] add up to 13)
