Level( 9, 4, 8, 5, 1, 2, 3, 7, 6, 3, 7, 6, 4, 9, 8, 5, 2, 1, 5, 1, 2, 7, 3, 6, 4, 8, 9, 8, 3, 7, 1, 2, 4, 9, 6, 5, 4, 6, 9, 8, 5, 7, 1, 3, 2, 2, 5, 1, 3, 6, 9, 7, 4, 8, 6, 2, 5, 9, 4, 3, 8, 1, 7, 7, 9, 3, 2, 8, 1, 6, 5, 4, 1, 8, 4, 6, 7, 5, 2, 9, 3 )
Visible( 0, 0, 1, 0, 1, 0, 0, 0, 1, 0, 0, 1, 0, 0, 0, 1, 1, 0, 0, 0, 0, 0, 0, 0, 1, 0, 0, 1, 0, 0, 0, 0, 1, 0, 1, 1, 0, 0, 0, 0, 0, 0, 0, 0, 0, 0, 1, 0, 0, 1, 0, 1, 1, 1, 0, 1, 0, 1, 1, 0, 0, 0, 0, 1, 0, 1, 1, 0, 0, 0, 0, 0, 0, 0, 0, 0, 0, 1, 0, 0, 1 )
Hint([6,0]+[8,5]+[4,0] add up to 9)
Hint([7,4]+[7,3]+[1,7] add up to 15)
Hint([5,0]+[5,3] add up to 4)
Hint([5,6]+[1,6] add up to 3)
Hint([7,5]+[5,8] add up to 7)
Hint([0,5]+[3,5] add up to 3)
Hint([2,7]+[5,2]+[4,7] add up to 14)
Hint([1,8]+[4,3]+[0,5] add up to 9)
Hint([6,1]+[8,5] add up to 11)
Hint([7,1]+[3,1]+[1,0] add up to 7)
