Level( 7, 9, 5, 8, 6, 1, 4, 3, 2, 8, 1, 3, 2, 4, 7, 5, 6, 9, 6, 2, 4, 3, 5, 9, 7, 1, 8, 3, 6, 7, 4, 9, 8, 1, 2, 5, 9, 4, 1, 5, 2, 3, 6, 8, 7, 2, 5, 8, 7, 1, 6, 9, 4, 3, 5, 3, 6, 1, 7, 2, 8, 9, 4, 4, 8, 9, 6, 3, 5, 2, 7, 1, 1, 7, 2, 9, 8, 4, 3, 5, 6 )
Visible( 0, 0, 1, 1, 0, 0, 0, 1, 0, 1, 0, 1, 0, 0, 0, 0, 0, 0, 0, 0, 1, 0, 0, 1, 1, 1, 0, 1, 0, 0, 0, 0, 0, 0, 0, 0, 0, 0, 1, 1, 0, 0, 0, 1, 0, 0, 0, 0, 1, 0, 1, 1, 0, 0, 0, 0, 0, 0, 0, 1, 0, 0, 0, 0, 1, 1, 0, 0, 0, 0, 0, 0, 1, 0, 0, 0, 0, 1, 1, 1, 0 )
Hint([6,8]+[1,2]+[4,8] add up to 10)
Hint([5,4]+[7,0]+[0,1] add up to 11)
Hint([5,3]+[6,8] add up to 9)
Hint([5,3]+[0,6] add up to 11)
Hint([7,6]+[5,6] add up to 9)
Hint([0,3]+[2,5] add up to 9)
Hint([2,8]+[5,8]+[6,1] add up to 8)
Hint([0,0]+[2,4]+[0,0] add up to 12)
Hint([7,4]+[0,3]+[7,0] add up to 11)
Hint([3,4]+[2,8]+[6,5] add up to 13)
