Level( 6, 2, 4, 7, 1, 5, 9, 3, 8, 8, 5, 3, 9, 6, 2, 1, 7, 4, 7, 9, 1, 8, 4, 3, 6, 5, 2, 3, 4, 7, 1, 5, 8, 2, 6, 9, 9, 1, 2, 4, 3, 6, 7, 8, 5, 5, 6, 8, 2, 9, 7, 4, 1, 3, 2, 3, 9, 5, 7, 1, 8, 4, 6, 4, 7, 6, 3, 8, 9, 5, 2, 1, 1, 8, 5, 6, 2, 4, 3, 9, 7 )
Visible( 0, 0, 1, 0, 0, 1, 0, 0, 1, 0, 0, 0, 0, 0, 0, 1, 0, 1, 0, 1, 0, 0, 0, 0, 0, 0, 0, 1, 0, 0, 1, 0, 0, 0, 1, 0, 0, 0, 1, 0, 0, 0, 0, 1, 0, 1, 0, 0, 0, 1, 1, 0, 0, 0, 1, 0, 0, 0, 0, 1, 0, 0, 0, 0, 1, 0, 1, 0, 0, 1, 0, 1, 0, 1, 0, 0, 0, 1, 0, 1, 0 )
Hint([7,4]+[0,3]+[4,3] add up to 13)
Hint([7,4]+[7,6]+[2,7] add up to 15)
Hint([5,1]+[5,2] add up to 3)
Hint([7,1]+[8,3] add up to 14)
Hint([7,5]+[4,8] add up to 1)
Hint([0,7]+[3,3] add up to 3)
Hint([3,4]+[4,0]+[3,2] add up to 10)
Hint([8,4]+[3,5]+[1,2] add up to 13)
Hint([6,6]+[1,0]+[6,4] add up to 14)
Hint([5,7]+[2,4]+[5,7] add up to 17)
