Level( 5, 1, 4, 2, 3, 7, 8, 6, 9, 2, 6, 9, 5, 8, 4, 3, 7, 1, 3, 7, 8, 9, 6, 1, 4, 5, 2, 7, 4, 1, 6, 9, 2, 5, 8, 3, 9, 3, 2, 4, 5, 8, 7, 1, 6, 6, 8, 5, 7, 1, 3, 2, 9, 4, 8, 9, 6, 3, 2, 5, 1, 4, 7, 4, 5, 3, 1, 7, 6, 9, 2, 8, 1, 2, 7, 8, 4, 9, 6, 3, 5 )
Visible( 0, 1, 0, 1, 1, 1, 0, 0, 1, 0, 0, 0, 0, 0, 1, 0, 0, 0, 0, 0, 0, 1, 0, 0, 1, 1, 0, 0, 0, 0, 1, 0, 0, 0, 1, 1, 1, 0, 1, 0, 0, 0, 0, 0, 0, 0, 1, 1, 0, 0, 0, 1, 0, 0, 0, 1, 1, 0, 0, 0, 0, 0, 1, 0, 1, 0, 0, 1, 1, 0, 0, 0, 1, 0, 1, 0, 1, 0, 0, 0, 0 )
Hint([7,4]+[0,3]+[4,4] add up to 10)
Hint([7,0]+[6,5]+[1,7] add up to 10)
Hint([6,5]+[6,8] add up to 6)
Hint([6,2]+[8,3] add up to 5)
Hint([7,7]+[5,4] add up to 8)
Hint([8,7]+[3,5] add up to 13)
Hint([3,2]+[3,3]+[4,8] add up to 16)
Hint([1,6]+[3,8]+[2,4] add up to 16)
Hint([6,7]+[1,2] add up to 14)
Hint([8,6]+[5,0]+[0,5] add up to 17)
