Level( 8, 6, 5, 9, 2, 4, 3, 7, 1, 7, 4, 3, 6, 1, 8, 2, 9, 5, 9, 1, 2, 5, 3, 7, 6, 4, 8, 4, 5, 7, 8, 9, 6, 1, 2, 3, 6, 3, 8, 1, 7, 2, 9, 5, 4, 1, 2, 9, 3, 4, 5, 7, 8, 6, 5, 7, 4, 2, 6, 1, 8, 3, 9, 3, 8, 6, 7, 5, 9, 4, 1, 2, 2, 9, 1, 4, 8, 3, 5, 6, 7 )
Visible( 1, 1, 0, 0, 0, 0, 0, 0, 0, 1, 0, 0, 0, 1, 1, 0, 0, 0, 0, 0, 0, 0, 1, 1, 0, 0, 0, 0, 0, 0, 0, 1, 0, 1, 0, 0, 0, 1, 0, 0, 1, 1, 0, 0, 0, 0, 0, 1, 0, 0, 0, 1, 0, 1, 1, 0, 1, 0, 0, 0, 0, 0, 1, 0, 0, 0, 0, 0, 0, 0, 0, 1, 0, 1, 1, 0, 0, 1, 0, 1, 0 )
Hint([8,7]+[1,3]+[4,8] add up to 12)
Hint([6,7]+[8,6]+[2,2] add up to 12)
Hint([6,4]+[6,2] add up to 13)
Hint([7,8]+[1,8] add up to 13)
Hint([5,2]+[4,7] add up to 10)
Hint([8,0]+[1,6] add up to 6)
Hint([3,1]+[3,8]+[6,1] add up to 9)
Hint([0,5]+[3,5]+[1,0] add up to 7)
Hint([8,1]+[8,4]+[7,5] add up to 14)
Hint([5,3]+[1,2]+[5,6] add up to 5)
