Level( 1, F, 5, 9, B, D, 0, 3, C, 4, E, 7, 6, 2, 8, A, 0, 4, 2, 6, 9, 7, 1, 8, 3, F, A, B, E, D, 5, C, D, E, A, 7, C, 6, F, 4, 8, 5, 2, 1, 0, 3, B, 9, C, 3, B, 8, E, A, 2, 5, 0, 6, 9, D, 1, F, 7, 4, 8, D, 3, B, 4, 5, A, 0, E, 1, F, 9, 2, 7, C, 6, 9, 6, F, A, D, 8, C, E, B, 7, 0, 2, 5, 4, 1, 3, 4, 7, E, 0, 1, 2, 6, 9, A, C, 5, 3, 8, B, D, F, 5, 1, C, 2, F, B, 3, 7, 4, D, 6, 8, A, 9, 0, E, 2, B, 4, 1, A, 3, 5, D, 6, 8, 7, C, 9, E, F, 0, 7, C, 6, F, 8, 0, E, 2, 9, A, B, 5, 4, 1, 3, D, A, 9, 0, 5, 6, 1, B, F, D, 3, 4, E, C, 8, 2, 7, E, 8, D, 3, 7, 4, 9, C, 2, 0, 1, F, B, A, 6, 5, F, 2, 1, E, 3, C, 4, 6, 7, 9, 8, 0, D, 5, A, B, B, 0, 7, C, 2, F, 8, A, 5, E, D, 4, 3, 6, 9, 1, 3, A, 9, D, 5, E, 7, B, 1, 2, C, 6, F, 0, 4, 8, 6, 5, 8, 4, 0, 9, D, 1, F, B, 3, A, 7, C, E, 2 )
Visible( 1, 1, 0, 1, 0, 1, 0, 0, 1, 1, 1, 0, 0, 1, 0, 1, 1, 1, 0, 0, 0, 0, 1, 1, 1, 0, 0, 0, 1, 1, 0, 0, 1, 0, 0, 0, 1, 1, 1, 0, 1, 0, 1, 0, 1, 1, 0, 0, 0, 0, 0, 0, 1, 1, 1, 1, 0, 0, 0, 0, 0, 1, 0, 1, 1, 1, 1, 1, 1, 0, 0, 1, 1, 1, 1, 0, 0, 1, 0, 0, 0, 0, 0, 1, 0, 1, 1, 0, 0, 1, 0, 1, 0, 0, 0, 0, 1, 0, 0, 0, 1, 1, 0, 0, 0, 0, 1, 1, 0, 0, 0, 0, 0, 0, 1, 1, 1, 0, 1, 0, 0, 1, 1, 0, 0, 1, 0, 1, 1, 0, 1, 0, 0, 1, 0, 0, 1, 1, 0, 0, 1, 1, 0, 0, 1, 0, 0, 0, 1, 1, 1, 1, 0, 1, 1, 0, 0, 0, 0, 1, 0, 0, 1, 1, 1, 1, 0, 0, 1, 1, 0, 1, 1, 1, 0, 1, 0, 1, 1, 0, 0, 1, 1, 1, 1, 0, 0, 0, 0, 0, 0, 1, 0, 0, 0, 0, 1, 0, 1, 1, 0, 0, 1, 0, 0, 0, 0, 0, 1, 1, 1, 1, 0, 1, 1, 1, 1, 1, 0, 0, 1, 0, 0, 1, 0, 1, 1, 1, 0, 1, 0, 1, 1, 1, 0, 1, 1, 0, 0, 0, 1, 0, 1, 1, 1, 0, 1, 1, 1, 0, 0, 0, 0, 1, 0, 0 )
Hint([14,4]+[15,5]+[7,5] add up to 29)
Hint([10,0]+[11,8]+[3,9] add up to 41)
Hint([8,6]+[11,8] add up to 22)
Hint([13,15]+[2,12] add up to 13)
Hint([9,3]+[7,14] add up to 17)
Hint([1,10]+[5,6] add up to 11)
Hint([1,11]+[8,5]+[7,8] add up to 32)
Hint([2,13]+[7,3]+[0,2] add up to 25)
Hint([13,14]+[2,8]+[14,1] add up to 9)
Hint([7,8]+[3,2]+[8,13] add up to 25)
