Level( 5, 2, 8, 6, 7, 3, 1, 4, 9, 7, 4, 6, 5, 1, 9, 2, 3, 8, 3, 1, 9, 8, 4, 2, 5, 6, 7, 9, 7, 4, 2, 3, 5, 8, 1, 6, 1, 3, 5, 4, 8, 6, 9, 7, 2, 8, 6, 2, 7, 9, 1, 3, 5, 4, 4, 8, 1, 9, 5, 7, 6, 2, 3, 2, 5, 7, 3, 6, 8, 4, 9, 1, 6, 9, 3, 1, 2, 4, 7, 8, 5 )
Visible( 0, 0, 0, 0, 1, 1, 0, 0, 0, 0, 0, 0, 1, 0, 0, 0, 0, 1, 0, 1, 1, 0, 0, 0, 1, 1, 0, 0, 0, 0, 1, 0, 0, 1, 0, 1, 1, 1, 1, 0, 1, 0, 0, 0, 0, 0, 0, 0, 0, 0, 1, 0, 0, 0, 0, 1, 0, 0, 0, 0, 0, 1, 0, 0, 1, 0, 1, 1, 0, 0, 1, 0, 0, 0, 0, 0, 0, 1, 1, 0, 0 )
Hint([8,4]+[0,7]+[5,0] add up to 4)
Hint([5,2]+[7,8]+[2,6] add up to 8)
Hint([5,4]+[6,1] add up to 6)
Hint([5,8]+[1,3] add up to 9)
Hint([7,6]+[5,1] add up to 9)
Hint([0,1]+[2,8] add up to 8)
Hint([0,2]+[3,0]+[3,6] add up to 15)
Hint([1,4]+[3,0]+[0,5] add up to 14)
Hint([6,6]+[1,8] add up to 13)
Hint([8,4]+[4,6]+[2,8] add up to 7)
