Level( 6, 7, 5, 4, 8, 9, 1, 2, 3, 8, 1, 4, 2, 3, 6, 7, 5, 9, 9, 2, 3, 1, 7, 5, 4, 8, 6, 3, 6, 2, 5, 1, 7, 8, 9, 4, 5, 4, 8, 3, 9, 2, 6, 1, 7, 7, 9, 1, 6, 4, 8, 5, 3, 2, 4, 8, 7, 9, 5, 3, 2, 6, 1, 2, 5, 9, 7, 6, 1, 3, 4, 8, 1, 3, 6, 8, 2, 4, 9, 7, 5 )
Visible( 0, 0, 0, 0, 0, 1, 0, 1, 0, 0, 0, 1, 1, 0, 0, 1, 0, 0, 0, 0, 0, 1, 0, 0, 1, 0, 1, 1, 0, 0, 0, 1, 0, 0, 0, 0, 0, 0, 0, 1, 0, 0, 1, 0, 0, 0, 0, 0, 1, 1, 0, 0, 0, 0, 0, 1, 1, 0, 1, 0, 0, 0, 1, 0, 0, 0, 0, 0, 0, 1, 0, 1, 0, 0, 1, 0, 0, 0, 0, 0, 1 )
Hint([8,0]+[8,6]+[5,0] add up to 10)
Hint([5,7]+[8,0]+[0,7] add up to 3)
Hint([5,2]+[5,6] add up to 6)
Hint([5,3]+[0,8] add up to 6)
Hint([6,1]+[3,1] add up to 7)
Hint([1,1]+[2,6] add up to 6)
Hint([3,0]+[3,2]+[4,7] add up to 8)
Hint([8,5]+[3,4]+[1,6] add up to 10)
Hint([7,7]+[1,6] add up to 10)
Hint([8,8]+[5,8]+[3,3] add up to 11)
