Level( 1, 4, 8, 9, 5, 6, 2, 7, 3, 2, 9, 7, 3, 8, 4, 6, 5, 1, 6, 3, 5, 1, 2, 7, 8, 4, 9, 4, 2, 3, 7, 9, 1, 5, 8, 6, 7, 5, 9, 6, 3, 8, 1, 2, 4, 8, 1, 6, 5, 4, 2, 9, 3, 7, 3, 6, 2, 4, 1, 5, 7, 9, 8, 5, 7, 4, 8, 6, 9, 3, 1, 2, 9, 8, 1, 2, 7, 3, 4, 6, 5 )
Visible( 0, 0, 0, 1, 1, 0, 1, 1, 0, 0, 1, 0, 0, 0, 0, 0, 0, 1, 0, 0, 0, 0, 1, 0, 1, 1, 0, 0, 0, 0, 0, 1, 1, 0, 0, 1, 1, 0, 0, 0, 0, 1, 1, 1, 0, 1, 0, 0, 0, 0, 0, 0, 0, 0, 1, 1, 0, 0, 0, 0, 0, 0, 0, 0, 0, 0, 1, 0, 0, 0, 0, 0, 0, 0, 1, 1, 0, 0, 0, 0, 1 )
Hint([8,8]+[1,8]+[5,6] add up to 15)
Hint([6,7]+[8,1]+[0,2] add up to 7)
Hint([6,0]+[5,7] add up to 9)
Hint([6,0]+[8,4] add up to 4)
Hint([6,7]+[5,0] add up to 7)
Hint([8,7]+[3,8] add up to 2)
Hint([1,7]+[5,3]+[4,8] add up to 12)
Hint([8,7]+[4,6]+[1,8] add up to 8)
Hint([7,1]+[8,0] add up to 6)
Hint([0,8]+[5,7]+[2,2] add up to 20)
