Level( 9, 7, 5, 8, 6, 2, 1, 3, 4, 8, 6, 3, 5, 4, 1, 7, 9, 2, 1, 2, 4, 3, 7, 9, 5, 8, 6, 7, 9, 2, 4, 5, 8, 6, 1, 3, 3, 4, 6, 9, 1, 7, 2, 5, 8, 5, 1, 8, 6, 2, 3, 9, 4, 7, 6, 8, 9, 7, 3, 5, 4, 2, 1, 4, 3, 1, 2, 9, 6, 8, 7, 5, 2, 5, 7, 1, 8, 4, 3, 6, 9 )
Visible( 1, 0, 0, 1, 0, 1, 1, 0, 0, 0, 0, 0, 0, 0, 0, 0, 0, 0, 1, 1, 0, 1, 0, 0, 0, 1, 0, 1, 0, 0, 1, 0, 0, 0, 0, 0, 0, 1, 0, 0, 0, 0, 1, 1, 0, 0, 0, 0, 0, 0, 1, 0, 0, 1, 0, 1, 0, 1, 1, 0, 0, 0, 0, 0, 1, 0, 0, 0, 0, 0, 0, 1, 0, 1, 0, 1, 0, 0, 0, 1, 1 )
Hint([6,1]+[8,2]+[4,3] add up to 15)
Hint([6,2]+[6,1]+[0,1] add up to 17)
Hint([4,1]+[5,5] add up to 5)
Hint([7,7]+[1,4] add up to 9)
Hint([6,3]+[4,8] add up to 12)
Hint([0,3]+[2,7] add up to 6)
Hint([3,1]+[3,6]+[5,5] add up to 12)
Hint([8,5]+[3,5]+[1,7] add up to 13)
Hint([7,7]+[1,4] add up to 9)
Hint([0,5]+[5,5]+[2,5] add up to 13)
