Level( 8, 4, 9, 6, 1, 7, 5, 3, 2, 3, 6, 5, 2, 4, 8, 7, 1, 9, 1, 2, 7, 9, 5, 3, 8, 4, 6, 2, 5, 6, 3, 7, 4, 9, 8, 1, 4, 8, 1, 5, 2, 9, 6, 7, 3, 9, 7, 3, 8, 6, 1, 2, 5, 4, 7, 3, 2, 1, 9, 5, 4, 6, 8, 5, 9, 8, 4, 3, 6, 1, 2, 7, 6, 1, 4, 7, 8, 2, 3, 9, 5 )
Visible( 0, 0, 0, 0, 1, 0, 0, 1, 0, 0, 0, 1, 0, 0, 0, 0, 1, 1, 0, 1, 0, 0, 0, 1, 0, 0, 0, 0, 0, 0, 0, 0, 0, 1, 0, 0, 1, 0, 1, 1, 0, 0, 1, 0, 0, 0, 1, 0, 1, 0, 0, 1, 0, 1, 0, 0, 1, 0, 1, 0, 0, 0, 1, 0, 0, 1, 1, 0, 0, 0, 0, 0, 0, 0, 0, 1, 0, 0, 1, 0, 0 )
Hint([8,0]+[8,2]+[4,1] add up to 9)
Hint([5,5]+[7,7]+[2,7] add up to 8)
Hint([5,2]+[5,2] add up to 4)
Hint([6,5]+[0,1] add up to 3)
Hint([5,6]+[5,4] add up to 12)
Hint([0,7]+[3,5] add up to 11)
Hint([3,4]+[4,5]+[5,8] add up to 10)
Hint([8,2]+[2,8]+[2,6] add up to 9)
Hint([6,2]+[0,5] add up to 15)
Hint([7,6]+[5,3]+[1,8] add up to 8)
