Level( 9, 6, 7, 3, 4, 8, 5, 1, 2, 2, 8, 1, 5, 9, 6, 3, 4, 7, 4, 3, 5, 2, 1, 7, 6, 8, 9, 8, 1, 2, 4, 3, 9, 7, 6, 5, 5, 4, 3, 6, 7, 2, 1, 9, 8, 7, 9, 6, 8, 5, 1, 4, 2, 3, 3, 2, 9, 7, 6, 4, 8, 5, 1, 1, 7, 4, 9, 8, 5, 2, 3, 6, 6, 5, 8, 1, 2, 3, 9, 7, 4 )
Visible( 0, 0, 0, 0, 0, 1, 1, 0, 1, 0, 0, 1, 0, 0, 1, 0, 0, 0, 0, 0, 0, 0, 0, 0, 0, 0, 0, 0, 0, 0, 1, 0, 1, 1, 0, 1, 0, 1, 0, 0, 0, 1, 0, 0, 1, 1, 0, 0, 0, 0, 0, 1, 1, 0, 1, 0, 0, 1, 1, 1, 0, 0, 0, 0, 0, 1, 1, 0, 0, 0, 0, 0, 0, 0, 1, 1, 0, 0, 0, 1, 0 )
Hint([8,0]+[8,2]+[3,4] add up to 14)
Hint([6,2]+[7,1]+[0,5] add up to 14)
Hint([6,7]+[7,8] add up to 7)
Hint([7,1]+[8,1] add up to 9)
Hint([5,0]+[3,8] add up to 7)
Hint([8,3]+[2,6] add up to 12)
Hint([1,0]+[3,4]+[4,8] add up to 11)
Hint([1,3]+[3,0]+[8,4] add up to 9)
Hint([7,2]+[8,3] add up to 11)
Hint([7,1]+[4,2]+[1,6] add up to 4)
