Level( 3, 8, 7, 1, 4, 6, 5, 9, 2, 6, 9, 4, 8, 5, 2, 1, 7, 3, 5, 1, 2, 9, 3, 7, 8, 4, 6, 9, 7, 5, 3, 6, 8, 4, 2, 1, 8, 4, 3, 5, 2, 1, 9, 6, 7, 1, 2, 6, 7, 9, 4, 3, 5, 8, 7, 5, 8, 6, 1, 9, 2, 3, 4, 2, 3, 1, 4, 7, 5, 6, 8, 9, 4, 6, 9, 2, 8, 3, 7, 1, 5 )
Visible( 0, 1, 0, 0, 1, 0, 0, 1, 1, 1, 0, 0, 0, 1, 0, 1, 0, 1, 1, 0, 0, 0, 0, 1, 0, 0, 0, 1, 0, 0, 0, 0, 1, 1, 0, 0, 0, 0, 0, 1, 0, 1, 0, 1, 0, 0, 0, 0, 0, 1, 0, 0, 0, 1, 1, 0, 0, 1, 0, 1, 0, 1, 0, 0, 0, 1, 1, 0, 0, 0, 0, 1, 0, 0, 0, 0, 0, 0, 0, 0, 0 )
Hint([7,8]+[1,0]+[3,6] add up to 12)
Hint([7,4]+[7,0]+[0,4] add up to 20)
Hint([6,3]+[6,7] add up to 8)
Hint([6,7]+[1,2] add up to 5)
Hint([5,7]+[5,2] add up to 10)
Hint([8,8]+[4,6] add up to 4)
Hint([2,8]+[5,6]+[5,0] add up to 21)
Hint([8,4]+[3,3] add up to 8)
Hint([0,3]+[6,7] add up to 13)
Hint([8,3]+[8,1] add up to 2)
