Level( 9, 2, 5, 4, 7, 3, 1, 6, 8, 4, 7, 8, 6, 5, 1, 2, 3, 9, 1, 6, 3, 8, 2, 9, 5, 4, 7, 5, 8, 9, 1, 4, 7, 6, 2, 3, 7, 3, 6, 2, 9, 5, 4, 8, 1, 2, 4, 1, 3, 8, 6, 9, 7, 5, 6, 9, 4, 5, 3, 8, 7, 1, 2, 3, 5, 2, 7, 1, 4, 8, 9, 6, 8, 1, 7, 9, 6, 2, 3, 5, 4 )
Visible( 1, 1, 0, 0, 0, 0, 0, 1, 1, 0, 0, 1, 0, 1, 0, 0, 0, 0, 0, 1, 0, 0, 0, 0, 1, 0, 1, 1, 0, 0, 0, 1, 0, 0, 0, 0, 1, 0, 0, 1, 0, 0, 0, 0, 0, 1, 1, 0, 0, 0, 1, 0, 0, 0, 0, 0, 0, 1, 0, 1, 0, 1, 0, 0, 0, 0, 0, 0, 0, 1, 0, 1, 0, 0, 0, 1, 0, 1, 0, 0, 1 )
Hint([6,1]+[8,5]+[4,1] add up to 9)
Hint([5,5]+[7,7]+[2,1] add up to 20)
Hint([6,4]+[6,0] add up to 3)
Hint([6,7]+[1,8] add up to 7)
Hint([6,0]+[3,7] add up to 6)
Hint([0,2]+[2,5] add up to 0)
Hint([2,5]+[4,0]+[3,6] add up to 10)
Hint([1,0]+[2,6]+[1,3] add up to 11)
Hint([7,5]+[0,1]+[7,5] add up to 15)
Hint([5,0]+[0,5]+[5,4] add up to 7)
