Level( 8, 7, 2, 3, 5, 1, 4, 9, 6, 6, 9, 3, 8, 7, 4, 5, 2, 1, 1, 5, 4, 2, 9, 6, 3, 7, 8, 9, 8, 1, 6, 2, 3, 7, 4, 5, 2, 3, 7, 5, 4, 8, 6, 1, 9, 4, 6, 5, 7, 1, 9, 8, 3, 2, 5, 1, 9, 4, 6, 7, 2, 8, 3, 7, 2, 8, 1, 3, 5, 9, 6, 4, 3, 4, 6, 9, 8, 2, 1, 5, 7 )
Visible( 1, 0, 1, 0, 1, 0, 1, 0, 0, 0, 1, 0, 0, 0, 0, 0, 0, 1, 0, 0, 0, 0, 0, 1, 0, 0, 0, 1, 0, 0, 0, 0, 0, 0, 1, 0, 0, 1, 1, 0, 0, 0, 1, 0, 0, 0, 0, 0, 0, 0, 0, 1, 1, 1, 0, 1, 0, 0, 0, 1, 1, 0, 1, 0, 0, 0, 0, 0, 0, 0, 0, 0, 0, 1, 1, 1, 1, 0, 1, 0, 0 )
Hint([6,1]+[8,2]+[4,6] add up to 16)
Hint([5,6]+[8,5]+[1,6] add up to 7)
Hint([5,2]+[5,8] add up to 6)
Hint([6,8]+[1,4] add up to 2)
Hint([6,1]+[3,2] add up to 5)
Hint([8,1]+[2,3] add up to 0)
Hint([3,5]+[4,2]+[4,7] add up to 16)
Hint([8,0]+[2,8]+[2,1] add up to 12)
Hint([6,6]+[1,2]+[7,7] add up to 10)
Hint([5,2]+[1,0] add up to 11)
