Level( 9, 1, 2, 5, 7, 8, 3, 4, 6, 7, 8, 4, 3, 9, 6, 2, 5, 1, 5, 6, 3, 4, 1, 2, 8, 7, 9, 3, 5, 9, 8, 6, 7, 1, 2, 4, 8, 7, 6, 1, 2, 4, 9, 3, 5, 4, 2, 1, 9, 3, 5, 6, 8, 7, 1, 3, 8, 7, 4, 9, 5, 6, 2, 6, 4, 5, 2, 8, 1, 7, 9, 3, 2, 9, 7, 6, 5, 3, 4, 1, 8 )
Visible( 0, 1, 0, 1, 1, 0, 0, 1, 0, 0, 0, 0, 1, 0, 0, 0, 1, 0, 0, 1, 0, 0, 1, 0, 1, 0, 0, 0, 0, 0, 0, 0, 0, 0, 0, 0, 1, 0, 0, 0, 0, 1, 1, 1, 1, 0, 0, 1, 0, 0, 0, 1, 0, 0, 0, 1, 0, 1, 0, 0, 0, 0, 0, 1, 1, 0, 0, 0, 0, 0, 0, 0, 1, 1, 0, 0, 0, 1, 1, 0, 1 )
Hint([8,8]+[1,4]+[4,5] add up to 15)
Hint([6,1]+[6,7]+[2,8] add up to 13)
Hint([4,3]+[6,2] add up to 12)
Hint([7,5]+[0,2] add up to 11)
Hint([5,4]+[4,3] add up to 8)
Hint([0,1]+[2,5] add up to 6)
Hint([3,3]+[3,8]+[5,1] add up to 17)
Hint([8,6]+[3,7]+[1,0] add up to 2)
Hint([7,5]+[0,2]+[7,2] add up to 17)
Hint([4,4]+[2,0]+[4,7] add up to 9)
