Level( 9, B, 1, F, 0, 5, A, C, E, D, 4, 7, 2, 6, 3, 8, A, 5, 4, 0, 1, 9, 3, 7, 6, 2, 8, F, B, C, E, D, 8, 3, 6, 7, 4, 2, E, D, B, 9, C, 0, F, A, 5, 1, C, 2, E, D, 8, 6, B, F, 3, 1, A, 5, 4, 7, 0, 9, 0, 9, F, 2, D, 7, 1, E, C, 3, 5, 8, 6, B, 4, A, 6, 8, C, 4, A, 3, 2, 9, F, 0, B, D, E, 5, 1, 7, B, 7, 5, E, C, 0, 8, 4, 9, 6, 1, A, 3, D, F, 2, 1, D, A, 3, B, F, 5, 6, 2, 7, E, 4, 9, 0, 8, C, D, 0, 2, 5, 7, B, 4, 3, 1, A, 6, E, C, 8, 9, F, E, 4, 9, 6, 5, 1, C, 8, 7, F, D, 2, 0, 3, A, B, 3, 1, 7, 8, 9, A, F, 2, 4, B, 0, C, 5, E, D, 6, F, A, B, C, E, D, 6, 0, 5, 8, 9, 3, 7, 1, 2, 4, 4, E, 3, A, 6, C, 9, B, D, 5, 2, 1, 8, F, 7, 0, 5, F, 0, 9, 2, 8, 7, 1, A, C, 3, B, D, 4, 6, E, 7, 6, 8, B, 3, 4, D, A, 0, E, F, 9, 1, 2, C, 5, 2, C, D, 1, F, E, 0, 5, 8, 4, 7, 6, A, 9, B, 3 )
Visible( 0, 1, 0, 0, 0, 0, 1, 1, 1, 1, 1, 1, 0, 0, 0, 0, 0, 1, 1, 0, 0, 1, 0, 0, 0, 0, 1, 1, 0, 1, 1, 1, 1, 0, 0, 1, 1, 1, 1, 0, 1, 0, 1, 1, 0, 1, 0, 0, 1, 1, 0, 1, 0, 1, 0, 1, 0, 1, 0, 0, 0, 1, 0, 0, 0, 1, 1, 0, 1, 0, 0, 0, 0, 0, 0, 0, 1, 1, 1, 0, 0, 1, 0, 1, 1, 1, 0, 0, 0, 1, 1, 1, 0, 0, 0, 1, 0, 1, 0, 0, 1, 0, 1, 1, 0, 1, 0, 1, 0, 1, 1, 0, 1, 0, 0, 0, 1, 0, 1, 0, 1, 0, 0, 1, 0, 1, 0, 1, 1, 0, 0, 0, 0, 0, 0, 1, 0, 0, 1, 0, 0, 1, 1, 1, 1, 0, 0, 1, 1, 0, 1, 1, 1, 0, 1, 0, 1, 0, 1, 0, 0, 1, 0, 0, 1, 1, 0, 0, 0, 0, 1, 0, 0, 1, 0, 0, 1, 1, 0, 0, 1, 0, 0, 0, 1, 1, 0, 0, 0, 1, 1, 0, 0, 0, 1, 1, 0, 1, 1, 1, 0, 0, 0, 0, 0, 1, 0, 1, 1, 0, 1, 1, 1, 1, 0, 0, 1, 0, 0, 1, 0, 1, 0, 1, 0, 0, 1, 0, 1, 1, 1, 0, 0, 0, 0, 0, 1, 0, 0, 1, 0, 0, 0, 0, 1, 0, 0, 1, 0, 1, 0, 1, 1, 0, 1, 1 )
Hint([12,11]+[1,3]+[6,1] add up to 12)
Hint([9,4]+[12,2]+[1,9] add up to 22)
Hint([11,7]+[11,2] add up to 4)
Hint([13,11]+[1,4] add up to 10)
Hint([12,7]+[8,9] add up to 16)
Hint([15,11]+[5,1] add up to 13)
Hint([1,0]+[5,7] add up to 26)
Hint([7,8]+[1,3]+[4,1] add up to 6)
Hint([14,11]+[13,2] add up to 12)
Hint([14,2]+[13,10]+[9,6] add up to 25)
