Level( 5, 9, 8, 7, 4, 1, 3, 2, 6, 1, 6, 3, 8, 2, 5, 7, 9, 4, 2, 7, 4, 6, 9, 3, 8, 5, 1, 3, 1, 2, 9, 5, 6, 4, 7, 8, 8, 4, 9, 2, 3, 7, 6, 1, 5, 6, 5, 7, 1, 8, 4, 2, 3, 9, 9, 8, 5, 4, 7, 2, 1, 6, 3, 7, 3, 6, 5, 1, 8, 9, 4, 2, 4, 2, 1, 3, 6, 9, 5, 8, 7 )
Visible( 0, 0, 1, 0, 0, 0, 0, 0, 0, 1, 0, 0, 0, 0, 0, 0, 1, 1, 1, 0, 1, 1, 0, 0, 0, 0, 0, 0, 0, 0, 1, 1, 0, 0, 0, 0, 1, 0, 0, 0, 0, 0, 0, 1, 0, 0, 1, 1, 0, 0, 1, 1, 0, 0, 0, 0, 0, 0, 1, 0, 1, 1, 0, 0, 1, 0, 1, 1, 0, 0, 0, 0, 1, 1, 0, 0, 0, 0, 0, 1, 0 )
Hint([7,5]+[0,1]+[3,5] add up to 2)
Hint([6,0]+[6,5]+[1,8] add up to 4)
Hint([5,7]+[7,1] add up to 15)
Hint([7,7]+[1,2] add up to 9)
Hint([6,7]+[5,8] add up to 16)
Hint([7,8]+[3,0] add up to 13)
Hint([1,6]+[4,1] add up to 8)
Hint([4,6]+[1,4] add up to 9)
Hint([8,0]+[7,3] add up to 11)
Hint([0,7]+[8,2]+[8,0] add up to 11)
