Level( 9, 5, 4, 7, 6, 2, 1, 8, 3, 2, 6, 3, 4, 1, 8, 9, 5, 7, 8, 1, 7, 5, 3, 9, 4, 6, 2, 4, 2, 8, 9, 5, 3, 6, 7, 1, 5, 7, 1, 2, 8, 6, 3, 4, 9, 6, 3, 9, 1, 7, 4, 8, 2, 5, 3, 9, 2, 8, 4, 5, 7, 1, 6, 7, 8, 5, 6, 9, 1, 2, 3, 4, 1, 4, 6, 3, 2, 7, 5, 9, 8 )
Visible( 0, 1, 1, 1, 1, 0, 0, 0, 0, 1, 1, 0, 0, 0, 0, 1, 0, 0, 0, 0, 0, 0, 0, 1, 0, 1, 0, 0, 0, 0, 0, 1, 1, 1, 0, 0, 0, 1, 1, 0, 1, 0, 0, 0, 0, 0, 0, 1, 0, 0, 1, 0, 0, 0, 0, 0, 1, 0, 0, 0, 0, 0, 0, 0, 0, 0, 0, 0, 1, 0, 1, 1, 1, 0, 0, 0, 0, 1, 0, 0, 1 )
Hint([6,5]+[0,8]+[5,5] add up to 10)
Hint([5,4]+[7,6]+[2,6] add up to 6)
Hint([5,3]+[6,1] add up to 10)
Hint([7,8]+[1,4] add up to 14)
Hint([5,8]+[5,6] add up to 10)
Hint([1,6]+[3,2] add up to 12)
Hint([2,5]+[4,6]+[5,0] add up to 12)
Hint([1,6]+[4,3] add up to 12)
Hint([0,6]+[7,6] add up to 2)
Hint([6,6]+[8,7] add up to 9)
