Level( 6, 2, 8, 3, 1, 7, 9, 5, 4, 4, 7, 1, 9, 6, 5, 2, 8, 3, 5, 3, 9, 2, 8, 4, 6, 1, 7, 8, 5, 4, 7, 9, 6, 3, 2, 1, 1, 6, 3, 8, 5, 2, 4, 7, 9, 2, 9, 7, 4, 3, 1, 8, 6, 5, 3, 1, 6, 5, 2, 9, 7, 4, 8, 9, 4, 5, 6, 7, 8, 1, 3, 2, 7, 8, 2, 1, 4, 3, 5, 9, 6 )
Visible( 0, 1, 0, 0, 0, 1, 0, 1, 1, 0, 0, 0, 0, 0, 0, 0, 0, 1, 1, 1, 0, 0, 1, 0, 0, 0, 0, 0, 0, 1, 0, 1, 0, 0, 0, 0, 0, 1, 1, 0, 0, 0, 0, 1, 0, 0, 0, 1, 1, 0, 1, 1, 0, 0, 0, 0, 0, 1, 1, 0, 0, 1, 0, 1, 0, 0, 0, 1, 0, 1, 0, 0, 0, 0, 0, 0, 0, 0, 0, 0, 0 )
Hint([6,3]+[8,3]+[4,4] add up to 6)
Hint([6,1]+[6,0]+[0,6] add up to 11)
Hint([4,5]+[6,5] add up to 9)
Hint([5,5]+[0,1] add up to 3)
Hint([5,7]+[5,5] add up to 7)
Hint([1,8]+[3,1] add up to 15)
Hint([0,5]+[4,8]+[5,6] add up to 12)
Hint([0,2]+[2,3]+[0,0] add up to 12)
Hint([6,5]+[0,5]+[8,8] add up to 13)
Hint([3,3]+[1,3] add up to 10)
