Level( 9, 2, 6, 7, 8, 1, 3, 5, 4, 4, 7, 3, 5, 6, 9, 8, 2, 1, 1, 5, 8, 4, 2, 3, 7, 9, 6, 3, 4, 9, 8, 7, 5, 1, 6, 2, 6, 1, 5, 3, 4, 2, 9, 8, 7, 7, 8, 2, 1, 9, 6, 4, 3, 5, 8, 3, 1, 2, 5, 7, 6, 4, 9, 2, 9, 7, 6, 3, 4, 5, 1, 8, 5, 6, 4, 9, 1, 8, 2, 7, 3 )
Visible( 0, 1, 0, 0, 0, 0, 0, 0, 0, 1, 0, 0, 0, 0, 1, 1, 0, 0, 1, 0, 0, 0, 1, 0, 0, 0, 0, 0, 0, 1, 1, 0, 0, 1, 0, 0, 0, 0, 0, 0, 0, 1, 0, 0, 1, 1, 1, 0, 1, 0, 1, 1, 0, 0, 0, 0, 0, 0, 1, 0, 0, 0, 1, 0, 0, 1, 0, 1, 0, 0, 0, 0, 1, 1, 0, 0, 0, 1, 0, 0, 0 )
Hint([7,3]+[0,6]+[5,0] add up to 12)
Hint([6,2]+[7,4]+[1,0] add up to 14)
Hint([5,0]+[5,0] add up to 0)
Hint([6,0]+[8,2] add up to 7)
Hint([6,4]+[4,4] add up to 11)
Hint([0,2]+[2,4] add up to 4)
Hint([1,2]+[3,0]+[3,2] add up to 13)
Hint([1,7]+[4,4]+[1,4] add up to 11)
Hint([7,7]+[1,6] add up to 2)
Hint([8,3]+[4,5]+[2,5] add up to 10)
