Level( 7, 1, 3, 9, 5, 6, 2, 4, 8, 6, 2, 9, 4, 8, 3, 7, 5, 1, 8, 4, 5, 7, 1, 2, 3, 6, 9, 2, 8, 1, 3, 9, 4, 5, 7, 6, 9, 7, 6, 1, 2, 5, 8, 3, 4, 3, 5, 4, 6, 7, 8, 9, 1, 2, 5, 9, 7, 2, 6, 1, 4, 8, 3, 4, 6, 8, 5, 3, 9, 1, 2, 7, 1, 3, 2, 8, 4, 7, 6, 9, 5 )
Visible( 0, 0, 1, 1, 0, 0, 0, 0, 0, 0, 0, 0, 1, 0, 0, 0, 0, 0, 0, 0, 1, 0, 0, 0, 1, 1, 0, 1, 0, 0, 0, 0, 1, 1, 0, 1, 1, 0, 0, 1, 0, 0, 0, 1, 0, 0, 0, 1, 0, 0, 1, 1, 0, 0, 1, 0, 1, 0, 0, 1, 0, 1, 0, 0, 1, 0, 0, 0, 0, 1, 0, 0, 0, 0, 0, 1, 0, 1, 1, 0, 0 )
Hint([7,5]+[0,0]+[3,1] add up to 9)
Hint([6,6]+[8,3]+[1,0] add up to 8)
Hint([4,7]+[7,4] add up to 4)
Hint([6,4]+[0,4] add up to 15)
Hint([5,5]+[5,2] add up to 8)
Hint([8,1]+[2,1] add up to 8)
Hint([1,0]+[3,7]+[5,1] add up to 6)
Hint([8,6]+[3,2]+[0,5] add up to 10)
Hint([6,6]+[1,2] add up to 6)
Hint([0,3]+[4,7]+[2,0] add up to 5)
