Level( 5, 1, 3, 4, 2, 9, 6, 7, 8, 7, 9, 4, 1, 8, 6, 2, 5, 3, 2, 8, 6, 7, 3, 5, 9, 1, 4, 9, 7, 5, 6, 4, 3, 8, 2, 1, 8, 3, 2, 9, 7, 1, 4, 6, 5, 4, 6, 1, 8, 5, 2, 3, 9, 7, 1, 2, 8, 3, 6, 7, 5, 4, 9, 6, 4, 9, 5, 1, 8, 7, 3, 2, 3, 5, 7, 2, 9, 4, 1, 8, 6 )
Visible( 0, 0, 0, 0, 1, 0, 0, 1, 1, 0, 1, 0, 0, 1, 1, 0, 0, 0, 0, 0, 0, 0, 0, 0, 0, 1, 0, 1, 0, 1, 0, 0, 1, 0, 0, 0, 0, 1, 0, 0, 1, 0, 0, 0, 0, 0, 0, 1, 1, 0, 1, 0, 0, 0, 1, 1, 0, 1, 0, 0, 1, 0, 0, 1, 0, 0, 0, 1, 0, 1, 0, 0, 0, 0, 1, 0, 0, 0, 0, 0, 1 )
Hint([8,6]+[0,6]+[5,3] add up to 10)
Hint([6,0]+[6,8]+[2,0] add up to 7)
Hint([5,2]+[5,6] add up to 10)
Hint([5,7]+[1,7] add up to 10)
Hint([7,3]+[4,1] add up to 8)
Hint([8,6]+[3,2] add up to 14)
Hint([1,3]+[4,4]+[4,8] add up to 20)
Hint([0,5]+[3,1]+[0,8] add up to 5)
Hint([6,3]+[0,4] add up to 14)
Hint([8,1]+[4,5]+[2,7] add up to 14)
