Level( 1, 4, 9, 8, 2, 3, 7, 5, 6, 8, 2, 5, 7, 9, 6, 4, 3, 1, 3, 6, 7, 1, 4, 5, 2, 9, 8, 5, 9, 3, 6, 7, 1, 8, 4, 2, 6, 8, 2, 5, 3, 4, 1, 7, 9, 4, 7, 1, 2, 8, 9, 3, 6, 5, 7, 3, 6, 9, 1, 8, 5, 2, 4, 2, 5, 8, 4, 6, 7, 9, 1, 3, 9, 1, 4, 3, 5, 2, 6, 8, 7 )
Visible( 1, 0, 0, 0, 0, 0, 0, 1, 1, 1, 1, 0, 1, 0, 0, 0, 0, 0, 0, 1, 0, 0, 0, 1, 0, 1, 0, 0, 0, 0, 1, 0, 0, 0, 0, 1, 0, 0, 0, 0, 1, 0, 1, 0, 0, 0, 1, 0, 0, 1, 1, 1, 0, 0, 0, 1, 1, 0, 0, 0, 0, 0, 0, 1, 0, 0, 1, 0, 0, 0, 0, 1, 0, 0, 0, 0, 0, 0, 1, 1, 0 )
Hint([7,4]+[0,3]+[4,3] add up to 16)
Hint([7,4]+[7,6]+[2,7] add up to 14)
Hint([5,1]+[5,2] add up to 9)
Hint([7,1]+[8,3] add up to 3)
Hint([7,5]+[4,8] add up to 9)
Hint([0,7]+[3,3] add up to 6)
Hint([3,4]+[4,0]+[3,2] add up to 5)
Hint([8,4]+[3,5]+[1,2] add up to 14)
Hint([6,6]+[1,0]+[6,4] add up to 7)
Hint([5,7]+[2,4]+[5,7] add up to 13)
