Level( 1, F, 5, 9, 8, D, 0, 2, 6, 3, C, 4, E, A, B, 7, 6, 2, 3, A, 4, 5, 7, F, 8, B, E, D, 1, C, 9, 0, B, D, 4, 7, A, C, E, 3, 0, F, 9, 1, 8, 6, 5, 2, 0, C, 8, E, 9, B, 6, 1, 2, A, 7, 5, 4, 3, D, F, 9, 3, 0, 6, F, 8, 5, A, B, E, 4, 7, C, 1, 2, D, C, A, 1, 5, 7, 9, 4, D, F, 8, 2, 6, B, 0, E, 3, 7, E, 2, 4, 3, 1, B, 6, C, D, 5, 0, 9, F, 8, A, F, 8, B, D, E, 0, 2, C, 9, 1, A, 3, 5, 7, 4, 6, 3, B, 9, C, D, F, A, 5, E, 7, 6, 8, 0, 2, 1, 4, 5, 7, A, 1, C, 3, 8, B, 4, 0, F, 2, D, E, 6, 9, 4, 0, D, 2, 6, E, 1, 7, 3, 9, B, C, A, 5, F, 8, 8, 6, E, F, 2, 4, 9, 0, D, 5, 1, A, 3, B, 7, C, D, 1, 6, 3, 5, 7, C, 9, A, 2, 8, B, F, 4, 0, E, E, 4, C, B, 0, 2, 3, 8, 1, 6, D, F, 7, 9, A, 5, 2, 9, 7, 8, B, A, F, 4, 5, C, 0, E, 6, D, 3, 1, A, 5, F, 0, 1, 6, D, E, 7, 4, 3, 9, 2, 8, C, B )
Visible( 0, 1, 0, 0, 0, 1, 0, 0, 0, 0, 0, 1, 1, 1, 0, 1, 0, 0, 0, 0, 1, 0, 0, 0, 0, 0, 1, 0, 0, 1, 0, 0, 1, 0, 0, 1, 0, 1, 1, 1, 0, 1, 1, 1, 1, 0, 1, 1, 1, 1, 0, 0, 1, 0, 1, 1, 1, 0, 0, 1, 1, 0, 0, 1, 1, 0, 0, 1, 0, 1, 0, 1, 0, 1, 1, 0, 0, 1, 1, 1, 1, 0, 1, 0, 0, 1, 0, 0, 0, 1, 1, 0, 0, 0, 1, 0, 1, 0, 0, 1, 0, 1, 0, 0, 1, 1, 0, 1, 1, 0, 1, 1, 0, 1, 0, 0, 0, 0, 1, 1, 0, 0, 0, 1, 0, 1, 0, 0, 0, 1, 0, 1, 0, 1, 1, 0, 0, 0, 0, 1, 0, 0, 0, 1, 0, 1, 1, 0, 1, 0, 0, 1, 0, 0, 0, 0, 0, 1, 0, 1, 0, 0, 0, 1, 0, 0, 0, 1, 1, 0, 1, 1, 0, 0, 0, 0, 0, 1, 1, 0, 1, 0, 0, 1, 0, 1, 1, 0, 1, 0, 1, 0, 0, 0, 0, 1, 0, 1, 1, 1, 1, 0, 0, 1, 1, 0, 0, 0, 1, 1, 1, 0, 0, 1, 0, 1, 1, 1, 1, 1, 1, 0, 0, 0, 0, 0, 0, 0, 1, 0, 0, 0, 1, 1, 1, 0, 0, 1, 0, 1, 0, 1, 0, 1, 0, 1, 1, 0, 0, 1, 1, 1, 0, 0, 0, 0 )
Hint([15,13]+[2,15]+[10,6] add up to 25)
Hint([12,15]+[15,14]+[4,10] add up to 9)
Hint([8,13]+[13,12] add up to 5)
Hint([11,0]+[14,2] add up to 9)
Hint([9,6]+[8,10] add up to 16)
Hint([1,15]+[7,12] add up to 14)
Hint([3,3]+[6,1]+[6,14] add up to 36)
Hint([2,2]+[4,2]+[0,11] add up to 22)
Hint([14,9]+[1,7] add up to 14)
Hint([1,9]+[8,7]+[3,5] add up to 21)
