Level( 7, 4, 2, 8, 9, 3, 6, 5, 1, 9, 3, 1, 5, 4, 6, 7, 8, 2, 5, 6, 8, 7, 1, 2, 9, 4, 3, 2, 8, 3, 4, 6, 5, 1, 9, 7, 6, 5, 7, 1, 8, 9, 2, 3, 4, 4, 1, 9, 3, 2, 7, 5, 6, 8, 3, 2, 5, 6, 7, 8, 4, 1, 9, 1, 9, 6, 2, 3, 4, 8, 7, 5, 8, 7, 4, 9, 5, 1, 3, 2, 6 )
Visible( 1, 0, 0, 1, 0, 1, 1, 0, 1, 1, 0, 1, 0, 0, 0, 0, 0, 0, 0, 1, 0, 0, 0, 0, 0, 0, 1, 0, 0, 0, 0, 1, 1, 1, 0, 0, 1, 1, 0, 0, 1, 1, 0, 0, 0, 0, 0, 0, 1, 0, 0, 0, 0, 0, 0, 0, 0, 0, 1, 0, 0, 0, 1, 1, 0, 0, 0, 0, 0, 1, 0, 0, 0, 1, 0, 0, 1, 0, 1, 1, 0 )
Hint([8,7]+[1,3]+[4,8] add up to 15)
Hint([6,7]+[8,6]+[2,2] add up to 22)
Hint([6,4]+[6,2] add up to 9)
Hint([7,8]+[1,8] add up to 7)
Hint([5,2]+[4,7] add up to 3)
Hint([8,0]+[1,6] add up to 1)
Hint([3,1]+[3,8]+[6,1] add up to 18)
Hint([0,5]+[3,5]+[1,0] add up to 8)
Hint([8,1]+[8,4]+[7,5] add up to 9)
Hint([5,3]+[1,2]+[5,6] add up to 16)
