Level( 1, 4, 6, 9, 2, 3, 5, 7, 8, 9, 2, 5, 7, 8, 1, 4, 3, 6, 7, 3, 8, 5, 6, 4, 9, 1, 2, 3, 7, 9, 4, 5, 8, 2, 6, 1, 4, 8, 2, 1, 3, 6, 7, 5, 9, 6, 5, 1, 2, 9, 7, 3, 8, 4, 5, 1, 7, 8, 4, 9, 6, 2, 3, 2, 6, 4, 3, 1, 5, 8, 9, 7, 8, 9, 3, 6, 7, 2, 1, 4, 5 )
Visible( 0, 0, 0, 0, 1, 0, 1, 0, 0, 1, 0, 0, 0, 0, 1, 0, 0, 1, 0, 1, 0, 0, 0, 0, 0, 1, 0, 1, 0, 0, 0, 0, 1, 1, 0, 1, 1, 0, 0, 0, 1, 0, 0, 0, 0, 0, 1, 1, 0, 0, 0, 1, 0, 0, 0, 0, 1, 0, 1, 0, 0, 1, 0, 1, 1, 0, 0, 1, 1, 0, 0, 0, 0, 0, 0, 1, 0, 0, 0, 0, 1 )
Hint([7,6]+[0,2]+[4,8] add up to 13)
Hint([5,8]+[8,1]+[0,1] add up to 14)
Hint([5,4]+[6,8] add up to 5)
Hint([7,2]+[0,5] add up to 5)
Hint([6,3]+[4,0] add up to 2)
Hint([0,1]+[2,2] add up to 15)
Hint([1,3]+[4,5]+[5,8] add up to 15)
Hint([8,1]+[2,0]+[8,5] add up to 13)
Hint([8,7]+[1,8] add up to 14)
Hint([0,1]+[3,5]+[2,0] add up to 14)
