Level( 9, 7, 5, 4, 8, 2, 6, 1, 3, 3, 2, 4, 1, 5, 6, 9, 8, 7, 8, 6, 1, 9, 7, 3, 4, 2, 5, 1, 9, 2, 3, 4, 7, 5, 6, 8, 7, 5, 6, 8, 2, 1, 3, 9, 4, 4, 8, 3, 6, 9, 5, 1, 7, 2, 5, 3, 9, 2, 6, 8, 7, 4, 1, 2, 4, 7, 5, 1, 9, 8, 3, 6, 6, 1, 8, 7, 3, 4, 2, 5, 9 )
Visible( 0, 0, 1, 1, 0, 0, 1, 0, 0, 0, 0, 1, 0, 0, 0, 1, 1, 0, 1, 1, 0, 0, 1, 0, 1, 1, 0, 0, 0, 0, 0, 0, 1, 0, 0, 0, 0, 0, 1, 0, 1, 1, 0, 0, 0, 1, 0, 0, 1, 0, 0, 0, 0, 0, 0, 1, 1, 0, 0, 1, 0, 0, 0, 0, 0, 0, 1, 0, 0, 0, 0, 1, 0, 0, 0, 0, 1, 0, 1, 1, 0 )
Hint([6,7]+[1,1]+[3,2] add up to 16)
Hint([5,0]+[6,8]+[2,5] add up to 4)
Hint([5,4]+[6,8] add up to 1)
Hint([6,7]+[1,3] add up to 15)
Hint([5,5]+[4,1] add up to 8)
Hint([8,3]+[2,6] add up to 15)
Hint([2,6]+[4,0]+[3,2] add up to 23)
Hint([1,8]+[4,1]+[0,8] add up to 9)
Hint([8,1]+[8,5] add up to 7)
Hint([8,5]+[5,3]+[1,1] add up to 8)
