Level( F, E, 0, 5, 3, 6, 7, 1, 4, 8, 2, A, C, 9, B, D, 3, C, B, 2, 4, E, F, 8, 9, 0, D, 5, 1, 6, 7, A, 4, A, D, 1, 5, 9, C, 2, 6, 7, 3, B, E, 0, F, 8, 7, 9, 8, 6, A, D, B, 0, E, 1, C, F, 5, 2, 4, 3, C, D, 6, B, 7, 8, 0, F, 2, 9, 1, 4, 3, 5, A, E, 9, 3, E, A, 6, 1, D, 5, B, F, 8, C, 0, 7, 2, 4, 1, 8, 4, 0, 9, A, 2, 3, 7, D, 5, E, 6, B, C, F, 2, 5, F, 7, E, B, 4, C, 0, 3, A, 6, 8, D, 9, 1, 6, B, C, 3, F, 7, 5, D, A, E, 0, 1, 2, 4, 8, 9, A, 7, 2, 9, 8, 0, 1, B, F, 5, 4, 3, D, C, E, 6, E, 4, 1, D, 2, 3, 6, A, 8, C, B, 9, 7, F, 0, 5, 8, 0, 5, F, C, 4, E, 9, D, 6, 7, 2, A, 3, 1, B, D, F, 7, E, 1, 5, A, 6, C, B, 9, 0, 4, 8, 3, 2, B, 1, A, 8, D, C, 3, 4, 5, 2, F, 7, 9, E, 6, 0, 5, 2, 3, C, 0, F, 9, E, 1, 4, 6, 8, B, A, D, 7, 0, 6, 9, 4, B, 2, 8, 7, 3, A, E, D, F, 1, 5, C )
Visible( 1, 0, 0, 0, 1, 1, 1, 1, 1, 1, 0, 1, 0, 1, 1, 0, 0, 0, 0, 1, 0, 1, 0, 1, 0, 1, 0, 1, 1, 0, 1, 0, 1, 1, 0, 1, 0, 1, 0, 1, 0, 0, 1, 0, 0, 1, 1, 1, 0, 0, 1, 0, 1, 0, 1, 1, 1, 0, 0, 0, 1, 0, 0, 1, 0, 1, 0, 1, 0, 1, 0, 0, 0, 1, 0, 1, 0, 1, 0, 1, 0, 0, 1, 0, 1, 0, 1, 0, 0, 0, 1, 1, 0, 1, 1, 1, 0, 0, 0, 0, 1, 1, 1, 1, 0, 1, 0, 0, 0, 0, 0, 1, 0, 1, 1, 1, 0, 0, 1, 0, 1, 0, 0, 0, 0, 1, 1, 1, 1, 1, 0, 0, 0, 1, 1, 0, 0, 1, 0, 0, 0, 0, 0, 0, 0, 0, 0, 1, 0, 1, 1, 0, 0, 0, 0, 0, 0, 1, 0, 0, 1, 0, 1, 0, 1, 1, 0, 1, 1, 0, 0, 0, 0, 0, 1, 1, 0, 0, 1, 1, 0, 0, 0, 1, 1, 1, 0, 1, 0, 0, 1, 1, 0, 1, 1, 1, 1, 1, 0, 0, 0, 0, 1, 0, 0, 0, 1, 0, 0, 1, 1, 1, 0, 0, 1, 1, 1, 0, 1, 1, 0, 0, 0, 0, 0, 1, 0, 1, 0, 0, 0, 1, 0, 1, 0, 1, 0, 0, 1, 1, 0, 1, 0, 0, 1, 0, 0, 1, 1, 1, 0, 1, 1, 0, 0, 0 )
Hint([15,4]+[15,5]+[7,0] add up to 19)
Hint([13,11]+[14,8]+[3,13] add up to 19)
Hint([8,3]+[10,13] add up to 29)
Hint([13,1]+[14,1] add up to 13)
Hint([10,1]+[6,5] add up to 26)
Hint([14,9]+[5,10] add up to 17)
Hint([3,0]+[5,4]+[7,12] add up to 19)
Hint([0,15]+[8,7]+[1,0] add up to 14)
Hint([11,9]+[1,1]+[12,10] add up to 22)
Hint([9,5]+[2,13]+[11,9] add up to 28)
