Level( 3, 2, 6, 7, 5, 8, 9, 1, 4, 4, 7, 8, 9, 3, 1, 2, 5, 6, 1, 9, 5, 4, 6, 2, 3, 8, 7, 7, 5, 3, 8, 9, 4, 1, 6, 2, 6, 4, 1, 2, 7, 5, 8, 3, 9, 9, 8, 2, 6, 1, 3, 7, 4, 5, 5, 1, 7, 3, 2, 6, 4, 9, 8, 8, 6, 9, 1, 4, 7, 5, 2, 3, 2, 3, 4, 5, 8, 9, 6, 7, 1 )
Visible( 0, 1, 0, 1, 1, 0, 0, 0, 1, 0, 0, 0, 0, 0, 0, 1, 0, 0, 0, 0, 1, 0, 1, 0, 0, 1, 0, 1, 0, 1, 0, 0, 0, 0, 1, 0, 0, 0, 0, 0, 1, 1, 0, 0, 0, 0, 0, 1, 0, 1, 0, 0, 0, 1, 0, 0, 0, 1, 0, 0, 0, 1, 0, 1, 0, 1, 1, 0, 0, 0, 0, 0, 0, 0, 0, 0, 0, 1, 0, 1, 0 )
Hint([7,6]+[0,4]+[4,5] add up to 13)
Hint([7,8]+[8,4]+[1,2] add up to 22)
Hint([5,0]+[5,8] add up to 15)
Hint([7,0]+[8,0] add up to 3)
Hint([5,1]+[4,1] add up to 2)
Hint([0,3]+[2,0] add up to 11)
Hint([3,7]+[5,5] add up to 2)
Hint([4,2]+[0,2]+[2,6] add up to 11)
Hint([0,6]+[7,5] add up to 7)
Hint([7,6]+[0,2] add up to 8)
