Level( 6, 9, B, F, 8, C, 5, E, D, A, 7, 1, 0, 4, 2, 3, 7, 8, 1, 3, B, A, D, 4, 0, 9, 2, C, 5, F, 6, E, 2, 5, 0, E, 9, F, 7, 1, 4, 6, 3, 8, B, C, D, A, C, A, D, 4, 2, 3, 0, 6, 5, E, F, B, 7, 9, 8, 1, D, 4, 8, 5, 0, 9, 2, B, 6, C, 1, A, F, E, 3, 7, 9, B, F, 2, 6, E, 4, 3, 7, 5, 8, D, C, 1, A, 0, 3, C, 7, 6, D, 1, A, F, B, 0, E, 4, 9, 8, 5, 2, A, 1, E, 0, 7, 8, C, 5, 2, 3, 9, F, 4, 6, B, D, 8, 3, 6, B, C, 4, E, 9, A, 7, 5, 0, D, 2, 1, F, E, 2, 4, C, F, D, 6, A, 1, 8, B, 9, 3, 7, 0, 5, F, 0, 5, 9, 1, B, 3, 7, E, 4, D, 2, 6, A, C, 8, 1, D, A, 7, 5, 2, 8, 0, 3, F, C, 6, E, B, 9, 4, 0, 6, 3, D, A, 7, B, 8, C, 2, 4, E, 1, 5, F, 9, B, E, C, 1, 3, 5, F, 2, 9, D, A, 7, 8, 0, 4, 6, 5, 7, 2, 8, 4, 0, 9, C, F, 1, 6, 3, A, D, E, B, 4, F, 9, A, E, 6, 1, D, 8, B, 0, 5, 2, 3, 7, C )
Visible( 0, 0, 1, 0, 1, 0, 1, 1, 0, 0, 1, 1, 0, 1, 0, 1, 0, 0, 0, 0, 1, 1, 0, 1, 1, 0, 1, 1, 0, 0, 0, 0, 1, 0, 0, 1, 1, 1, 0, 0, 0, 0, 1, 1, 0, 0, 0, 1, 1, 0, 0, 0, 0, 1, 0, 0, 0, 0, 1, 0, 1, 1, 1, 1, 1, 1, 0, 0, 1, 0, 1, 0, 0, 1, 1, 1, 1, 1, 0, 0, 0, 1, 0, 0, 0, 1, 1, 1, 0, 1, 1, 0, 0, 0, 0, 0, 1, 0, 1, 0, 1, 0, 0, 1, 0, 1, 0, 0, 1, 1, 0, 0, 1, 0, 1, 0, 1, 1, 1, 1, 1, 0, 0, 0, 0, 1, 0, 0, 1, 1, 0, 0, 0, 0, 0, 1, 1, 0, 1, 0, 0, 1, 0, 1, 0, 0, 0, 0, 1, 0, 0, 0, 0, 0, 1, 0, 1, 0, 0, 0, 1, 1, 0, 0, 0, 1, 0, 1, 0, 1, 0, 0, 1, 1, 1, 0, 0, 1, 0, 1, 0, 0, 0, 0, 0, 1, 0, 1, 1, 1, 0, 0, 0, 0, 1, 0, 0, 1, 1, 1, 0, 0, 1, 0, 0, 0, 0, 0, 1, 0, 1, 0, 1, 1, 1, 0, 0, 0, 0, 0, 1, 0, 1, 1, 0, 1, 1, 0, 1, 0, 1, 0, 0, 1, 0, 0, 1, 1, 1, 1, 0, 1, 0, 0, 0, 0, 1, 1, 0, 1, 1, 0, 1, 1, 0, 0 )
Hint([14,14]+[2,10]+[8,9] add up to 20)
Hint([10,1]+[11,14]+[4,9] add up to 20)
Hint([10,6]+[11,4] add up to 24)
Hint([10,4]+[15,1] add up to 15)
Hint([10,3]+[7,5] add up to 18)
Hint([1,7]+[4,7] add up to 8)
Hint([4,7]+[7,7]+[8,12] add up to 24)
Hint([1,15]+[7,2]+[0,9] add up to 30)
Hint([14,3]+[15,8] add up to 23)
Hint([15,10]+[9,13]+[5,9] add up to 34)
