Level( 8, 1, 4, 9, 2, 3, 5, 6, 7, 5, 2, 9, 4, 7, 6, 3, 8, 1, 7, 3, 6, 1, 5, 8, 9, 2, 4, 3, 9, 8, 5, 6, 1, 4, 7, 2, 6, 4, 1, 2, 3, 7, 8, 5, 9, 2, 5, 7, 8, 9, 4, 6, 1, 3, 4, 6, 5, 7, 1, 9, 2, 3, 8, 9, 7, 3, 6, 8, 2, 1, 4, 5, 1, 8, 2, 3, 4, 5, 7, 9, 6 )
Visible( 0, 1, 0, 0, 0, 0, 0, 0, 1, 1, 0, 0, 1, 0, 1, 0, 0, 1, 0, 0, 0, 0, 0, 0, 0, 0, 0, 0, 1, 0, 0, 1, 0, 0, 1, 1, 1, 0, 0, 0, 1, 0, 0, 0, 1, 1, 1, 0, 0, 0, 0, 0, 1, 0, 1, 0, 0, 0, 0, 1, 0, 1, 1, 0, 1, 0, 0, 0, 1, 0, 0, 0, 0, 1, 0, 1, 0, 1, 0, 0, 0 )
Hint([8,4]+[0,8]+[5,3] add up to 8)
Hint([7,8]+[8,1]+[0,0] add up to 15)
Hint([5,3]+[6,4] add up to 7)
Hint([7,1]+[8,6] add up to 14)
Hint([5,3]+[4,5] add up to 8)
Hint([0,7]+[3,1] add up to 11)
Hint([1,7]+[5,1]+[3,2] add up to 11)
Hint([0,7]+[4,6]+[1,6] add up to 13)
Hint([7,2]+[8,6] add up to 8)
Hint([7,3]+[4,8]+[3,4] add up to 10)
