Level( 2, 9, 6, 7, 5, 1, 8, 4, 3, 3, 4, 1, 2, 9, 8, 5, 7, 6, 7, 8, 5, 4, 3, 6, 9, 2, 1, 5, 1, 3, 9, 8, 7, 2, 6, 4, 6, 2, 4, 3, 1, 5, 7, 8, 9, 8, 7, 9, 6, 4, 2, 3, 1, 5, 4, 3, 2, 1, 7, 9, 6, 5, 8, 1, 5, 7, 8, 6, 3, 4, 9, 2, 9, 6, 8, 5, 2, 4, 1, 3, 7 )
Visible( 0, 0, 0, 0, 0, 0, 1, 1, 0, 1, 0, 1, 0, 0, 0, 0, 0, 0, 1, 1, 0, 1, 0, 1, 1, 0, 0, 1, 0, 0, 0, 0, 1, 1, 0, 0, 0, 0, 1, 0, 0, 1, 0, 1, 0, 1, 1, 1, 0, 0, 0, 0, 0, 0, 0, 0, 0, 1, 0, 0, 1, 0, 0, 0, 0, 0, 0, 0, 1, 0, 1, 0, 1, 1, 0, 0, 1, 0, 1, 0, 1 )
Hint([8,4]+[0,4]+[4,5] add up to 16)
Hint([7,4]+[7,6]+[2,1] add up to 11)
Hint([5,2]+[5,0] add up to 5)
Hint([6,8]+[1,8] add up to 5)
Hint([7,7]+[5,5] add up to 9)
Hint([0,1]+[1,7] add up to 6)
Hint([1,2]+[3,1]+[4,7] add up to 13)
Hint([8,4]+[3,2]+[0,3] add up to 15)
Hint([8,8]+[1,8]+[8,5] add up to 15)
Hint([4,7]+[2,4]+[5,3] add up to 14)
