Level( 6, 8, 9, 7, 5, 1, 2, 4, 3, 7, 3, 5, 4, 9, 2, 1, 6, 8, 2, 1, 4, 6, 8, 3, 9, 5, 7, 4, 9, 3, 5, 7, 8, 6, 2, 1, 8, 7, 2, 9, 1, 6, 4, 3, 5, 5, 6, 1, 3, 2, 4, 7, 8, 9, 9, 4, 7, 8, 6, 5, 3, 1, 2, 3, 2, 8, 1, 4, 7, 5, 9, 6, 1, 5, 6, 2, 3, 9, 8, 7, 4 )
Visible( 0, 1, 0, 0, 0, 0, 1, 0, 0, 0, 0, 0, 1, 1, 0, 1, 0, 0, 0, 0, 0, 0, 1, 0, 1, 0, 1, 1, 0, 0, 1, 0, 0, 0, 0, 1, 0, 0, 1, 0, 0, 1, 0, 0, 0, 1, 0, 1, 0, 0, 0, 1, 0, 1, 0, 0, 1, 0, 0, 0, 0, 0, 0, 1, 0, 0, 0, 1, 1, 0, 0, 0, 1, 0, 0, 0, 1, 0, 1, 0, 0 )
Hint([8,3]+[0,6]+[5,4] add up to 13)
Hint([6,7]+[8,3]+[1,4] add up to 10)
Hint([5,3]+[6,6] add up to 9)
Hint([7,2]+[8,0] add up to 6)
Hint([5,0]+[3,4] add up to 8)
Hint([8,8]+[4,4] add up to 3)
Hint([1,6]+[4,2]+[4,2] add up to 17)
Hint([0,5]+[3,6]+[1,6] add up to 14)
Hint([7,1]+[8,5] add up to 13)
Hint([0,3]+[4,7]+[2,5] add up to 6)
