Level( 3, 5, 1, 2, 4, 6, 9, 7, 8, 8, 9, 2, 5, 1, 7, 6, 4, 3, 6, 7, 4, 8, 9, 3, 5, 2, 1, 5, 2, 9, 3, 7, 4, 1, 8, 6, 7, 4, 6, 1, 8, 5, 2, 3, 9, 1, 3, 8, 6, 2, 9, 4, 5, 7, 2, 8, 5, 7, 6, 1, 3, 9, 4, 4, 6, 7, 9, 3, 2, 8, 1, 5, 9, 1, 3, 4, 5, 8, 7, 6, 2 )
Visible( 1, 0, 0, 0, 0, 0, 0, 0, 0, 1, 0, 0, 0, 0, 1, 0, 0, 0, 0, 0, 0, 0, 0, 0, 1, 1, 1, 0, 1, 0, 1, 0, 0, 0, 0, 0, 0, 0, 1, 0, 0, 0, 0, 1, 0, 0, 0, 0, 0, 0, 0, 1, 0, 1, 0, 0, 0, 0, 1, 1, 0, 0, 0, 1, 0, 0, 1, 0, 1, 1, 0, 0, 1, 1, 0, 0, 1, 0, 1, 0, 0 )
Hint([6,3]+[0,4]+[4,5] add up to 7)
Hint([6,3]+[7,2]+[1,7] add up to 6)
Hint([4,6]+[7,2] add up to 6)
Hint([6,7]+[1,6] add up to 14)
Hint([5,2]+[4,6] add up to 7)
Hint([0,3]+[2,7] add up to 10)
Hint([1,4]+[4,3]+[4,8] add up to 13)
Hint([8,2]+[2,0]+[8,5] add up to 6)
Hint([7,4]+[0,3] add up to 6)
Hint([7,4]+[4,8]+[3,8] add up to 9)
