Level( 2, 1, 3, 4, 5, 9, 7, 8, 6, 9, 8, 4, 6, 1, 7, 2, 5, 3, 5, 7, 6, 2, 8, 3, 4, 9, 1, 3, 5, 7, 1, 2, 8, 9, 6, 4, 8, 2, 9, 3, 4, 6, 5, 1, 7, 4, 6, 1, 7, 9, 5, 8, 3, 2, 6, 3, 8, 5, 7, 2, 1, 4, 9, 7, 4, 5, 9, 3, 1, 6, 2, 8, 1, 9, 2, 8, 6, 4, 3, 7, 5 )
Visible( 0, 1, 1, 1, 0, 0, 0, 0, 0, 1, 0, 0, 0, 0, 1, 1, 0, 1, 1, 0, 0, 0, 0, 0, 0, 1, 0, 0, 0, 0, 1, 0, 0, 1, 0, 0, 1, 1, 0, 1, 0, 0, 0, 1, 0, 0, 1, 0, 0, 1, 0, 1, 0, 0, 0, 0, 0, 0, 0, 1, 0, 0, 0, 0, 1, 0, 0, 0, 0, 0, 0, 1, 0, 0, 0, 0, 0, 1, 1, 0, 1 )
Hint([8,6]+[0,6]+[5,2] add up to 15)
Hint([7,2]+[7,7]+[2,7] add up to 13)
Hint([6,0]+[5,6] add up to 7)
Hint([7,8]+[1,1] add up to 13)
Hint([6,3]+[4,1] add up to 8)
Hint([1,4]+[2,7] add up to 5)
Hint([2,4]+[4,1]+[3,2] add up to 9)
Hint([8,5]+[3,4]+[1,5] add up to 8)
Hint([6,8]+[1,4] add up to 3)
Hint([7,7]+[5,2]+[1,7] add up to 6)
