Level( 4, 8, 3, 6, 2, 1, 7, 9, 5, 9, 5, 6, 8, 7, 4, 3, 1, 2, 2, 1, 7, 3, 5, 9, 4, 6, 8, 3, 9, 2, 4, 6, 7, 8, 5, 1, 7, 4, 1, 5, 8, 2, 9, 3, 6, 5, 6, 8, 9, 1, 3, 2, 7, 4, 1, 3, 9, 2, 4, 6, 5, 8, 7, 8, 7, 4, 1, 9, 5, 6, 2, 3, 6, 2, 5, 7, 3, 8, 1, 4, 9 )
Visible( 0, 1, 0, 0, 1, 1, 1, 0, 1, 0, 0, 0, 0, 0, 0, 1, 0, 1, 0, 1, 0, 0, 0, 0, 0, 0, 0, 0, 0, 0, 0, 0, 1, 0, 0, 0, 0, 0, 1, 1, 0, 0, 0, 0, 1, 1, 0, 0, 1, 0, 1, 1, 0, 1, 0, 0, 0, 1, 1, 0, 1, 0, 0, 0, 0, 1, 0, 0, 1, 0, 0, 1, 0, 1, 0, 0, 0, 1, 0, 1, 0 )
Hint([7,7]+[1,7]+[5,3] add up to 13)
Hint([5,4]+[7,3]+[1,3] add up to 13)
Hint([4,5]+[6,1] add up to 2)
Hint([5,3]+[0,0] add up to 9)
Hint([5,2]+[4,1] add up to 14)
Hint([0,6]+[3,3] add up to 3)
Hint([2,1]+[3,3]+[4,3] add up to 13)
Hint([1,7]+[4,3]+[0,8] add up to 16)
Hint([8,2]+[0,7] add up to 14)
Hint([0,0]+[3,6]+[2,8] add up to 8)
