Level( 6, 7, 8, 1, 5, 2, 9, 3, 4, 2, 3, 9, 6, 4, 7, 1, 5, 8, 1, 4, 5, 8, 3, 9, 7, 6, 2, 7, 9, 3, 2, 1, 4, 6, 8, 5, 8, 2, 1, 3, 6, 5, 4, 9, 7, 5, 6, 4, 7, 9, 8, 3, 2, 1, 9, 1, 2, 4, 8, 3, 5, 7, 6, 3, 8, 6, 5, 7, 1, 2, 4, 9, 4, 5, 7, 9, 2, 6, 8, 1, 3 )
Visible( 1, 1, 0, 1, 0, 0, 0, 0, 1, 0, 1, 0, 0, 0, 0, 0, 0, 1, 0, 0, 1, 1, 0, 0, 0, 0, 1, 0, 1, 0, 0, 0, 1, 1, 0, 0, 0, 0, 0, 0, 1, 0, 0, 0, 1, 1, 0, 1, 0, 0, 1, 1, 0, 0, 0, 0, 1, 0, 0, 0, 0, 0, 0, 0, 0, 0, 1, 0, 0, 0, 0, 0, 1, 1, 0, 1, 0, 1, 0, 0, 0 )
Hint([7,6]+[0,2]+[3,2] add up to 13)
Hint([6,3]+[7,5]+[1,5] add up to 11)
Hint([6,6]+[6,2] add up to 10)
Hint([6,3]+[0,5] add up to 9)
Hint([6,0]+[3,3] add up to 9)
Hint([0,8]+[4,8] add up to 4)
Hint([1,8]+[5,0]+[3,2] add up to 12)
Hint([8,5]+[3,2]+[0,0] add up to 12)
Hint([6,7]+[1,6]+[8,8] add up to 3)
Hint([4,2]+[1,4] add up to 3)
