Level( 8, 7, 6, 9, 1, 2, 5, 3, 4, 1, 2, 9, 4, 3, 5, 6, 8, 7, 4, 3, 5, 6, 8, 7, 9, 2, 1, 5, 9, 3, 7, 6, 1, 2, 4, 8, 6, 8, 1, 3, 2, 4, 7, 5, 9, 7, 4, 2, 8, 5, 9, 3, 1, 6, 3, 1, 8, 2, 9, 6, 4, 7, 5, 2, 6, 4, 5, 7, 8, 1, 9, 3, 9, 5, 7, 1, 4, 3, 8, 6, 2 )
Visible( 0, 1, 1, 1, 0, 0, 0, 0, 1, 1, 0, 0, 0, 1, 1, 1, 0, 0, 0, 0, 0, 1, 1, 0, 0, 0, 0, 1, 1, 0, 0, 0, 0, 1, 0, 0, 0, 0, 1, 0, 0, 0, 0, 0, 0, 0, 0, 1, 0, 0, 1, 0, 1, 1, 1, 1, 0, 0, 0, 0, 0, 1, 0, 0, 0, 0, 0, 1, 0, 0, 1, 0, 1, 1, 0, 0, 0, 0, 0, 0, 1 )
Hint([6,4]+[0,8]+[5,6] add up to 19)
Hint([5,1]+[6,0]+[0,5] add up to 14)
Hint([4,7]+[7,4] add up to 10)
Hint([5,3]+[0,1] add up to 0)
Hint([5,1]+[3,3] add up to 10)
Hint([8,7]+[3,0] add up to 10)
Hint([2,6]+[4,5] add up to 11)
Hint([5,1]+[8,4]+[3,1] add up to 15)
Hint([8,6]+[7,4] add up to 8)
Hint([8,1]+[7,1] add up to 13)
