Level( 6, 9, 4, 7, 1, 8, 2, 5, 3, 3, 2, 7, 5, 9, 6, 8, 1, 4, 1, 5, 8, 2, 4, 3, 6, 7, 9, 2, 4, 6, 9, 8, 7, 5, 3, 1, 9, 3, 5, 4, 6, 1, 7, 2, 8, 7, 8, 1, 3, 5, 2, 9, 4, 6, 5, 1, 9, 6, 2, 4, 3, 8, 7, 8, 7, 2, 1, 3, 9, 4, 6, 5, 4, 6, 3, 8, 7, 5, 1, 9, 2 )
Visible( 0, 0, 0, 1, 1, 0, 0, 0, 0, 1, 1, 1, 0, 0, 1, 0, 0, 1, 0, 1, 1, 0, 0, 0, 1, 0, 0, 0, 0, 1, 0, 1, 0, 1, 1, 0, 0, 0, 0, 1, 0, 1, 1, 0, 0, 0, 1, 0, 0, 0, 1, 0, 0, 0, 1, 0, 0, 0, 0, 1, 0, 1, 1, 0, 0, 1, 0, 0, 0, 1, 0, 0, 1, 0, 0, 0, 0, 1, 0, 0, 0 )
Hint([8,4]+[0,3]+[4,2] add up to 11)
Hint([7,0]+[6,5]+[1,3] add up to 15)
Hint([6,5]+[6,2] add up to 13)
Hint([7,4]+[0,7] add up to 8)
Hint([7,5]+[4,7] add up to 5)
Hint([8,5]+[3,2] add up to 6)
Hint([2,4]+[4,2]+[4,3] add up to 14)
Hint([1,6]+[3,2]+[0,3] add up to 2)
Hint([7,6]+[0,2]+[7,4] add up to 8)
Hint([3,0]+[0,6]+[6,7] add up to 13)
