Level( 1, 5, 7, 6, 3, 9, 8, 2, 4, 3, 4, 6, 8, 2, 5, 9, 1, 7, 8, 2, 9, 1, 4, 7, 3, 5, 6, 2, 1, 5, 3, 7, 4, 6, 8, 9, 9, 6, 3, 5, 1, 8, 4, 7, 2, 4, 7, 8, 2, 9, 6, 1, 3, 5, 5, 8, 4, 7, 6, 1, 2, 9, 3, 7, 9, 2, 4, 8, 3, 5, 6, 1, 6, 3, 1, 9, 5, 2, 7, 4, 8 )
Visible( 1, 0, 0, 0, 0, 0, 0, 1, 0, 1, 1, 0, 0, 0, 1, 0, 0, 0, 0, 0, 1, 0, 0, 0, 1, 1, 0, 0, 0, 0, 0, 1, 0, 0, 0, 1, 1, 0, 0, 1, 1, 0, 0, 1, 1, 0, 0, 1, 0, 1, 1, 0, 1, 0, 0, 0, 0, 0, 0, 1, 0, 0, 1, 1, 0, 0, 1, 0, 0, 1, 1, 0, 0, 0, 0, 0, 1, 0, 0, 0, 1 )
Hint([7,5]+[0,5]+[4,5] add up to 13)
Hint([5,1]+[6,3]+[1,6] add up to 16)
Hint([5,4]+[6,6] add up to 8)
Hint([5,2]+[8,6] add up to 8)
Hint([7,4]+[4,0] add up to 8)
Hint([0,3]+[2,1] add up to 6)
Hint([2,1]+[3,0]+[3,2] add up to 10)
Hint([1,4]+[3,7]+[1,4] add up to 13)
Hint([6,1]+[8,0] add up to 11)
Hint([7,6]+[5,1]+[1,4] add up to 17)
