Level( 9, 4, 8, 1, 6, 3, 7, 2, 5, 2, 6, 7, 9, 5, 8, 1, 3, 4, 1, 3, 5, 7, 4, 2, 6, 9, 8, 3, 9, 2, 5, 8, 1, 4, 6, 7, 7, 8, 1, 6, 3, 4, 9, 5, 2, 6, 5, 4, 2, 9, 7, 3, 8, 1, 8, 2, 3, 4, 1, 9, 5, 7, 6, 5, 1, 9, 8, 7, 6, 2, 4, 3, 4, 7, 6, 3, 2, 5, 8, 1, 9 )
Visible( 0, 0, 0, 0, 0, 0, 1, 0, 0, 0, 0, 1, 0, 0, 0, 1, 0, 1, 0, 1, 1, 0, 0, 0, 0, 0, 0, 0, 0, 0, 1, 0, 0, 1, 0, 1, 0, 0, 1, 0, 0, 0, 1, 0, 1, 0, 1, 0, 0, 0, 1, 0, 0, 1, 1, 0, 0, 1, 1, 1, 0, 0, 0, 0, 0, 0, 0, 1, 0, 0, 0, 1, 1, 0, 0, 1, 0, 1, 1, 0, 0 )
Hint([8,2]+[8,3]+[4,6] add up to 13)
Hint([6,3]+[7,3]+[1,2] add up to 10)
Hint([5,4]+[6,5] add up to 5)
Hint([5,1]+[8,2] add up to 14)
Hint([6,8]+[5,6] add up to 15)
Hint([8,3]+[2,6] add up to 8)
Hint([1,4]+[4,1]+[3,2] add up to 17)
Hint([1,0]+[2,3]+[0,2] add up to 4)
Hint([7,0]+[8,2]+[7,3] add up to 13)
Hint([3,4]+[2,1]+[4,7] add up to 17)
