Level( 8, 7, 4, 5, 1, 2, 9, 6, 3, 1, 3, 9, 7, 6, 8, 5, 4, 2, 2, 5, 6, 9, 3, 4, 1, 7, 8, 7, 8, 1, 6, 2, 9, 3, 5, 4, 4, 6, 5, 1, 8, 3, 2, 9, 7, 3, 9, 2, 4, 5, 7, 8, 1, 6, 5, 4, 3, 2, 9, 6, 7, 8, 1, 6, 1, 8, 3, 7, 5, 4, 2, 9, 9, 2, 7, 8, 4, 1, 6, 3, 5 )
Visible( 0, 0, 0, 0, 0, 1, 0, 0, 0, 0, 0, 0, 0, 1, 0, 1, 0, 0, 0, 0, 0, 0, 0, 0, 1, 1, 0, 1, 1, 0, 0, 0, 0, 0, 0, 0, 0, 0, 1, 1, 0, 0, 1, 1, 0, 0, 0, 1, 1, 0, 0, 0, 0, 1, 0, 1, 1, 1, 0, 0, 0, 1, 0, 0, 0, 1, 0, 0, 1, 1, 0, 0, 1, 0, 0, 0, 0, 1, 0, 0, 1 )
Hint([6,5]+[0,3]+[4,4] add up to 20)
Hint([6,4]+[7,1]+[0,1] add up to 4)
Hint([4,5]+[6,8] add up to 9)
Hint([5,2]+[8,5] add up to 8)
Hint([6,0]+[3,8] add up to 15)
Hint([0,5]+[3,3] add up to 7)
Hint([1,2]+[3,7]+[5,1] add up to 13)
Hint([1,5]+[3,7] add up to 10)
Hint([8,3]+[6,1] add up to 7)
Hint([8,0]+[7,5]+[5,6] add up to 7)
