Level( 3, 4, 1, 8, 5, 6, 9, 7, 2, 2, 7, 8, 3, 9, 1, 4, 5, 6, 9, 5, 6, 7, 2, 4, 8, 1, 3, 4, 1, 7, 2, 3, 5, 6, 8, 9, 5, 2, 3, 6, 8, 9, 7, 4, 1, 8, 6, 9, 4, 1, 7, 3, 2, 5, 7, 8, 5, 9, 6, 2, 1, 3, 4, 1, 9, 4, 5, 7, 3, 2, 6, 8, 6, 3, 2, 1, 4, 8, 5, 9, 7 )
Visible( 1, 0, 0, 0, 0, 0, 1, 0, 0, 0, 0, 0, 0, 1, 0, 0, 0, 0, 0, 1, 0, 0, 0, 1, 1, 1, 1, 0, 0, 0, 0, 0, 0, 0, 0, 0, 0, 1, 1, 0, 0, 0, 1, 1, 1, 1, 1, 0, 0, 0, 0, 0, 0, 1, 1, 1, 0, 0, 0, 0, 0, 0, 0, 0, 0, 1, 0, 1, 1, 1, 0, 1, 0, 0, 1, 1, 0, 0, 1, 0, 0 )
Hint([7,1]+[8,5]+[5,3] add up to 12)
Hint([5,7]+[8,0]+[0,6] add up to 9)
Hint([4,3]+[6,0] add up to 10)
Hint([6,3]+[0,1] add up to 6)
Hint([5,1]+[3,8] add up to 0)
Hint([1,6]+[3,0] add up to 14)
Hint([0,4]+[4,2] add up to 5)
Hint([4,1]+[8,8] add up to 14)
Hint([1,5]+[0,8] add up to 10)
Hint([8,7]+[8,0]+[7,0] add up to 14)
