Level( 3, 8, 1, 5, 2, 9, 4, 7, 6, 4, 5, 2, 3, 7, 6, 1, 8, 9, 9, 6, 7, 8, 1, 4, 5, 3, 2, 1, 2, 9, 6, 5, 3, 7, 4, 8, 7, 3, 8, 4, 9, 2, 6, 5, 1, 6, 4, 5, 7, 8, 1, 2, 9, 3, 2, 7, 6, 9, 3, 5, 8, 1, 4, 8, 1, 3, 2, 4, 7, 9, 6, 5, 5, 9, 4, 1, 6, 8, 3, 2, 7 )
Visible( 0, 0, 0, 1, 1, 0, 0, 1, 0, 0, 1, 0, 0, 0, 0, 1, 1, 1, 0, 1, 1, 0, 0, 0, 1, 0, 0, 0, 1, 1, 0, 0, 1, 0, 0, 0, 0, 0, 0, 0, 0, 0, 1, 1, 0, 0, 0, 0, 1, 0, 0, 0, 0, 1, 0, 0, 0, 0, 0, 0, 0, 1, 0, 1, 1, 0, 0, 0, 0, 0, 0, 0, 0, 0, 1, 0, 1, 1, 0, 0, 1 )
Hint([7,5]+[0,5]+[4,7] add up to 16)
Hint([6,8]+[8,1]+[0,8] add up to 14)
Hint([5,2]+[6,6] add up to 10)
Hint([6,7]+[1,6] add up to 14)
Hint([6,2]+[4,5] add up to 11)
Hint([1,0]+[1,8] add up to 15)
Hint([2,0]+[3,7]+[5,5] add up to 1)
Hint([0,3]+[3,8]+[2,1] add up to 1)
Hint([7,3]+[0,2]+[7,2] add up to 13)
Hint([5,5]+[2,7]+[6,3] add up to 8)
