Level( 2, 3, 6, 7, 5, 9, 1, 4, 8, 7, 4, 5, 6, 8, 1, 9, 2, 3, 9, 8, 1, 2, 3, 4, 6, 7, 5, 4, 1, 3, 5, 2, 7, 8, 9, 6, 6, 9, 2, 4, 1, 8, 5, 3, 7, 8, 5, 7, 3, 9, 6, 4, 1, 2, 5, 6, 4, 1, 7, 3, 2, 8, 9, 3, 2, 9, 8, 4, 5, 7, 6, 1, 1, 7, 8, 9, 6, 2, 3, 5, 4 )
Visible( 1, 0, 0, 0, 0, 1, 0, 1, 1, 0, 0, 1, 0, 0, 0, 0, 0, 0, 0, 1, 1, 0, 0, 1, 0, 1, 0, 1, 0, 0, 1, 1, 0, 0, 1, 1, 0, 1, 0, 0, 0, 1, 0, 1, 1, 0, 0, 1, 0, 0, 0, 0, 0, 0, 0, 1, 0, 1, 0, 1, 0, 0, 1, 0, 1, 0, 1, 0, 0, 0, 0, 0, 0, 0, 0, 0, 0, 0, 1, 0, 0 )
Hint([8,4]+[0,2]+[4,8] add up to 19)
Hint([5,3]+[7,2]+[1,4] add up to 20)
Hint([6,0]+[5,2] add up to 3)
Hint([7,1]+[8,1] add up to 3)
Hint([5,5]+[4,6] add up to 11)
Hint([0,6]+[3,5] add up to 6)
Hint([2,6]+[4,2]+[4,7] add up to 8)
Hint([8,1]+[2,7]+[2,2] add up to 10)
Hint([7,1]+[8,8]+[8,8] add up to 7)
Hint([4,0]+[0,0] add up to 5)
