Level( 6, 3, 2, 7, 4, 5, 1, 9, 8, 9, 8, 4, 2, 3, 1, 7, 5, 6, 1, 7, 5, 6, 8, 9, 4, 3, 2, 4, 1, 8, 3, 5, 2, 6, 7, 9, 7, 2, 9, 4, 6, 8, 3, 1, 5, 5, 6, 3, 9, 1, 7, 2, 8, 4, 3, 5, 6, 8, 7, 4, 9, 2, 1, 8, 9, 7, 1, 2, 6, 5, 4, 3, 2, 4, 1, 5, 9, 3, 8, 6, 7 )
Visible( 0, 1, 0, 0, 0, 0, 0, 0, 0, 1, 0, 1, 1, 0, 1, 1, 0, 1, 1, 0, 0, 0, 1, 1, 0, 0, 0, 0, 0, 0, 0, 0, 0, 0, 0, 0, 1, 0, 0, 1, 0, 1, 0, 0, 1, 0, 0, 0, 1, 1, 0, 1, 0, 1, 1, 1, 0, 0, 0, 1, 0, 0, 1, 0, 0, 1, 0, 0, 0, 0, 0, 0, 0, 0, 0, 1, 0, 0, 1, 1, 0 )
Hint([7,7]+[1,5]+[4,0] add up to 11)
Hint([7,8]+[8,4]+[1,6] add up to 13)
Hint([4,2]+[5,3] add up to 8)
Hint([7,6]+[0,5] add up to 5)
Hint([6,1]+[4,2] add up to 13)
Hint([8,2]+[2,2] add up to 5)
Hint([3,2]+[3,7]+[5,5] add up to 11)
Hint([0,0]+[2,8]+[2,2] add up to 9)
Hint([6,4]+[0,0]+[6,8] add up to 14)
Hint([4,2]+[1,1] add up to 14)
