Level( 6, 8, 5, 4, 3, 2, 9, 1, 7, 2, 1, 4, 7, 9, 6, 3, 8, 5, 7, 9, 3, 8, 5, 1, 4, 2, 6, 1, 2, 8, 3, 6, 9, 7, 5, 4, 4, 5, 6, 1, 8, 7, 2, 9, 3, 9, 3, 7, 2, 4, 5, 8, 6, 1, 3, 4, 1, 6, 2, 8, 5, 7, 9, 8, 6, 9, 5, 7, 3, 1, 4, 2, 5, 7, 2, 9, 1, 4, 6, 3, 8 )
Visible( 0, 0, 0, 0, 1, 1, 1, 0, 0, 0, 0, 1, 0, 0, 0, 1, 1, 0, 1, 0, 0, 0, 1, 0, 0, 0, 0, 1, 1, 0, 0, 1, 0, 0, 1, 1, 0, 1, 0, 1, 0, 0, 0, 0, 0, 1, 0, 1, 0, 0, 0, 0, 1, 0, 0, 0, 0, 0, 1, 0, 0, 0, 0, 0, 1, 0, 0, 1, 1, 1, 0, 1, 0, 0, 0, 0, 0, 0, 0, 1, 0 )
Hint([8,5]+[0,7]+[5,4] add up to 13)
Hint([5,7]+[8,6]+[2,4] add up to 15)
Hint([5,0]+[5,1] add up to 6)
Hint([7,1]+[8,5] add up to 7)
Hint([6,8]+[5,4] add up to 11)
Hint([0,5]+[3,4] add up to 8)
Hint([1,4]+[4,2]+[4,7] add up to 14)
Hint([1,0]+[2,5]+[1,8] add up to 19)
Hint([8,0]+[8,2] add up to 11)
Hint([7,5]+[5,2]+[1,8] add up to 11)
