Level( 3, 7, 1, 2, 5, 6, 8, 9, 4, 4, 9, 2, 8, 3, 1, 5, 6, 7, 5, 6, 8, 4, 7, 9, 1, 2, 3, 8, 2, 9, 7, 6, 5, 4, 3, 1, 1, 5, 4, 9, 2, 3, 7, 8, 6, 6, 3, 7, 1, 8, 4, 2, 5, 9, 2, 4, 6, 5, 9, 7, 3, 1, 8, 7, 8, 3, 6, 1, 2, 9, 4, 5, 9, 1, 5, 3, 4, 8, 6, 7, 2 )
Visible( 0, 0, 1, 0, 0, 0, 0, 1, 0, 0, 0, 0, 0, 0, 0, 0, 0, 1, 0, 1, 1, 1, 0, 1, 0, 0, 0, 0, 1, 0, 0, 0, 1, 0, 1, 1, 0, 0, 1, 1, 0, 0, 0, 1, 0, 1, 0, 0, 0, 0, 0, 0, 0, 0, 0, 0, 0, 1, 0, 0, 0, 1, 0, 1, 1, 1, 1, 1, 0, 0, 0, 0, 0, 0, 0, 0, 1, 0, 0, 0, 0 )
Hint([7,1]+[8,7]+[5,0] add up to 14)
Hint([5,2]+[7,1]+[0,8] add up to 21)
Hint([5,1]+[5,4] add up to 2)
Hint([5,6]+[1,7] add up to 13)
Hint([5,4]+[4,2] add up to 8)
Hint([0,4]+[2,8] add up to 4)
Hint([1,0]+[3,2]+[4,3] add up to 14)
Hint([0,5]+[3,4]+[1,7] add up to 20)
Hint([6,3]+[0,3] add up to 10)
Hint([8,8]+[5,1]+[1,0] add up to 7)
