Level( 2, 0, 6, A, 8, 5, 9, B, F, C, E, 1, D, 3, 4, 7, D, 3, 4, C, E, 7, 6, 1, 2, A, 0, 5, B, 9, 8, F, 1, B, 5, 8, 3, 2, 4, F, 7, 6, D, 9, 0, A, E, C, F, 9, E, 7, D, C, 0, A, B, 8, 3, 4, 2, 5, 1, 6, A, F, 8, 6, B, D, 3, 4, C, 0, 9, 7, E, 1, 2, 5, E, 4, 0, 2, C, A, 5, 7, 6, 3, 1, 8, F, D, B, 9, C, 5, 9, 1, 0, E, 2, 8, A, D, B, F, 3, 6, 7, 4, B, D, 7, 3, 6, F, 1, 9, 4, 2, 5, E, A, C, 0, 8, 5, 8, D, E, F, 9, C, 2, 3, 1, 4, 6, 7, B, A, 0, 9, A, F, 4, 5, 1, B, E, 0, 7, 2, D, C, 8, 6, 3, 7, 1, 2, 0, 4, 6, A, 3, 9, B, 8, C, 5, E, F, D, 6, C, 3, B, 7, 8, D, 0, 5, E, F, A, 1, 4, 9, 2, 0, 7, C, 9, A, B, E, D, 8, F, 6, 3, 4, 2, 5, 1, 8, E, B, D, 9, 0, F, 5, 1, 4, C, 2, 6, 7, 3, A, 3, 2, A, F, 1, 4, 8, 6, D, 5, 7, B, 9, 0, C, E, 4, 6, 1, 5, 2, 3, 7, C, E, 9, A, 0, 8, F, D, B )
Visible( 0, 0, 1, 1, 0, 1, 0, 1, 0, 0, 1, 0, 1, 0, 1, 0, 0, 0, 0, 0, 0, 0, 1, 0, 0, 0, 1, 1, 1, 0, 0, 0, 1, 0, 1, 0, 0, 1, 1, 0, 0, 0, 0, 0, 0, 1, 0, 1, 0, 1, 0, 1, 1, 1, 0, 1, 1, 0, 1, 0, 0, 0, 1, 0, 1, 1, 0, 1, 0, 0, 1, 1, 0, 0, 0, 0, 1, 1, 1, 0, 0, 1, 0, 0, 0, 1, 0, 1, 1, 1, 1, 1, 0, 0, 0, 0, 0, 0, 1, 0, 0, 0, 0, 0, 1, 1, 1, 1, 0, 0, 1, 0, 0, 1, 0, 0, 1, 0, 0, 1, 0, 1, 1, 0, 0, 1, 0, 1, 1, 1, 1, 1, 0, 0, 0, 0, 0, 0, 0, 1, 0, 0, 1, 0, 1, 1, 1, 0, 0, 1, 1, 1, 0, 0, 0, 1, 0, 1, 1, 1, 0, 1, 0, 1, 0, 0, 0, 1, 1, 0, 0, 0, 0, 0, 0, 1, 1, 0, 0, 1, 1, 0, 1, 0, 0, 0, 0, 0, 0, 0, 0, 1, 0, 0, 1, 1, 0, 0, 1, 1, 0, 0, 0, 0, 0, 1, 0, 1, 1, 0, 1, 1, 1, 0, 0, 0, 0, 1, 0, 1, 0, 1, 0, 0, 1, 1, 0, 0, 1, 0, 0, 0, 0, 0, 1, 0, 0, 1, 1, 0, 0, 0, 1, 1, 0, 0, 0, 1, 0, 1, 1, 1, 0, 1, 0, 0 )
Hint([14,5]+[15,5]+[7,2] add up to 35)
Hint([11,12]+[14,15]+[4,2] add up to 19)
Hint([10,11]+[12,8] add up to 22)
Hint([13,2]+[15,5] add up to 19)
Hint([13,9]+[8,4] add up to 20)
Hint([14,4]+[4,10] add up to 6)
Hint([4,12]+[8,0]+[6,11] add up to 38)
Hint([0,1]+[4,11]+[2,13] add up to 31)
Hint([13,0]+[14,11] add up to 12)
Hint([13,9]+[9,4]+[2,5] add up to 8)
