Level( 1, 2, 5, 3, 4, 8, 9, 7, 6, 4, 7, 6, 9, 5, 1, 2, 3, 8, 9, 8, 3, 2, 7, 6, 1, 5, 4, 7, 9, 4, 6, 3, 2, 5, 8, 1, 5, 3, 8, 7, 1, 4, 6, 2, 9, 2, 6, 1, 8, 9, 5, 3, 4, 7, 8, 1, 7, 5, 6, 3, 4, 9, 2, 3, 4, 9, 1, 2, 7, 8, 6, 5, 6, 5, 2, 4, 8, 9, 7, 1, 3 )
Visible( 0, 0, 0, 0, 0, 1, 0, 1, 1, 1, 0, 0, 0, 0, 0, 0, 0, 1, 0, 0, 0, 0, 0, 0, 1, 0, 0, 0, 1, 0, 0, 1, 1, 1, 0, 0, 0, 0, 1, 1, 0, 1, 0, 1, 0, 0, 1, 0, 1, 0, 1, 0, 1, 0, 0, 1, 0, 0, 0, 1, 0, 0, 0, 0, 0, 1, 0, 0, 1, 1, 0, 0, 1, 1, 0, 0, 0, 0, 0, 1, 1 )
Hint([8,1]+[8,0]+[3,1] add up to 20)
Hint([6,7]+[8,0]+[0,1] add up to 15)
Hint([6,4]+[6,4] add up to 10)
Hint([7,5]+[0,5] add up to 4)
Hint([7,4]+[4,4] add up to 1)
Hint([0,5]+[3,6] add up to 5)
Hint([2,0]+[3,6]+[5,5] add up to 12)
Hint([0,3]+[3,1]+[0,3] add up to 20)
Hint([7,0]+[8,2]+[7,0] add up to 15)
Hint([3,5]+[2,8]+[6,6] add up to 11)
