Level( 4, 9, 6, 5, 7, 3, 1, 8, 2, 1, 2, 3, 8, 4, 6, 7, 5, 9, 8, 5, 7, 9, 2, 1, 3, 4, 6, 3, 1, 4, 7, 8, 2, 9, 6, 5, 9, 6, 2, 4, 3, 5, 8, 1, 7, 5, 7, 8, 1, 6, 9, 2, 3, 4, 2, 4, 5, 3, 9, 8, 6, 7, 1, 7, 8, 9, 6, 1, 4, 5, 2, 3, 6, 3, 1, 2, 5, 7, 4, 9, 8 )
Visible( 0, 0, 0, 0, 1, 0, 0, 0, 0, 0, 0, 1, 0, 0, 1, 1, 1, 1, 1, 0, 0, 1, 0, 1, 0, 0, 0, 0, 0, 0, 0, 0, 0, 0, 0, 1, 0, 1, 0, 0, 1, 1, 0, 1, 0, 0, 0, 1, 1, 0, 0, 1, 0, 0, 1, 0, 1, 1, 0, 0, 0, 0, 0, 0, 0, 0, 0, 0, 1, 0, 0, 0, 0, 1, 0, 1, 0, 1, 1, 1, 0 )
Hint([7,2]+[8,8]+[5,8] add up to 16)
Hint([6,4]+[7,6]+[2,0] add up to 18)
Hint([4,6]+[7,1] add up to 12)
Hint([7,2]+[8,0] add up to 4)
Hint([5,2]+[4,5] add up to 5)
Hint([8,4]+[2,1] add up to 8)
Hint([1,8]+[5,3]+[4,8] add up to 7)
Hint([8,7]+[4,5]+[1,0] add up to 15)
Hint([6,5]+[0,7]+[8,8] add up to 14)
Hint([4,5]+[2,1] add up to 7)
