Level( 9, F, 4, 8, 7, 6, A, E, 3, 1, 5, D, 2, 0, B, C, C, B, 6, 7, F, D, 0, 9, E, 2, A, 8, 5, 4, 1, 3, D, E, 0, 2, 1, 3, 8, 5, 4, C, B, 6, 7, 9, F, A, 5, A, 3, 1, 4, B, 2, C, 9, 7, F, 0, 8, D, E, 6, 6, 7, F, 9, 5, 8, B, D, 1, E, 3, 4, C, 2, A, 0, 0, C, D, 4, 3, E, 1, A, 2, B, 7, 9, 6, F, 8, 5, E, 3, 2, 5, 6, 7, 4, F, 8, A, 0, C, B, 1, 9, D, 8, 1, A, B, 9, 0, C, 2, 5, 6, D, F, 3, 7, 4, E, 4, 9, 7, 3, E, A, F, 8, 0, D, C, B, 1, 6, 5, 2, A, D, 5, C, 0, 1, 9, 7, 6, 8, 2, E, 4, B, 3, F, 2, 6, 8, E, C, 5, 3, B, F, 4, 1, 7, 0, A, D, 9, B, 0, 1, F, 2, 4, D, 6, A, 5, 9, 3, E, 8, C, 7, 1, 8, B, A, D, 2, 6, 3, 7, 9, E, 5, F, C, 0, 4, 7, 5, 9, 6, 8, C, E, 0, B, F, 4, A, D, 3, 2, 1, 3, 2, E, D, A, F, 7, 4, C, 0, 8, 1, 9, 5, 6, B, F, 4, C, 0, B, 9, 5, 1, D, 3, 6, 2, A, E, 7, 8 )
Visible( 0, 0, 1, 1, 0, 1, 1, 0, 0, 0, 1, 0, 0, 0, 0, 1, 0, 1, 0, 0, 1, 0, 1, 0, 1, 1, 0, 1, 1, 0, 0, 0, 0, 1, 1, 1, 0, 0, 1, 0, 0, 1, 1, 0, 0, 0, 0, 0, 0, 0, 1, 0, 1, 1, 0, 0, 1, 0, 0, 1, 1, 1, 1, 0, 0, 1, 1, 1, 1, 1, 0, 1, 1, 1, 1, 1, 0, 0, 0, 0, 0, 0, 0, 1, 0, 1, 1, 0, 1, 1, 1, 0, 1, 0, 0, 0, 0, 0, 1, 1, 0, 0, 0, 1, 1, 1, 1, 0, 1, 0, 1, 0, 1, 1, 0, 1, 0, 1, 1, 1, 0, 0, 1, 0, 0, 1, 0, 0, 0, 1, 1, 0, 0, 1, 1, 1, 1, 0, 0, 1, 1, 0, 1, 0, 0, 0, 0, 0, 0, 1, 0, 0, 0, 0, 1, 0, 1, 1, 0, 0, 0, 0, 0, 0, 1, 0, 1, 1, 0, 1, 1, 1, 0, 1, 1, 0, 1, 1, 0, 0, 0, 1, 0, 0, 1, 1, 0, 1, 1, 1, 0, 0, 0, 0, 0, 1, 1, 1, 0, 1, 1, 1, 1, 1, 0, 0, 0, 0, 0, 1, 0, 0, 0, 1, 1, 0, 1, 0, 0, 0, 1, 1, 1, 1, 0, 1, 0, 1, 0, 0, 0, 0, 0, 0, 0, 0, 0, 1, 0, 1, 0, 0, 0, 0, 0, 0, 0, 1, 0, 1, 1, 0, 1, 1, 0, 1 )
Hint([12,5]+[15,2]+[6,6] add up to 20)
Hint([12,12]+[14,15]+[4,0] add up to 29)
Hint([10,12]+[12,13] add up to 27)
Hint([10,15]+[2,3] add up to 9)
Hint([9,8]+[8,9] add up to 19)
Hint([2,8]+[5,8] add up to 17)
Hint([2,6]+[7,14]+[10,9] add up to 8)
Hint([15,8]+[6,10]+[2,9] add up to 10)
Hint([13,11]+[1,2] add up to 22)
Hint([13,8]+[8,3]+[2,1] add up to 21)
