Level( 3, 4, 6, 5, 1, 7, 9, 2, 8, 1, 8, 7, 9, 2, 4, 3, 6, 5, 9, 2, 5, 6, 8, 3, 1, 4, 7, 5, 7, 4, 2, 9, 1, 6, 8, 3, 2, 3, 1, 4, 6, 8, 5, 7, 9, 8, 6, 9, 7, 3, 5, 4, 1, 2, 6, 1, 3, 8, 7, 9, 2, 5, 4, 7, 5, 2, 3, 4, 6, 8, 9, 1, 4, 9, 8, 1, 5, 2, 7, 3, 6 )
Visible( 0, 1, 1, 0, 0, 0, 1, 0, 0, 0, 1, 0, 0, 0, 1, 0, 0, 1, 0, 0, 0, 0, 0, 1, 0, 0, 1, 0, 1, 0, 0, 1, 1, 0, 0, 1, 0, 0, 0, 0, 0, 0, 0, 0, 0, 1, 0, 0, 0, 1, 1, 0, 1, 0, 1, 0, 1, 0, 1, 0, 0, 0, 1, 0, 0, 1, 0, 0, 0, 1, 1, 0, 0, 0, 0, 1, 0, 0, 0, 1, 0 )
Hint([7,7]+[1,1]+[3,2] add up to 20)
Hint([6,6]+[8,2]+[1,4] add up to 9)
Hint([4,2]+[6,4] add up to 11)
Hint([7,1]+[8,0] add up to 12)
Hint([6,0]+[3,8] add up to 8)
Hint([1,6]+[3,5] add up to 6)
Hint([2,4]+[4,0]+[3,2] add up to 5)
Hint([0,2]+[2,1]+[0,8] add up to 17)
Hint([7,4]+[0,4] add up to 7)
Hint([0,7]+[5,4]+[2,7] add up to 14)
