Level( 2, 3, 8, 6, 9, 5, 4, 1, 7, 9, 1, 6, 7, 2, 4, 5, 3, 8, 7, 5, 4, 3, 8, 1, 2, 9, 6, 8, 4, 5, 9, 1, 2, 7, 6, 3, 3, 2, 9, 8, 7, 6, 1, 4, 5, 1, 6, 7, 5, 4, 3, 9, 8, 2, 4, 7, 1, 2, 3, 8, 6, 5, 9, 6, 8, 2, 1, 5, 9, 3, 7, 4, 5, 9, 3, 4, 6, 7, 8, 2, 1 )
Visible( 0, 1, 0, 0, 0, 0, 0, 1, 0, 1, 0, 1, 0, 0, 1, 0, 0, 1, 0, 1, 0, 0, 1, 0, 0, 0, 0, 1, 0, 0, 1, 1, 0, 0, 0, 1, 0, 1, 0, 0, 0, 1, 0, 0, 0, 0, 0, 1, 0, 0, 1, 0, 1, 0, 1, 0, 0, 0, 0, 1, 0, 0, 1, 0, 0, 0, 1, 1, 0, 1, 0, 0, 0, 0, 0, 0, 0, 0, 0, 0, 0 )
Hint([6,0]+[8,8]+[5,5] add up to 5)
Hint([6,7]+[8,0]+[0,8] add up to 12)
Hint([4,2]+[5,4] add up to 12)
Hint([6,6]+[0,7] add up to 10)
Hint([5,2]+[4,0] add up to 8)
Hint([0,7]+[3,0] add up to 10)
Hint([1,7]+[5,5] add up to 9)
Hint([5,3]+[0,0]+[2,2] add up to 5)
Hint([8,5]+[7,6] add up to 5)
Hint([6,3]+[8,3] add up to 8)
