Level( 9, 6, 3, 8, 1, 2, 7, 4, 5, 4, 5, 2, 6, 7, 3, 9, 1, 8, 7, 1, 8, 9, 5, 4, 6, 3, 2, 3, 7, 6, 1, 8, 5, 4, 2, 9, 8, 9, 4, 7, 2, 6, 1, 5, 3, 5, 2, 1, 3, 4, 9, 8, 7, 6, 1, 3, 7, 5, 6, 8, 2, 9, 4, 6, 4, 9, 2, 3, 1, 5, 8, 7, 2, 8, 5, 4, 9, 7, 3, 6, 1 )
Visible( 0, 0, 0, 1, 1, 0, 1, 0, 0, 1, 1, 0, 0, 0, 1, 0, 0, 0, 0, 0, 0, 1, 0, 1, 0, 0, 1, 0, 0, 0, 0, 0, 0, 1, 1, 0, 1, 0, 0, 0, 0, 1, 0, 0, 1, 0, 0, 1, 1, 0, 0, 0, 0, 0, 1, 0, 1, 1, 0, 0, 1, 0, 0, 0, 0, 1, 1, 1, 0, 0, 0, 0, 0, 0, 0, 0, 0, 1, 0, 1, 0 )
Hint([7,1]+[8,1]+[3,4] add up to 13)
Hint([5,6]+[8,5]+[1,2] add up to 12)
Hint([5,2]+[5,2] add up to 6)
Hint([5,0]+[8,8] add up to 1)
Hint([6,8]+[5,5] add up to 10)
Hint([8,8]+[4,8] add up to 8)
Hint([2,7]+[5,1]+[3,2] add up to 18)
Hint([1,0]+[2,1]+[0,0] add up to 14)
Hint([6,5]+[0,2]+[7,5] add up to 19)
Hint([4,1]+[1,1]+[4,5] add up to 13)
