Level( 9, 8, 1, 2, 5, 3, 4, 6, 7, 7, 2, 3, 6, 4, 9, 8, 5, 1, 4, 6, 5, 7, 1, 8, 9, 2, 3, 6, 9, 4, 8, 7, 1, 2, 3, 5, 1, 5, 2, 3, 9, 4, 6, 7, 8, 3, 7, 8, 5, 2, 6, 1, 9, 4, 5, 1, 9, 4, 3, 2, 7, 8, 6, 2, 3, 6, 1, 8, 7, 5, 4, 9, 8, 4, 7, 9, 6, 5, 3, 1, 2 )
Visible( 0, 0, 1, 0, 0, 0, 0, 0, 0, 0, 0, 0, 1, 1, 0, 1, 0, 0, 1, 0, 0, 0, 0, 1, 0, 1, 1, 0, 0, 0, 1, 1, 0, 1, 0, 0, 1, 1, 0, 0, 0, 0, 0, 0, 0, 1, 0, 0, 0, 1, 0, 0, 0, 0, 0, 0, 0, 1, 0, 0, 1, 0, 1, 0, 0, 0, 1, 0, 0, 0, 0, 1, 0, 1, 0, 0, 1, 0, 1, 0, 0 )
Hint([8,3]+[8,4]+[4,1] add up to 14)
Hint([5,8]+[8,7]+[2,3] add up to 15)
Hint([5,5]+[6,0] add up to 8)
Hint([7,7]+[1,6] add up to 3)
Hint([5,5]+[4,3] add up to 11)
Hint([0,5]+[3,1] add up to 7)
Hint([1,0]+[3,7]+[5,5] add up to 12)
Hint([8,8]+[4,6]+[1,1] add up to 4)
Hint([6,5]+[0,5]+[8,1] add up to 2)
Hint([4,2]+[1,3]+[5,2] add up to 15)
