Level( 1, 9, 2, 7, 6, 4, 5, 3, 8, 7, 5, 4, 3, 2, 8, 9, 6, 1, 6, 8, 3, 9, 1, 5, 7, 4, 2, 4, 1, 7, 6, 8, 3, 2, 9, 5, 3, 2, 5, 1, 9, 7, 4, 8, 6, 8, 6, 9, 5, 4, 2, 3, 1, 7, 5, 4, 6, 8, 7, 9, 1, 2, 3, 9, 3, 8, 2, 5, 1, 6, 7, 4, 2, 7, 1, 4, 3, 6, 8, 5, 9 )
Visible( 0, 1, 0, 0, 0, 1, 0, 1, 0, 0, 0, 0, 0, 1, 0, 0, 0, 0, 0, 1, 0, 0, 1, 0, 1, 1, 0, 0, 0, 1, 0, 1, 0, 0, 1, 1, 0, 1, 0, 0, 0, 0, 0, 0, 1, 0, 0, 0, 0, 1, 1, 0, 0, 0, 0, 0, 1, 0, 0, 1, 0, 0, 1, 0, 0, 1, 0, 1, 0, 0, 0, 0, 1, 0, 0, 0, 0, 0, 1, 0, 0 )
Hint([8,7]+[1,3]+[4,4] add up to 11)
Hint([7,1]+[6,3]+[1,5] add up to 11)
Hint([5,8]+[7,5] add up to 5)
Hint([6,4]+[0,8] add up to 4)
Hint([6,0]+[3,4] add up to 4)
Hint([0,4]+[2,5] add up to 10)
Hint([2,5]+[4,0]+[3,2] add up to 21)
Hint([8,5]+[3,4]+[1,2] add up to 13)
Hint([7,2]+[8,6]+[8,6] add up to 7)
Hint([4,5]+[2,4] add up to 7)
