Level( 9, 5, 6, 1, 2, 7, 8, 3, 4, 2, 7, 4, 8, 9, 3, 1, 6, 5, 3, 8, 1, 4, 6, 5, 2, 9, 7, 6, 9, 8, 5, 7, 4, 3, 1, 2, 4, 2, 7, 6, 3, 1, 9, 5, 8, 1, 3, 5, 9, 8, 2, 4, 7, 6, 7, 1, 9, 2, 4, 6, 5, 8, 3, 5, 6, 2, 3, 1, 8, 7, 4, 9, 8, 4, 3, 7, 5, 9, 6, 2, 1 )
Visible( 0, 0, 1, 1, 1, 0, 0, 0, 0, 1, 0, 0, 0, 0, 1, 0, 1, 1, 1, 0, 0, 0, 0, 1, 0, 1, 0, 0, 0, 1, 0, 1, 0, 0, 0, 1, 0, 0, 0, 0, 0, 1, 0, 0, 0, 0, 0, 0, 1, 0, 0, 1, 1, 0, 0, 0, 0, 0, 0, 1, 0, 1, 0, 1, 0, 1, 0, 0, 0, 1, 1, 0, 0, 0, 0, 1, 0, 0, 0, 0, 0 )
Hint([8,6]+[0,2]+[4,6] add up to 7)
Hint([5,6]+[8,8]+[2,5] add up to 9)
Hint([4,5]+[6,8] add up to 12)
Hint([7,6]+[1,3] add up to 15)
Hint([5,2]+[4,0] add up to 5)
Hint([8,6]+[3,7] add up to 4)
Hint([2,5]+[4,3]+[4,3] add up to 16)
Hint([1,3]+[3,0]+[8,3] add up to 9)
Hint([6,3]+[0,2]+[7,4] add up to 8)
Hint([3,4]+[1,2]+[5,7] add up to 19)
