Level( 1, 6, 5, 2, 9, 8, 3, 7, 4, 7, 8, 4, 3, 6, 5, 1, 9, 2, 9, 3, 2, 4, 7, 1, 6, 5, 8, 8, 1, 9, 5, 4, 7, 2, 3, 6, 3, 4, 7, 6, 2, 9, 5, 8, 1, 5, 2, 6, 8, 1, 3, 9, 4, 7, 6, 5, 3, 7, 8, 2, 4, 1, 9, 4, 9, 8, 1, 5, 6, 7, 2, 3, 2, 7, 1, 9, 3, 4, 8, 6, 5 )
Visible( 0, 0, 0, 0, 0, 0, 0, 0, 0, 1, 1, 0, 0, 1, 0, 1, 0, 1, 0, 0, 0, 0, 0, 1, 1, 0, 0, 0, 0, 0, 0, 1, 0, 0, 0, 1, 0, 0, 0, 0, 0, 1, 0, 1, 0, 1, 0, 1, 0, 0, 1, 0, 1, 0, 0, 0, 1, 0, 1, 0, 0, 0, 1, 1, 0, 1, 0, 1, 0, 0, 1, 1, 0, 0, 1, 0, 0, 0, 0, 0, 1 )
Hint([8,2]+[8,7]+[5,7] add up to 14)
Hint([6,1]+[6,6]+[2,5] add up to 8)
Hint([4,1]+[5,1] add up to 9)
Hint([7,5]+[0,5] add up to 7)
Hint([7,2]+[4,3] add up to 7)
Hint([1,1]+[1,0] add up to 12)
Hint([2,8]+[5,5] add up to 2)
Hint([4,8]+[1,0]+[2,2] add up to 8)
Hint([8,4]+[7,5] add up to 3)
Hint([6,7]+[0,8] add up to 7)
