Level( 1, 4, 7, 2, 5, 9, 6, 8, 3, 9, 8, 5, 3, 7, 6, 4, 2, 1, 2, 3, 6, 4, 8, 1, 5, 7, 9, 8, 1, 4, 7, 9, 5, 2, 3, 6, 6, 7, 3, 8, 2, 4, 9, 1, 5, 5, 2, 9, 1, 6, 3, 8, 4, 7, 4, 9, 2, 5, 1, 7, 3, 6, 8, 3, 6, 1, 9, 4, 8, 7, 5, 2, 7, 5, 8, 6, 3, 2, 1, 9, 4 )
Visible( 0, 0, 0, 0, 0, 0, 0, 0, 1, 1, 1, 0, 0, 1, 0, 0, 1, 0, 1, 0, 0, 1, 0, 0, 1, 0, 0, 0, 1, 1, 0, 0, 1, 0, 0, 0, 1, 0, 0, 0, 0, 0, 1, 0, 1, 0, 0, 0, 1, 0, 1, 0, 0, 0, 0, 0, 1, 1, 1, 0, 0, 0, 1, 0, 1, 0, 0, 1, 0, 0, 0, 0, 1, 0, 0, 0, 0, 0, 0, 0, 1 )
Hint([7,0]+[8,0]+[3,1] add up to 11)
Hint([7,1]+[6,6]+[2,2] add up to 8)
Hint([4,6]+[6,7] add up to 6)
Hint([7,1]+[8,8] add up to 4)
Hint([5,8]+[5,5] add up to 3)
Hint([7,2]+[2,8] add up to 13)
Hint([3,2]+[3,6]+[5,5] add up to 9)
Hint([1,8]+[4,2]+[0,4] add up to 16)
Hint([6,6]+[1,3] add up to 2)
Hint([8,8]+[5,4]+[1,2] add up to 8)
