Level( 3, 2, 9, 1, 7, 6, 4, 8, 5, 1, 7, 5, 8, 2, 4, 3, 6, 9, 8, 4, 6, 5, 9, 3, 7, 1, 2, 2, 6, 7, 3, 5, 8, 1, 9, 4, 9, 3, 4, 7, 1, 2, 8, 5, 6, 5, 8, 1, 4, 6, 9, 2, 3, 7, 7, 5, 8, 9, 4, 1, 6, 2, 3, 6, 9, 3, 2, 8, 7, 5, 4, 1, 4, 1, 2, 6, 3, 5, 9, 7, 8 )
Visible( 0, 0, 1, 1, 0, 0, 1, 0, 0, 0, 0, 0, 1, 1, 0, 0, 1, 0, 1, 1, 0, 0, 0, 1, 1, 0, 0, 0, 1, 0, 0, 0, 0, 1, 0, 0, 0, 0, 1, 0, 0, 0, 0, 1, 0, 1, 0, 0, 0, 0, 0, 0, 0, 1, 0, 1, 1, 0, 0, 0, 1, 0, 0, 0, 0, 0, 0, 0, 1, 0, 1, 0, 0, 0, 1, 0, 1, 1, 0, 0, 0 )
Hint([8,6]+[0,4]+[4,2] add up to 18)
Hint([5,1]+[6,3]+[1,6] add up to 7)
Hint([4,6]+[7,3] add up to 11)
Hint([6,3]+[0,6] add up to 6)
Hint([6,8]+[5,6] add up to 8)
Hint([0,8]+[3,2] add up to 7)
Hint([2,1]+[3,0]+[3,7] add up to 5)
Hint([1,2]+[2,3]+[0,2] add up to 16)
Hint([6,0]+[8,5]+[7,2] add up to 9)
Hint([4,2]+[1,4]+[5,3] add up to 17)
