Level( 5, 7, 6, 1, 9, 8, 2, 4, 3, 4, 8, 3, 5, 6, 2, 7, 1, 9, 1, 2, 9, 7, 3, 4, 6, 8, 5, 8, 3, 4, 9, 7, 5, 1, 6, 2, 2, 6, 5, 8, 1, 3, 9, 7, 4, 7, 9, 1, 4, 2, 6, 5, 3, 8, 6, 1, 2, 3, 8, 9, 4, 5, 7, 9, 5, 8, 6, 4, 7, 3, 2, 1, 3, 4, 7, 2, 5, 1, 8, 9, 6 )
Visible( 0, 1, 1, 0, 0, 1, 0, 0, 0, 0, 0, 0, 1, 0, 0, 1, 0, 1, 0, 1, 0, 0, 0, 1, 0, 0, 1, 1, 0, 1, 0, 1, 0, 0, 0, 1, 1, 0, 0, 1, 0, 0, 1, 0, 0, 0, 0, 0, 0, 0, 1, 0, 0, 0, 0, 0, 0, 0, 0, 0, 1, 1, 1, 0, 0, 1, 0, 1, 0, 0, 0, 0, 1, 0, 0, 0, 0, 1, 0, 0, 0 )
Hint([8,2]+[8,1]+[3,8] add up to 13)
Hint([5,2]+[7,4]+[1,1] add up to 16)
Hint([5,7]+[7,2] add up to 13)
Hint([7,2]+[8,2] add up to 11)
Hint([5,1]+[3,7] add up to 6)
Hint([8,3]+[2,5] add up to 1)
Hint([2,0]+[3,3]+[4,3] add up to 19)
Hint([1,5]+[3,6]+[1,2] add up to 11)
Hint([8,8]+[1,5]+[8,1] add up to 21)
Hint([4,6]+[2,1]+[5,6] add up to 17)
