Level( 9, 3, 8, 1, 4, 6, 5, 2, 7, 1, 5, 7, 2, 8, 9, 4, 3, 6, 4, 6, 2, 5, 3, 7, 9, 8, 1, 5, 9, 1, 3, 2, 4, 6, 7, 8, 6, 2, 4, 8, 7, 5, 1, 9, 3, 7, 8, 3, 9, 6, 1, 2, 4, 5, 3, 4, 9, 6, 5, 8, 7, 1, 2, 2, 1, 5, 7, 9, 3, 8, 6, 4, 8, 7, 6, 4, 1, 2, 3, 5, 9 )
Visible( 1, 0, 0, 0, 1, 0, 0, 1, 1, 1, 0, 0, 0, 0, 1, 1, 1, 0, 1, 0, 0, 1, 0, 0, 0, 0, 0, 1, 1, 0, 0, 1, 0, 0, 1, 0, 0, 0, 0, 1, 0, 0, 1, 0, 0, 0, 0, 1, 0, 1, 0, 0, 0, 0, 0, 1, 0, 0, 0, 0, 0, 0, 0, 0, 0, 1, 0, 0, 1, 0, 0, 0, 1, 0, 1, 0, 1, 0, 0, 0, 0 )
Hint([7,5]+[0,6]+[5,4] add up to 9)
Hint([7,2]+[7,7]+[2,2] add up to 13)
Hint([5,6]+[7,0] add up to 8)
Hint([7,2]+[8,7] add up to 10)
Hint([7,0]+[3,2] add up to 5)
Hint([0,4]+[2,6] add up to 13)
Hint([2,4]+[4,8]+[5,5] add up to 3)
Hint([1,2]+[2,8]+[2,2] add up to 11)
Hint([6,3]+[0,4]+[7,2] add up to 17)
Hint([4,7]+[2,0]+[4,4] add up to 21)
