Level( 9, 3, 2, 6, 1, 4, 7, 5, 8, 1, 4, 7, 8, 2, 5, 6, 9, 3, 6, 8, 5, 9, 7, 3, 2, 1, 4, 7, 9, 6, 2, 8, 1, 3, 4, 5, 2, 1, 4, 5, 3, 6, 9, 8, 7, 3, 5, 8, 7, 4, 9, 1, 2, 6, 5, 2, 9, 3, 6, 8, 4, 7, 1, 4, 7, 3, 1, 5, 2, 8, 6, 9, 8, 6, 1, 4, 9, 7, 5, 3, 2 )
Visible( 0, 0, 0, 1, 1, 0, 0, 0, 0, 0, 0, 0, 0, 1, 1, 1, 0, 1, 0, 1, 0, 0, 0, 0, 0, 0, 1, 1, 0, 0, 1, 0, 1, 0, 0, 0, 0, 0, 1, 0, 0, 0, 1, 0, 0, 0, 1, 0, 0, 0, 0, 0, 1, 1, 0, 1, 1, 0, 0, 0, 0, 0, 0, 0, 0, 0, 0, 0, 0, 1, 0, 0, 0, 0, 1, 1, 0, 1, 1, 0, 0 )
Hint([7,7]+[1,0]+[3,1] add up to 14)
Hint([5,5]+[8,7]+[2,1] add up to 22)
Hint([6,7]+[7,7] add up to 12)
Hint([6,1]+[8,7] add up to 13)
Hint([7,5]+[4,0] add up to 1)
Hint([1,0]+[1,5] add up to 6)
Hint([1,6]+[4,2]+[4,3] add up to 14)
Hint([1,1]+[2,7]+[1,0] add up to 7)
Hint([6,0]+[8,7]+[8,3] add up to 18)
Hint([3,5]+[2,3]+[5,5] add up to 19)
