Level( 6, 7, 1, 8, 9, 5, 4, 2, 3, 9, 8, 2, 3, 1, 4, 5, 7, 6, 3, 5, 4, 7, 2, 6, 9, 1, 8, 8, 1, 5, 9, 3, 2, 6, 4, 7, 2, 3, 6, 4, 8, 7, 1, 9, 5, 7, 4, 9, 5, 6, 1, 8, 3, 2, 1, 9, 8, 6, 7, 3, 2, 5, 4, 4, 6, 7, 2, 5, 9, 3, 8, 1, 5, 2, 3, 1, 4, 8, 7, 6, 9 )
Visible( 0, 0, 0, 1, 0, 0, 0, 1, 1, 1, 0, 0, 0, 0, 0, 1, 0, 0, 0, 0, 0, 1, 1, 0, 0, 1, 0, 0, 1, 0, 0, 1, 0, 0, 1, 1, 0, 0, 0, 0, 0, 0, 0, 0, 0, 1, 0, 0, 1, 0, 0, 1, 0, 1, 0, 0, 1, 0, 0, 0, 0, 0, 0, 1, 0, 1, 1, 1, 0, 0, 0, 0, 1, 0, 0, 0, 1, 0, 0, 1, 0 )
Hint([6,3]+[0,2]+[4,6] add up to 13)
Hint([7,0]+[6,5]+[1,1] add up to 15)
Hint([5,2]+[6,2] add up to 13)
Hint([6,5]+[0,0] add up to 12)
Hint([5,3]+[4,4] add up to 8)
Hint([8,7]+[3,5] add up to 4)
Hint([0,2]+[3,1]+[3,2] add up to 10)
Hint([0,3]+[3,2]+[0,1] add up to 21)
Hint([6,3]+[0,1]+[7,7] add up to 20)
Hint([4,5]+[2,7] add up to 11)
