Level( 1, 4, 9, 2, 6, 5, 3, 7, 8, 3, 6, 5, 4, 7, 8, 1, 9, 2, 7, 2, 8, 9, 3, 1, 6, 5, 4, 9, 8, 7, 6, 4, 3, 5, 2, 1, 6, 5, 4, 1, 9, 2, 8, 3, 7, 2, 3, 1, 5, 8, 7, 4, 6, 9, 8, 1, 3, 7, 5, 9, 2, 4, 6, 4, 7, 2, 3, 1, 6, 9, 8, 5, 5, 9, 6, 8, 2, 4, 7, 1, 3 )
Visible( 0, 0, 1, 1, 0, 0, 0, 0, 0, 1, 0, 0, 0, 0, 0, 0, 0, 1, 1, 0, 1, 0, 0, 0, 1, 0, 0, 0, 0, 0, 0, 1, 0, 0, 0, 1, 0, 0, 0, 0, 0, 0, 1, 1, 0, 0, 0, 1, 0, 0, 1, 0, 0, 1, 1, 0, 0, 0, 0, 0, 1, 0, 0, 0, 0, 0, 0, 1, 1, 0, 1, 0, 1, 0, 1, 0, 0, 1, 1, 0, 0 )
Hint([7,7]+[1,3]+[4,2] add up to 16)
Hint([6,7]+[8,6]+[2,5] add up to 13)
Hint([6,5]+[6,8] add up to 9)
Hint([6,7]+[1,4] add up to 12)
Hint([5,4]+[4,4] add up to 9)
Hint([8,2]+[2,1] add up to 7)
Hint([1,8]+[5,0]+[3,7] add up to 14)
Hint([1,5]+[3,2]+[0,2] add up to 16)
Hint([7,3]+[0,4]+[7,6] add up to 9)
Hint([4,4]+[1,1] add up to 13)
