Level( 9, 3, 8, 1, 2, 7, 6, 5, 4, 2, 1, 6, 3, 4, 5, 7, 8, 9, 7, 4, 5, 8, 9, 6, 3, 2, 1, 6, 2, 3, 4, 5, 9, 1, 7, 8, 1, 9, 7, 6, 8, 3, 5, 4, 2, 8, 5, 4, 7, 1, 2, 9, 3, 6, 3, 7, 1, 2, 6, 4, 8, 9, 5, 5, 6, 2, 9, 7, 8, 4, 1, 3, 4, 8, 9, 5, 3, 1, 2, 6, 7 )
Visible( 0, 0, 0, 1, 0, 1, 1, 0, 1, 0, 0, 0, 0, 0, 0, 0, 0, 0, 1, 0, 0, 0, 1, 1, 1, 1, 0, 1, 0, 0, 0, 1, 0, 0, 0, 1, 1, 0, 1, 0, 0, 1, 1, 0, 0, 1, 0, 1, 0, 0, 0, 1, 0, 0, 1, 0, 1, 0, 1, 0, 0, 0, 0, 0, 0, 0, 1, 0, 0, 1, 0, 0, 0, 0, 0, 0, 0, 0, 0, 1, 1 )
Hint([8,8]+[1,1]+[3,7] add up to 14)
Hint([7,7]+[8,1]+[0,8] add up to 11)
Hint([5,8]+[7,8] add up to 5)
Hint([5,5]+[0,7] add up to 5)
Hint([5,7]+[5,4] add up to 9)
Hint([0,2]+[2,7] add up to 7)
Hint([1,7]+[5,5]+[5,8] add up to 6)
Hint([0,2]+[2,6]+[1,4] add up to 14)
Hint([8,8]+[1,5] add up to 10)
Hint([8,7]+[5,0]+[1,0] add up to 10)
