Level( 8, 3, 5, 1, 4, 7, 2, 6, 9, 1, 6, 4, 2, 5, 9, 3, 7, 8, 7, 2, 9, 3, 8, 6, 4, 5, 1, 6, 4, 1, 9, 2, 5, 8, 3, 7, 3, 9, 7, 4, 6, 8, 1, 2, 5, 5, 8, 2, 7, 3, 1, 9, 4, 6, 9, 7, 3, 6, 1, 4, 5, 8, 2, 2, 1, 8, 5, 7, 3, 6, 9, 4, 4, 5, 6, 8, 9, 2, 7, 1, 3 )
Visible( 1, 0, 0, 0, 0, 1, 0, 0, 0, 0, 1, 1, 0, 1, 0, 1, 0, 0, 0, 0, 0, 0, 1, 0, 0, 0, 1, 0, 1, 1, 0, 0, 0, 0, 0, 0, 1, 1, 0, 0, 0, 0, 0, 0, 0, 0, 0, 0, 1, 0, 0, 1, 0, 0, 1, 0, 1, 0, 1, 0, 1, 0, 0, 0, 1, 0, 1, 0, 0, 0, 0, 1, 0, 0, 1, 0, 0, 1, 1, 0, 0 )
Hint([8,1]+[8,3]+[4,4] add up to 18)
Hint([6,4]+[7,3]+[1,3] add up to 5)
Hint([4,2]+[6,2] add up to 10)
Hint([7,0]+[8,0] add up to 13)
Hint([7,7]+[5,8] add up to 9)
Hint([8,8]+[3,3] add up to 10)
Hint([1,0]+[3,1]+[3,7] add up to 7)
Hint([1,6]+[3,2]+[0,2] add up to 14)
Hint([6,7]+[1,1]+[6,8] add up to 16)
Hint([3,2]+[1,1] add up to 7)
