Level( 5, 4, 9, 1, 6, 7, 2, 3, 8, 8, 3, 1, 2, 5, 9, 7, 6, 4, 6, 7, 2, 4, 3, 8, 5, 9, 1, 7, 9, 6, 3, 8, 1, 4, 5, 2, 3, 8, 4, 5, 9, 2, 6, 1, 7, 1, 2, 5, 7, 4, 6, 9, 8, 3, 2, 6, 3, 9, 1, 4, 8, 7, 5, 4, 5, 8, 6, 7, 3, 1, 2, 9, 9, 1, 7, 8, 2, 5, 3, 4, 6 )
Visible( 1, 0, 1, 0, 0, 0, 0, 0, 1, 0, 0, 0, 0, 0, 0, 1, 1, 0, 0, 1, 0, 1, 0, 0, 1, 0, 0, 0, 0, 1, 0, 0, 0, 1, 0, 0, 1, 0, 0, 0, 1, 1, 0, 0, 0, 0, 0, 1, 1, 0, 0, 1, 0, 0, 0, 0, 0, 0, 0, 0, 0, 0, 0, 0, 0, 1, 1, 0, 1, 0, 1, 0, 1, 1, 0, 1, 0, 0, 0, 0, 0 )
Hint([8,8]+[1,4]+[4,1] add up to 16)
Hint([5,4]+[7,0]+[0,7] add up to 6)
Hint([5,3]+[6,0] add up to 1)
Hint([5,8]+[1,0] add up to 7)
Hint([6,6]+[5,0] add up to 13)
Hint([8,7]+[3,4] add up to 12)
Hint([2,0]+[3,1]+[4,2] add up to 11)
Hint([0,4]+[3,4]+[1,4] add up to 13)
Hint([8,2]+[8,8] add up to 5)
Hint([0,7]+[5,6]+[2,6] add up to 8)
