Level( 5, 8, 9, 1, 2, 3, 4, 7, 6, 2, 3, 1, 6, 4, 7, 5, 8, 9, 6, 7, 4, 5, 9, 8, 2, 1, 3, 4, 9, 5, 7, 3, 1, 6, 2, 8, 8, 6, 7, 2, 5, 9, 1, 3, 4, 1, 2, 3, 4, 8, 6, 9, 5, 7, 3, 1, 6, 9, 7, 2, 8, 4, 5, 7, 5, 2, 8, 6, 4, 3, 9, 1, 9, 4, 8, 3, 1, 5, 7, 6, 2 )
Visible( 0, 0, 0, 0, 1, 0, 1, 0, 0, 0, 1, 0, 1, 0, 0, 0, 1, 0, 1, 0, 0, 0, 0, 0, 0, 0, 0, 0, 0, 1, 0, 0, 0, 0, 0, 1, 0, 0, 0, 0, 0, 0, 1, 1, 0, 0, 0, 0, 1, 0, 0, 1, 0, 1, 0, 0, 1, 1, 1, 0, 0, 0, 1, 0, 1, 1, 0, 0, 0, 0, 0, 1, 1, 0, 1, 1, 0, 0, 0, 0, 1 )
Hint([6,7]+[1,7]+[5,8] add up to 10)
Hint([6,2]+[7,1]+[0,4] add up to 15)
Hint([5,6]+[7,3] add up to 2)
Hint([7,8]+[1,2] add up to 11)
Hint([6,0]+[3,4] add up to 4)
Hint([8,8]+[4,4] add up to 5)
Hint([1,4]+[4,0]+[3,2] add up to 10)
Hint([8,0]+[2,6]+[1,5] add up to 11)
Hint([7,6]+[0,2] add up to 8)
Hint([7,3]+[4,4]+[2,2] add up to 8)
