Level( 1, 6, 7, 4, 2, 9, 3, 5, 8, 8, 9, 5, 7, 1, 3, 2, 4, 6, 3, 4, 2, 5, 6, 8, 9, 7, 1, 2, 8, 4, 6, 9, 7, 1, 3, 5, 5, 1, 9, 2, 3, 4, 8, 6, 7, 7, 3, 6, 1, 8, 5, 4, 9, 2, 9, 5, 3, 8, 7, 1, 6, 2, 4, 4, 2, 1, 3, 5, 6, 7, 8, 9, 6, 7, 8, 9, 4, 2, 5, 1, 3 )
Visible( 0, 1, 0, 0, 0, 1, 1, 0, 1, 0, 0, 0, 1, 0, 1, 0, 1, 0, 0, 0, 0, 1, 0, 0, 0, 1, 1, 0, 1, 0, 0, 0, 0, 0, 0, 0, 1, 0, 0, 0, 0, 1, 0, 0, 0, 0, 1, 1, 0, 0, 0, 0, 0, 1, 1, 1, 0, 0, 0, 0, 0, 1, 0, 0, 1, 1, 0, 0, 1, 0, 0, 0, 0, 0, 1, 1, 1, 0, 0, 1, 0 )
Hint([7,1]+[8,2]+[4,1] add up to 3)
Hint([6,2]+[7,1]+[0,7] add up to 14)
Hint([5,0]+[5,8] add up to 9)
Hint([6,0]+[8,8] add up to 4)
Hint([6,2]+[4,2] add up to 13)
Hint([8,1]+[2,3] add up to 8)
Hint([2,2]+[3,5]+[5,8] add up to 2)
Hint([1,5]+[3,8]+[2,5] add up to 15)
Hint([8,6]+[0,4] add up to 7)
Hint([8,8]+[5,5]+[2,5] add up to 11)
