Level( 4, 6, E, F, 2, 3, 8, B, 5, D, 0, A, C, 9, 1, 7, 9, B, 0, D, 7, A, C, E, F, 1, 6, 8, 5, 2, 3, 4, 2, 1, 3, C, 4, 5, 0, F, 7, 9, B, E, 6, D, 8, A, 5, 7, A, 8, 9, 1, 6, D, 3, 2, 4, C, 0, B, F, E, A, 8, 5, 1, B, 0, 4, 3, 2, 6, C, F, 9, 7, E, D, 7, 4, 6, 2, 8, E, 1, 9, D, A, 3, B, F, 0, C, 5, C, 3, D, E, 5, F, 2, 7, 0, 8, 1, 9, A, 4, B, 6, F, 0, B, 9, A, 6, D, C, E, 4, 5, 7, 1, 8, 2, 3, 0, 2, 4, 6, D, 7, B, 8, C, E, F, 5, 3, A, 9, 1, 1, F, 7, 5, 0, 4, 3, A, 6, B, 9, 2, 8, E, D, C, E, D, 9, B, 6, C, F, 1, A, 0, 8, 3, 7, 5, 4, 2, 3, C, 8, A, E, 2, 9, 5, 4, 7, D, 1, B, F, 6, 0, 6, 5, F, 0, C, 9, E, 2, B, 3, 7, D, 4, 1, A, 8, B, A, C, 4, 1, D, 5, 6, 8, F, 2, 0, E, 3, 7, 9, 8, 9, 2, 7, 3, B, A, 4, 1, 5, E, 6, D, C, 0, F, D, E, 1, 3, F, 8, 7, 0, 9, C, A, 4, 2, 6, 5, B )
Visible( 1, 0, 0, 0, 1, 0, 1, 1, 0, 1, 0, 1, 0, 0, 1, 0, 0, 0, 0, 1, 1, 1, 0, 1, 0, 1, 0, 0, 1, 0, 1, 1, 1, 0, 1, 0, 1, 0, 0, 0, 0, 1, 0, 0, 1, 1, 0, 1, 0, 1, 1, 0, 0, 1, 0, 0, 0, 1, 1, 1, 0, 1, 1, 1, 0, 0, 0, 0, 1, 0, 1, 1, 1, 0, 0, 0, 1, 1, 0, 1, 1, 0, 1, 0, 0, 0, 0, 0, 0, 0, 0, 1, 1, 0, 0, 0, 1, 0, 1, 1, 0, 1, 1, 0, 1, 0, 0, 0, 1, 0, 1, 0, 1, 0, 1, 1, 0, 0, 0, 0, 0, 1, 0, 1, 0, 0, 1, 1, 0, 0, 1, 0, 1, 0, 1, 0, 0, 0, 1, 0, 0, 0, 0, 0, 0, 1, 1, 1, 0, 0, 0, 0, 0, 0, 0, 1, 1, 1, 0, 1, 0, 0, 1, 0, 1, 1, 1, 0, 1, 1, 1, 0, 0, 1, 0, 0, 0, 0, 0, 0, 1, 1, 0, 1, 1, 1, 0, 1, 0, 0, 0, 0, 0, 1, 0, 1, 1, 0, 1, 1, 1, 0, 0, 0, 0, 1, 0, 0, 0, 0, 0, 0, 1, 0, 1, 1, 0, 1, 0, 1, 1, 1, 1, 1, 1, 0, 0, 0, 0, 1, 0, 1, 0, 1, 1, 0, 1, 1, 0, 0, 1, 1, 1, 0, 0, 0, 0, 1, 0, 1, 1, 0, 1, 0, 0, 0 )
Hint([15,9]+[0,12]+[9,15] add up to 30)
Hint([8,13]+[15,6]+[2,12] add up to 29)
Hint([8,6]+[11,6] add up to 9)
Hint([13,15]+[2,3] add up to 16)
Hint([12,11]+[9,11] add up to 18)
Hint([15,12]+[6,2] add up to 8)
Hint([5,0]+[5,4]+[7,11] add up to 8)
Hint([2,9]+[6,8]+[2,10] add up to 27)
Hint([12,4]+[15,7] add up to 12)
Hint([13,6]+[8,1]+[1,15] add up to 33)
