Level( 2, 6, 8, 7, 9, 3, 4, 1, 5, 3, 4, 1, 6, 5, 2, 7, 8, 9, 9, 5, 7, 4, 1, 8, 2, 6, 3, 6, 3, 5, 8, 7, 9, 1, 2, 4, 1, 8, 9, 3, 2, 4, 5, 7, 6, 7, 2, 4, 5, 6, 1, 9, 3, 8, 5, 9, 3, 1, 8, 7, 6, 4, 2, 8, 7, 6, 2, 4, 5, 3, 9, 1, 4, 1, 2, 9, 3, 6, 8, 5, 7 )
Visible( 0, 1, 1, 1, 0, 0, 0, 0, 1, 1, 0, 0, 0, 1, 0, 0, 0, 1, 0, 0, 0, 0, 0, 1, 1, 0, 0, 1, 1, 0, 1, 0, 0, 0, 0, 0, 0, 0, 0, 1, 1, 0, 0, 0, 0, 1, 0, 0, 0, 0, 0, 1, 0, 1, 1, 0, 0, 0, 0, 0, 1, 1, 0, 0, 0, 0, 0, 1, 0, 0, 0, 1, 0, 1, 1, 0, 0, 0, 0, 1, 0 )
Hint([7,2]+[8,8]+[5,4] add up to 14)
Hint([7,7]+[8,3]+[1,3] add up to 13)
Hint([6,1]+[5,4] add up to 9)
Hint([6,7]+[1,1] add up to 5)
Hint([5,8]+[5,1] add up to 6)
Hint([0,7]+[3,0] add up to 13)
Hint([3,2]+[3,4] add up to 5)
Hint([6,5]+[0,7]+[4,5] add up to 20)
Hint([8,5]+[7,5] add up to 9)
Hint([0,0]+[7,0] add up to 1)
