Level( 4, 8, 3, 5, 1, 2, 9, 7, 6, 5, 6, 7, 3, 8, 9, 4, 1, 2, 1, 2, 9, 6, 7, 4, 3, 5, 8, 8, 9, 5, 1, 4, 6, 7, 2, 3, 7, 1, 2, 8, 3, 5, 6, 4, 9, 3, 4, 6, 9, 2, 7, 1, 8, 5, 2, 3, 4, 7, 6, 8, 5, 9, 1, 6, 5, 8, 4, 9, 1, 2, 3, 7, 9, 7, 1, 2, 5, 3, 8, 6, 4 )
Visible( 1, 0, 1, 0, 0, 0, 0, 1, 0, 1, 0, 0, 0, 0, 1, 0, 1, 0, 0, 0, 0, 1, 0, 0, 0, 1, 1, 0, 1, 0, 0, 0, 0, 0, 0, 1, 0, 0, 0, 1, 0, 1, 1, 1, 0, 0, 0, 0, 0, 1, 0, 0, 0, 1, 0, 1, 0, 0, 0, 1, 0, 0, 0, 0, 0, 0, 1, 0, 0, 0, 0, 1, 0, 0, 1, 1, 1, 0, 1, 1, 0 )
Hint([6,1]+[8,8]+[5,8] add up to 8)
Hint([5,8]+[8,4]+[1,1] add up to 15)
Hint([4,8]+[7,4] add up to 7)
Hint([7,8]+[1,3] add up to 13)
Hint([6,7]+[5,6] add up to 8)
Hint([0,0]+[1,3] add up to 11)
Hint([1,0]+[3,3]+[4,8] add up to 11)
Hint([0,4]+[3,6]+[1,0] add up to 19)
Hint([6,2]+[8,8]+[8,3] add up to 7)
Hint([4,4]+[2,4]+[5,0] add up to 4)
