Level( 1, 6, 2, 3, 8, 9, 7, 4, 5, 8, 5, 9, 4, 7, 1, 2, 3, 6, 4, 3, 7, 5, 6, 2, 1, 9, 8, 3, 7, 8, 9, 2, 4, 5, 6, 1, 6, 4, 1, 7, 5, 8, 9, 2, 3, 2, 9, 5, 1, 3, 6, 8, 7, 4, 7, 2, 6, 8, 1, 3, 4, 5, 9, 5, 8, 4, 6, 9, 7, 3, 1, 2, 9, 1, 3, 2, 4, 5, 6, 8, 7 )
Visible( 0, 1, 0, 1, 0, 0, 0, 0, 0, 0, 0, 1, 1, 1, 0, 1, 0, 0, 0, 0, 1, 0, 0, 0, 1, 1, 0, 0, 0, 0, 1, 1, 1, 1, 0, 1, 1, 0, 0, 1, 0, 0, 0, 1, 0, 0, 0, 0, 0, 1, 0, 0, 0, 0, 0, 1, 0, 0, 1, 0, 0, 0, 1, 0, 1, 0, 0, 0, 0, 0, 0, 1, 0, 0, 1, 0, 1, 1, 0, 0, 0 )
Hint([8,8]+[1,4]+[4,1] add up to 15)
Hint([7,4]+[7,3]+[1,1] add up to 10)
Hint([6,7]+[7,6] add up to 6)
Hint([5,0]+[8,2] add up to 15)
Hint([5,1]+[4,8] add up to 3)
Hint([8,5]+[3,4] add up to 9)
Hint([2,7]+[5,0]+[3,1] add up to 14)
Hint([0,5]+[3,7]+[1,2] add up to 8)
Hint([6,5]+[0,4]+[7,3] add up to 17)
Hint([5,6]+[2,2]+[5,8] add up to 12)
