Level( 5, 1, 6, 8, 3, 2, 4, 7, 9, 8, 9, 4, 6, 7, 1, 3, 5, 2, 7, 2, 3, 4, 9, 5, 8, 1, 6, 3, 8, 7, 5, 1, 9, 2, 6, 4, 2, 4, 1, 7, 6, 3, 5, 9, 8, 6, 5, 9, 2, 4, 8, 7, 3, 1, 1, 7, 5, 9, 2, 4, 6, 8, 3, 9, 6, 2, 3, 8, 7, 1, 4, 5, 4, 3, 8, 1, 5, 6, 9, 2, 7 )
Visible( 0, 0, 1, 0, 1, 1, 0, 1, 0, 0, 0, 1, 0, 1, 1, 0, 0, 1, 0, 0, 0, 1, 0, 0, 0, 0, 0, 0, 0, 1, 1, 0, 0, 0, 0, 0, 0, 1, 0, 0, 0, 0, 0, 1, 0, 0, 0, 0, 0, 0, 0, 1, 1, 1, 0, 0, 0, 1, 0, 0, 0, 0, 0, 0, 1, 1, 1, 1, 0, 1, 0, 0, 0, 0, 1, 0, 0, 0, 0, 0, 1 )
Hint([8,0]+[8,3]+[4,8] add up to 15)
Hint([7,6]+[8,2]+[1,3] add up to 19)
Hint([5,4]+[6,5] add up to 8)
Hint([5,5]+[0,2] add up to 13)
Hint([5,1]+[4,6] add up to 1)
Hint([0,8]+[3,1] add up to 8)
Hint([3,7]+[5,3]+[4,3] add up to 10)
Hint([8,0]+[2,0]+[0,4] add up to 14)
Hint([6,4]+[0,0] add up to 8)
Hint([7,4]+[4,1]+[1,4] add up to 17)
