Level( 8, 1, 5, 6, 3, 4, 2, 9, 7, 3, 2, 7, 8, 9, 1, 4, 6, 5, 6, 9, 4, 2, 7, 5, 8, 1, 3, 1, 7, 8, 3, 5, 6, 9, 4, 2, 4, 3, 9, 7, 8, 2, 1, 5, 6, 2, 5, 6, 1, 4, 9, 3, 7, 8, 7, 6, 2, 9, 1, 3, 5, 8, 4, 9, 4, 3, 5, 6, 8, 7, 2, 1, 5, 8, 1, 4, 2, 7, 6, 3, 9 )
Visible( 0, 0, 0, 0, 0, 0, 0, 0, 0, 0, 0, 0, 0, 0, 1, 0, 1, 1, 1, 0, 1, 1, 0, 0, 0, 1, 1, 0, 1, 0, 0, 1, 1, 0, 1, 0, 0, 0, 1, 0, 0, 0, 1, 0, 1, 0, 1, 0, 0, 0, 0, 0, 0, 0, 1, 0, 0, 1, 0, 1, 0, 0, 1, 0, 0, 0, 0, 0, 0, 0, 0, 0, 0, 1, 1, 1, 0, 0, 1, 0, 0 )
Hint([8,1]+[8,6]+[5,7] add up to 14)
Hint([5,0]+[6,2]+[1,6] add up to 15)
Hint([5,3]+[6,6] add up to 9)
Hint([7,7]+[1,8] add up to 8)
Hint([6,3]+[4,4] add up to 15)
Hint([0,4]+[2,8] add up to 3)
Hint([2,1]+[3,5]+[5,4] add up to 7)
Hint([1,6]+[3,3]+[0,0] add up to 14)
Hint([6,5]+[0,3]+[7,5] add up to 8)
Hint([5,4]+[1,0]+[4,3] add up to 5)
