Level( 2, 1, 8, 3, 7, 4, 5, 6, 9, 7, 5, 4, 9, 6, 2, 8, 3, 1, 6, 9, 3, 8, 5, 1, 2, 7, 4, 1, 7, 2, 4, 9, 8, 6, 5, 3, 9, 4, 6, 5, 2, 3, 1, 8, 7, 8, 3, 5, 6, 1, 7, 9, 4, 2, 5, 6, 7, 1, 3, 9, 4, 2, 8, 3, 8, 9, 2, 4, 5, 7, 1, 6, 4, 2, 1, 7, 8, 6, 3, 9, 5 )
Visible( 0, 1, 1, 0, 0, 0, 0, 0, 0, 0, 0, 0, 0, 1, 0, 0, 0, 0, 0, 0, 0, 0, 0, 0, 1, 1, 0, 0, 0, 1, 0, 0, 0, 1, 0, 0, 1, 1, 0, 0, 1, 0, 1, 1, 0, 1, 0, 0, 1, 0, 1, 1, 0, 0, 0, 0, 1, 0, 0, 1, 1, 1, 0, 0, 0, 0, 0, 0, 1, 0, 0, 1, 1, 0, 0, 1, 0, 0, 0, 1, 0 )
Hint([6,1]+[8,1]+[3,2] add up to 14)
Hint([5,4]+[7,3]+[1,6] add up to 11)
Hint([4,2]+[6,2] add up to 5)
Hint([5,4]+[0,6] add up to 6)
Hint([5,8]+[5,5] add up to 11)
Hint([0,4]+[2,4] add up to 13)
Hint([1,8]+[5,8]+[5,6] add up to 14)
Hint([0,1]+[2,1]+[0,7] add up to 11)
Hint([7,1]+[8,5] add up to 3)
Hint([7,1]+[3,0]+[0,3] add up to 4)
