Level( 4, 8, 6, 5, 7, 9, 2, 1, 3, 1, 7, 2, 3, 6, 4, 5, 9, 8, 3, 5, 9, 8, 1, 2, 6, 4, 7, 7, 1, 3, 9, 4, 5, 8, 6, 2, 6, 9, 5, 2, 8, 7, 1, 3, 4, 2, 4, 8, 1, 3, 6, 9, 7, 5, 8, 6, 7, 4, 2, 1, 3, 5, 9, 5, 3, 4, 6, 9, 8, 7, 2, 1, 9, 2, 1, 7, 5, 3, 4, 8, 6 )
Visible( 0, 0, 1, 1, 0, 0, 1, 1, 0, 0, 0, 0, 0, 1, 0, 1, 0, 0, 1, 0, 1, 0, 1, 0, 1, 0, 0, 1, 0, 0, 1, 1, 0, 0, 0, 0, 0, 0, 0, 1, 1, 1, 1, 0, 0, 0, 0, 0, 0, 0, 0, 0, 0, 1, 0, 1, 0, 0, 0, 1, 1, 0, 0, 0, 0, 0, 0, 1, 0, 0, 0, 0, 1, 0, 0, 1, 0, 0, 0, 1, 0 )
Hint([7,4]+[0,3]+[4,8] add up to 12)
Hint([6,5]+[7,1]+[0,8] add up to 24)
Hint([5,3]+[6,8] add up to 7)
Hint([6,3]+[0,7] add up to 11)
Hint([7,7]+[5,5] add up to 6)
Hint([8,7]+[3,6] add up to 3)
Hint([2,0]+[3,6]+[5,0] add up to 16)
Hint([1,2]+[2,8] add up to 4)
Hint([1,1]+[6,7] add up to 12)
Hint([7,4]+[8,7] add up to 2)
