Level( 8, 7, 5, 1, 6, 3, 9, 2, 4, 1, 9, 2, 7, 8, 4, 5, 3, 6, 3, 6, 4, 2, 9, 5, 8, 1, 7, 6, 4, 8, 3, 7, 9, 2, 5, 1, 5, 2, 3, 8, 1, 6, 7, 4, 9, 7, 1, 9, 5, 4, 2, 6, 8, 3, 9, 3, 7, 4, 5, 8, 1, 6, 2, 4, 5, 6, 9, 2, 1, 3, 7, 8, 2, 8, 1, 6, 3, 7, 4, 9, 5 )
Visible( 1, 0, 0, 0, 1, 1, 0, 0, 0, 0, 0, 1, 1, 0, 0, 1, 0, 0, 0, 0, 0, 0, 0, 0, 1, 1, 0, 0, 1, 0, 1, 0, 0, 1, 0, 0, 1, 0, 0, 0, 0, 0, 1, 0, 0, 0, 0, 1, 0, 0, 1, 0, 0, 0, 1, 0, 0, 0, 1, 1, 0, 0, 0, 0, 0, 1, 0, 1, 1, 1, 0, 1, 0, 0, 0, 1, 0, 0, 0, 1, 0 )
Hint([7,8]+[1,3]+[4,1] add up to 18)
Hint([6,8]+[8,4]+[1,8] add up to 18)
Hint([6,4]+[6,5] add up to 11)
Hint([5,1]+[8,4] add up to 11)
Hint([6,2]+[4,6] add up to 11)
Hint([8,3]+[2,6] add up to 6)
Hint([1,6]+[4,5]+[5,8] add up to 11)
Hint([0,8]+[4,0]+[0,6] add up to 14)
Hint([7,8]+[1,6] add up to 10)
Hint([8,4]+[4,2]+[1,2] add up to 21)
