Level( 8, 6, 9, 5, 7, 1, 3, 4, 2, 4, 1, 7, 8, 2, 3, 6, 9, 5, 3, 5, 2, 4, 6, 9, 8, 1, 7, 1, 4, 8, 6, 5, 7, 9, 2, 3, 6, 9, 5, 3, 8, 2, 1, 7, 4, 7, 2, 3, 1, 9, 4, 5, 6, 8, 2, 3, 6, 9, 4, 5, 7, 8, 1, 9, 7, 1, 2, 3, 8, 4, 5, 6, 5, 8, 4, 7, 1, 6, 2, 3, 9 )
Visible( 0, 0, 0, 0, 0, 0, 0, 0, 0, 1, 1, 0, 0, 0, 0, 0, 0, 0, 1, 0, 0, 1, 0, 1, 0, 0, 1, 0, 1, 0, 1, 1, 0, 0, 0, 1, 1, 0, 1, 1, 0, 0, 0, 1, 0, 0, 1, 0, 1, 0, 1, 0, 1, 0, 0, 1, 0, 0, 1, 1, 1, 0, 1, 1, 0, 1, 0, 0, 1, 0, 0, 0, 1, 0, 0, 0, 0, 0, 1, 0, 0 )
Hint([7,0]+[8,4]+[4,8] add up to 6)
Hint([7,0]+[6,2]+[1,3] add up to 13)
Hint([5,3]+[6,3] add up to 14)
Hint([6,0]+[8,1] add up to 6)
Hint([7,5]+[5,7] add up to 12)
Hint([8,2]+[2,3] add up to 13)
Hint([1,7]+[5,4]+[4,8] add up to 7)
Hint([0,1]+[2,0]+[0,6] add up to 12)
Hint([7,1]+[8,7] add up to 13)
Hint([7,4]+[4,2]+[1,1] add up to 11)
