Level( 2, 8, 9, 3, 4, 6, 7, 1, 5, 3, 4, 1, 5, 2, 7, 8, 9, 6, 6, 5, 7, 1, 8, 9, 4, 2, 3, 1, 6, 8, 7, 5, 2, 3, 4, 9, 9, 2, 4, 6, 3, 1, 5, 8, 7, 5, 7, 3, 8, 9, 4, 1, 6, 2, 8, 9, 5, 2, 1, 3, 6, 7, 4, 7, 3, 2, 4, 6, 8, 9, 5, 1, 4, 1, 6, 9, 7, 5, 2, 3, 8 )
Visible( 0, 1, 0, 0, 1, 0, 1, 1, 0, 0, 0, 0, 0, 1, 0, 0, 1, 0, 0, 0, 0, 1, 1, 0, 0, 1, 1, 1, 0, 0, 0, 0, 0, 1, 1, 0, 0, 0, 1, 0, 0, 0, 0, 0, 1, 0, 0, 1, 1, 0, 0, 0, 0, 0, 0, 0, 0, 1, 1, 1, 1, 1, 0, 0, 0, 1, 0, 0, 0, 0, 0, 0, 0, 0, 0, 0, 1, 0, 0, 0, 1 )
Hint([8,3]+[8,0]+[3,6] add up to 13)
Hint([6,4]+[7,6]+[2,6] add up to 14)
Hint([5,0]+[5,7] add up to 12)
Hint([7,0]+[8,4] add up to 6)
Hint([6,6]+[5,4] add up to 5)
Hint([0,4]+[2,2] add up to 14)
Hint([0,8]+[5,5]+[5,5] add up to 9)
Hint([0,1]+[2,2]+[0,3] add up to 8)
Hint([5,1]+[8,7]+[8,5] add up to 7)
Hint([5,0]+[0,0]+[4,5] add up to 14)
