Level( 3, 4, C, 7, 1, 5, 8, 6, 9, A, D, 0, 2, B, F, E, F, D, 8, 0, 9, 2, B, 4, E, 1, C, 3, 5, 6, 7, A, E, 9, 1, 6, A, 0, F, 7, 5, 8, B, 2, C, 3, 4, D, 5, B, A, 2, E, C, D, 3, 6, 7, F, 4, 9, 8, 0, 1, 0, F, 3, E, B, D, C, 1, 2, 4, 5, 6, A, 7, 9, 8, 4, 8, D, B, 2, A, E, 5, F, C, 9, 7, 3, 0, 1, 6, 9, 7, 2, 5, 4, 3, 6, F, 8, 0, A, 1, D, E, C, B, C, 1, 6, A, 7, 8, 0, 9, D, 3, E, B, F, 2, 5, 4, A, 5, B, 1, 8, 7, 2, C, 3, D, 0, F, E, 4, 6, 9, 8, 2, 7, 3, 0, 9, 1, E, 4, 5, 6, A, B, C, D, F, D, C, F, 4, 3, 6, 5, B, 1, 9, 7, E, 8, A, 2, 0, 6, E, 0, 9, F, 4, A, D, B, 2, 8, C, 1, 5, 3, 7, 7, 0, 9, 8, 6, E, 3, 2, C, B, 1, D, 4, F, A, 5, 2, 3, E, D, 5, F, 7, 8, A, 6, 4, 9, 0, 1, B, C, 1, 6, 4, F, C, B, 9, A, 0, E, 2, 5, 7, D, 8, 3, B, A, 5, C, D, 1, 4, 0, 7, F, 3, 8, 6, 9, E, 2 )
Visible( 1, 1, 1, 0, 1, 0, 1, 0, 0, 1, 0, 1, 1, 0, 1, 0, 0, 0, 1, 0, 1, 1, 1, 1, 1, 0, 1, 0, 0, 1, 0, 0, 0, 0, 1, 1, 0, 1, 1, 0, 0, 1, 1, 0, 0, 0, 0, 1, 0, 1, 1, 0, 0, 0, 1, 1, 0, 1, 0, 0, 0, 1, 0, 0, 0, 1, 0, 1, 0, 0, 0, 0, 0, 0, 1, 0, 1, 0, 0, 0, 1, 1, 1, 0, 0, 1, 1, 0, 0, 1, 1, 0, 1, 0, 0, 0, 0, 0, 0, 0, 0, 1, 1, 0, 1, 1, 0, 0, 1, 1, 1, 1, 1, 0, 1, 0, 0, 1, 0, 1, 1, 1, 1, 1, 1, 0, 1, 0, 0, 0, 0, 1, 1, 0, 0, 1, 0, 1, 1, 0, 1, 0, 0, 0, 0, 1, 1, 1, 1, 0, 0, 1, 1, 0, 0, 1, 0, 1, 1, 1, 0, 0, 1, 0, 0, 0, 1, 0, 0, 1, 1, 1, 0, 1, 1, 1, 0, 0, 1, 0, 0, 0, 0, 0, 0, 1, 1, 0, 0, 0, 0, 0, 0, 0, 0, 0, 0, 1, 0, 1, 1, 0, 0, 0, 0, 0, 0, 0, 1, 0, 1, 0, 0, 1, 1, 1, 1, 1, 1, 0, 0, 0, 0, 0, 1, 1, 1, 0, 0, 1, 1, 1, 0, 0, 1, 0, 1, 1, 1, 0, 1, 0, 1, 1, 0, 0, 1, 1, 0, 1, 1, 0, 0, 0, 0, 1 )
Hint([15,10]+[1,12]+[9,3] add up to 7)
Hint([9,14]+[15,7]+[2,3] add up to 28)
Hint([8,4]+[10,6] add up to 12)
Hint([12,1]+[15,13] add up to 17)
Hint([12,2]+[6,4] add up to 24)
Hint([0,8]+[5,15] add up to 11)
Hint([4,11]+[8,2]+[7,0] add up to 26)
Hint([2,2]+[4,6] add up to 5)
Hint([0,8]+[12,7] add up to 25)
Hint([12,6]+[14,6] add up to 25)
