Level( 1, 5, 2, 9, 6, 3, 4, 8, 7, 9, 8, 3, 4, 5, 7, 2, 6, 1, 4, 7, 6, 2, 8, 1, 3, 9, 5, 8, 4, 5, 6, 9, 2, 7, 1, 3, 7, 3, 9, 5, 1, 8, 6, 2, 4, 6, 2, 1, 7, 3, 4, 9, 5, 8, 5, 6, 4, 1, 7, 9, 8, 3, 2, 3, 9, 7, 8, 2, 5, 1, 4, 6, 2, 1, 8, 3, 4, 6, 5, 7, 9 )
Visible( 0, 0, 1, 0, 1, 0, 0, 0, 0, 0, 0, 0, 0, 0, 0, 0, 1, 1, 0, 1, 0, 0, 0, 1, 1, 0, 0, 1, 1, 0, 0, 0, 1, 1, 0, 1, 0, 1, 1, 0, 0, 0, 0, 0, 1, 0, 0, 0, 1, 0, 0, 0, 1, 0, 0, 1, 0, 1, 1, 0, 0, 0, 0, 1, 0, 0, 1, 0, 0, 0, 0, 0, 1, 0, 1, 0, 0, 0, 0, 0, 1 )
Hint([7,8]+[1,6]+[5,8] add up to 16)
Hint([7,8]+[8,4]+[1,3] add up to 12)
Hint([5,4]+[6,0] add up to 10)
Hint([7,3]+[0,8] add up to 1)
Hint([5,5]+[4,2] add up to 10)
Hint([0,3]+[2,3] add up to 11)
Hint([2,2]+[3,0]+[3,2] add up to 14)
Hint([1,3]+[3,5]+[1,4] add up to 11)
Hint([6,0]+[8,1] add up to 3)
Hint([8,5]+[5,5]+[2,8] add up to 17)
