Level( 1, 2, 4, 9, 6, 8, 3, 5, 7, 7, 5, 3, 2, 1, 4, 6, 9, 8, 9, 6, 8, 7, 3, 5, 2, 1, 4, 6, 4, 7, 8, 5, 3, 9, 2, 1, 3, 8, 2, 4, 9, 1, 5, 7, 6, 5, 9, 1, 6, 2, 7, 8, 4, 3, 4, 3, 5, 1, 8, 2, 7, 6, 9, 2, 1, 9, 3, 7, 6, 4, 8, 5, 8, 7, 6, 5, 4, 9, 1, 3, 2 )
Visible( 1, 1, 0, 0, 0, 0, 0, 0, 1, 1, 0, 0, 0, 0, 0, 0, 0, 0, 0, 0, 1, 0, 1, 1, 0, 1, 0, 0, 0, 1, 0, 0, 0, 0, 0, 0, 1, 0, 0, 1, 1, 0, 0, 0, 0, 1, 1, 0, 0, 0, 1, 1, 0, 0, 0, 1, 0, 1, 1, 0, 0, 0, 0, 0, 1, 1, 1, 0, 0, 0, 0, 1, 0, 0, 0, 0, 0, 0, 0, 0, 1 )
Hint([8,8]+[1,7]+[5,2] add up to 5)
Hint([6,5]+[7,7]+[2,3] add up to 20)
Hint([5,0]+[5,1] add up to 10)
Hint([7,5]+[0,6] add up to 6)
Hint([7,5]+[5,4] add up to 3)
Hint([0,1]+[1,0] add up to 7)
Hint([2,1]+[3,0] add up to 10)
Hint([5,5]+[0,8] add up to 13)
Hint([2,5]+[0,3]+[7,4] add up to 11)
Hint([7,1]+[7,2] add up to 8)
