Level( 8, 6, 4, 1, 5, 2, 9, 3, 7, 9, 5, 2, 7, 3, 8, 6, 1, 4, 7, 1, 3, 6, 4, 9, 5, 2, 8, 6, 4, 8, 5, 9, 3, 1, 7, 2, 3, 9, 7, 2, 1, 4, 8, 6, 5, 1, 2, 5, 8, 6, 7, 3, 4, 9, 5, 3, 9, 4, 2, 6, 7, 8, 1, 2, 7, 1, 3, 8, 5, 4, 9, 6, 4, 8, 6, 9, 7, 1, 2, 5, 3 )
Visible( 1, 0, 1, 0, 0, 0, 0, 0, 0, 0, 0, 0, 0, 1, 0, 0, 0, 0, 0, 1, 0, 0, 0, 0, 1, 1, 0, 1, 0, 1, 0, 1, 0, 1, 0, 1, 0, 0, 1, 0, 0, 0, 1, 1, 0, 0, 1, 0, 0, 0, 1, 0, 1, 1, 0, 1, 0, 0, 0, 0, 0, 1, 0, 0, 0, 1, 0, 1, 1, 0, 0, 1, 0, 0, 1, 0, 0, 1, 1, 0, 0 )
Hint([8,1]+[8,3]+[4,2] add up to 7)
Hint([6,8]+[8,4]+[1,3] add up to 8)
Hint([6,8]+[7,5] add up to 4)
Hint([6,8]+[1,0] add up to 6)
Hint([5,6]+[5,4] add up to 8)
Hint([0,8]+[4,1] add up to 5)
Hint([1,1]+[3,7]+[5,0] add up to 7)
Hint([1,4]+[3,7] add up to 10)
Hint([7,8]+[8,6] add up to 4)
Hint([8,7]+[0,0] add up to 12)
