Level( 2, 4, 7, 1, 9, 6, 3, 5, 8, 3, 1, 9, 8, 4, 5, 7, 6, 2, 5, 8, 6, 2, 3, 7, 9, 1, 4, 8, 7, 5, 9, 6, 2, 4, 3, 1, 6, 9, 3, 4, 5, 1, 2, 8, 7, 4, 2, 1, 3, 7, 8, 6, 9, 5, 7, 6, 4, 5, 8, 3, 1, 2, 9, 1, 3, 8, 7, 2, 9, 5, 4, 6, 9, 5, 2, 6, 1, 4, 8, 7, 3 )
Visible( 1, 0, 0, 0, 0, 1, 1, 1, 0, 0, 0, 0, 0, 1, 0, 0, 0, 1, 0, 1, 0, 0, 0, 0, 0, 1, 0, 0, 1, 1, 1, 1, 0, 0, 0, 0, 0, 0, 1, 0, 0, 0, 0, 1, 0, 0, 0, 0, 0, 1, 0, 0, 1, 0, 1, 1, 0, 0, 0, 1, 1, 0, 0, 0, 1, 1, 1, 1, 0, 0, 0, 1, 0, 1, 0, 0, 0, 0, 0, 0, 0 )
Hint([6,3]+[0,4]+[4,8] add up to 8)
Hint([7,8]+[8,7]+[2,8] add up to 12)
Hint([6,5]+[6,3] add up to 8)
Hint([6,8]+[1,1] add up to 7)
Hint([5,3]+[4,6] add up to 8)
Hint([0,3]+[2,7] add up to 14)
Hint([2,1]+[3,6]+[5,0] add up to 17)
Hint([8,8]+[4,0] add up to 10)
Hint([1,4]+[7,4]+[0,5] add up to 18)
Hint([0,5]+[5,2]+[1,4] add up to 17)
