Level( 8, 7, 3, 2, 6, 9, 1, 4, 5, 6, 5, 1, 4, 8, 3, 2, 7, 9, 9, 4, 2, 7, 1, 5, 6, 3, 8, 4, 8, 7, 9, 3, 6, 5, 1, 2, 2, 3, 5, 1, 4, 8, 9, 6, 7, 1, 6, 9, 5, 2, 7, 4, 8, 3, 5, 9, 6, 3, 7, 1, 8, 2, 4, 3, 2, 8, 6, 9, 4, 7, 5, 1, 7, 1, 4, 8, 5, 2, 3, 9, 6 )
Visible( 1, 0, 0, 0, 1, 1, 0, 0, 0, 1, 0, 1, 0, 0, 1, 1, 0, 0, 0, 0, 0, 1, 0, 0, 0, 1, 0, 1, 1, 0, 0, 0, 0, 0, 0, 1, 1, 0, 0, 0, 0, 1, 1, 0, 0, 0, 0, 0, 1, 0, 0, 0, 0, 0, 0, 0, 1, 0, 1, 1, 0, 0, 0, 0, 0, 0, 0, 1, 0, 1, 0, 1, 0, 0, 0, 1, 0, 1, 0, 0, 1 )
Hint([6,0]+[8,5]+[4,1] add up to 9)
Hint([6,3]+[7,5]+[1,8] add up to 11)
Hint([4,3]+[6,3] add up to 6)
Hint([6,5]+[0,3] add up to 6)
Hint([6,5]+[5,7] add up to 6)
Hint([0,6]+[3,8] add up to 11)
Hint([2,6]+[4,5]+[5,4] add up to 13)
Hint([8,8]+[4,0]+[8,8] add up to 15)
Hint([6,5]+[0,4] add up to 4)
Hint([8,4]+[4,4]+[2,8] add up to 12)
