Level( 6, 8, 5, 3, 2, 9, 4, 7, 1, 2, 1, 3, 4, 7, 8, 5, 6, 9, 9, 7, 4, 6, 5, 1, 3, 2, 8, 4, 9, 1, 8, 6, 5, 2, 3, 7, 3, 5, 8, 7, 1, 2, 6, 9, 4, 7, 6, 2, 9, 4, 3, 8, 1, 5, 8, 4, 9, 2, 3, 7, 1, 5, 6, 1, 3, 7, 5, 8, 6, 9, 4, 2, 5, 2, 6, 1, 9, 4, 7, 8, 3 )
Visible( 0, 0, 0, 1, 0, 0, 0, 1, 0, 0, 0, 0, 0, 0, 1, 0, 0, 0, 0, 0, 1, 0, 0, 1, 0, 1, 1, 0, 0, 0, 0, 1, 0, 1, 1, 0, 1, 1, 0, 1, 0, 0, 0, 1, 0, 1, 1, 0, 0, 0, 0, 0, 1, 0, 0, 1, 0, 0, 0, 0, 0, 0, 1, 0, 1, 0, 0, 1, 0, 0, 0, 0, 1, 0, 0, 0, 1, 0, 0, 0, 0 )
Hint([7,8]+[1,5]+[4,4] add up to 12)
Hint([7,4]+[7,3]+[1,5] add up to 15)
Hint([6,7]+[7,3] add up to 10)
Hint([6,7]+[1,7] add up to 10)
Hint([5,3]+[4,5] add up to 7)
Hint([8,7]+[3,7] add up to 5)
Hint([1,5]+[4,1]+[3,7] add up to 15)
Hint([0,5]+[3,4]+[1,4] add up to 16)
Hint([6,7]+[1,4] add up to 12)
Hint([8,3]+[4,7]+[2,1] add up to 15)
