Level( 8, 2, 3, 6, 7, 1, 9, 4, 5, 1, 9, 4, 5, 3, 2, 6, 8, 7, 7, 5, 6, 4, 9, 8, 2, 1, 3, 2, 1, 7, 9, 8, 6, 3, 5, 4, 4, 3, 9, 1, 2, 5, 8, 7, 6, 6, 8, 5, 3, 4, 7, 1, 2, 9, 5, 6, 8, 7, 1, 3, 4, 9, 2, 3, 4, 2, 8, 5, 9, 7, 6, 1, 9, 7, 1, 2, 6, 4, 5, 3, 8 )
Visible( 0, 0, 1, 0, 1, 0, 0, 0, 1, 0, 0, 0, 0, 0, 1, 0, 1, 0, 1, 1, 0, 0, 0, 0, 0, 0, 0, 0, 1, 0, 1, 0, 0, 0, 1, 0, 0, 0, 0, 0, 0, 0, 0, 0, 1, 0, 1, 1, 0, 0, 1, 0, 1, 0, 0, 0, 0, 0, 0, 0, 1, 1, 0, 1, 1, 0, 1, 0, 1, 0, 1, 0, 0, 0, 1, 1, 0, 0, 0, 0, 0 )
Hint([7,4]+[0,2]+[4,1] add up to 14)
Hint([7,5]+[8,4]+[1,0] add up to 7)
Hint([4,8]+[7,2] add up to 5)
Hint([5,6]+[1,3] add up to 2)
Hint([6,5]+[4,6] add up to 0)
Hint([1,2]+[2,1] add up to 7)
Hint([1,4]+[4,4]+[4,4] add up to 4)
Hint([0,8]+[4,7]+[2,4] add up to 20)
Hint([8,6]+[0,5] add up to 6)
Hint([8,4]+[4,1]+[1,7] add up to 10)
