Level( 5, 2, 7, 6, 9, 4, 8, 1, 3, 1, 4, 9, 3, 8, 7, 5, 2, 6, 3, 8, 6, 1, 2, 5, 9, 7, 4, 8, 5, 3, 4, 7, 9, 1, 6, 2, 6, 7, 2, 5, 1, 3, 4, 8, 9, 4, 9, 1, 2, 6, 8, 3, 5, 7, 9, 1, 4, 7, 5, 2, 6, 3, 8, 7, 6, 8, 9, 3, 1, 2, 4, 5, 2, 3, 5, 8, 4, 6, 7, 9, 1 )
Visible( 0, 1, 0, 1, 0, 0, 0, 0, 0, 0, 0, 0, 0, 0, 1, 0, 1, 0, 1, 0, 1, 0, 0, 1, 1, 1, 0, 0, 1, 1, 0, 0, 0, 0, 0, 0, 0, 0, 0, 1, 1, 0, 0, 1, 0, 1, 0, 0, 0, 0, 1, 0, 0, 1, 0, 1, 1, 0, 0, 0, 1, 0, 0, 1, 0, 0, 0, 0, 0, 0, 0, 0, 0, 0, 0, 1, 0, 0, 0, 1, 1 )
Hint([6,2]+[8,2]+[4,7] add up to 13)
Hint([6,7]+[8,0]+[0,0] add up to 7)
Hint([4,6]+[7,5] add up to 8)
Hint([6,0]+[8,7] add up to 11)
Hint([5,5]+[5,1] add up to 13)
Hint([8,7]+[3,3] add up to 7)
Hint([1,3]+[3,0]+[3,6] add up to 15)
Hint([8,1]+[2,1]+[0,0] add up to 17)
Hint([6,1]+[8,7]+[8,2] add up to 11)
Hint([5,1]+[1,5]+[6,1] add up to 18)
