Level( 9, 1, 6, 2, 7, 8, 5, 3, 4, 2, 3, 8, 5, 4, 6, 1, 7, 9, 7, 5, 4, 1, 3, 9, 8, 6, 2, 3, 8, 7, 9, 1, 5, 2, 4, 6, 4, 9, 1, 3, 6, 2, 7, 8, 5, 5, 6, 2, 7, 8, 4, 9, 1, 3, 8, 4, 5, 6, 2, 1, 3, 9, 7, 1, 2, 3, 4, 9, 7, 6, 5, 8, 6, 7, 9, 8, 5, 3, 4, 2, 1 )
Visible( 0, 0, 1, 0, 0, 0, 0, 0, 0, 1, 0, 1, 0, 0, 1, 1, 1, 0, 0, 0, 1, 0, 1, 0, 0, 0, 1, 0, 0, 0, 1, 0, 0, 0, 1, 0, 0, 1, 0, 0, 0, 1, 0, 1, 0, 0, 0, 1, 1, 0, 0, 1, 0, 0, 0, 0, 0, 1, 0, 0, 0, 0, 0, 1, 0, 0, 0, 0, 1, 1, 1, 0, 0, 1, 1, 0, 0, 0, 1, 0, 0 )
Hint([6,4]+[0,5]+[4,8] add up to 14)
Hint([6,1]+[6,0]+[0,1] add up to 5)
Hint([5,6]+[7,0] add up to 2)
Hint([6,2]+[8,6] add up to 13)
Hint([6,7]+[5,6] add up to 5)
Hint([0,8]+[3,3] add up to 13)
Hint([0,1]+[3,1]+[4,2] add up to 7)
Hint([1,0]+[2,5]+[1,4] add up to 9)
Hint([8,4]+[0,2] add up to 10)
Hint([7,0]+[3,7]+[2,0] add up to 10)
