Level( 5, 3, 8, 4, 7, 1, 6, 2, 9, 4, 1, 2, 9, 6, 3, 5, 7, 8, 6, 9, 7, 8, 5, 2, 3, 4, 1, 2, 5, 9, 1, 8, 7, 4, 6, 3, 7, 4, 1, 2, 3, 6, 9, 8, 5, 3, 8, 6, 5, 9, 4, 2, 1, 7, 8, 6, 3, 7, 2, 9, 1, 5, 4, 1, 2, 5, 3, 4, 8, 7, 9, 6, 9, 7, 4, 6, 1, 5, 8, 3, 2 )
Visible( 0, 1, 0, 0, 1, 0, 0, 1, 0, 0, 0, 0, 1, 1, 0, 0, 1, 0, 1, 0, 0, 0, 0, 0, 1, 0, 0, 1, 0, 0, 0, 0, 0, 0, 1, 0, 0, 0, 0, 0, 0, 0, 0, 1, 1, 0, 0, 0, 1, 1, 1, 0, 0, 1, 0, 0, 1, 1, 0, 0, 0, 0, 0, 0, 0, 1, 0, 1, 0, 0, 1, 0, 0, 1, 1, 0, 0, 1, 0, 0, 0 )
Hint([8,0]+[8,2]+[3,1] add up to 16)
Hint([5,6]+[8,5]+[1,4] add up to 17)
Hint([4,0]+[5,8] add up to 10)
Hint([7,0]+[8,6] add up to 4)
Hint([7,8]+[5,7] add up to 9)
Hint([8,3]+[2,5] add up to 7)
Hint([1,3]+[3,1]+[3,7] add up to 14)
Hint([1,6]+[3,0]+[8,0] add up to 16)
Hint([8,3]+[0,1]+[6,1] add up to 9)
Hint([3,8]+[2,1]+[5,1] add up to 8)
