Level( 2, 9, 7, 3, 4, 5, 8, 6, 1, 4, 1, 6, 7, 8, 2, 3, 9, 5, 8, 5, 3, 9, 6, 1, 7, 4, 2, 9, 3, 5, 1, 2, 7, 4, 8, 6, 6, 2, 1, 8, 3, 4, 5, 7, 9, 7, 8, 4, 5, 9, 6, 2, 1, 3, 3, 7, 2, 6, 1, 8, 9, 5, 4, 5, 6, 9, 4, 7, 3, 1, 2, 8, 1, 4, 8, 2, 5, 9, 6, 3, 7 )
Visible( 1, 0, 0, 1, 1, 0, 1, 0, 1, 0, 0, 0, 0, 0, 1, 0, 0, 0, 0, 0, 1, 1, 0, 1, 1, 0, 1, 1, 0, 0, 0, 1, 0, 0, 0, 0, 0, 1, 1, 0, 0, 1, 0, 1, 0, 0, 0, 0, 0, 1, 0, 0, 1, 0, 0, 1, 0, 1, 0, 0, 0, 1, 1, 0, 1, 0, 0, 0, 0, 0, 0, 0, 0, 1, 0, 0, 0, 0, 0, 1, 0 )
Hint([6,4]+[0,2]+[4,4] add up to 13)
Hint([6,4]+[7,6]+[2,5] add up to 11)
Hint([5,2]+[5,8] add up to 8)
Hint([6,3]+[0,5] add up to 9)
Hint([5,7]+[5,2] add up to 2)
Hint([8,6]+[3,7] add up to 6)
Hint([1,2]+[3,8]+[6,6] add up to 13)
Hint([1,8]+[4,2]+[0,8] add up to 8)
Hint([7,2]+[8,3] add up to 8)
Hint([0,4]+[4,5]+[2,6] add up to 14)
