Level( 6, 9, 3, 1, 4, 2, 5, 8, 7, 8, 2, 1, 3, 7, 5, 4, 9, 6, 7, 5, 4, 9, 6, 8, 3, 1, 2, 4, 8, 9, 2, 3, 7, 1, 6, 5, 2, 1, 6, 8, 5, 9, 7, 3, 4, 3, 7, 5, 4, 1, 6, 9, 2, 8, 1, 4, 8, 5, 2, 3, 6, 7, 9, 9, 3, 7, 6, 8, 4, 2, 5, 1, 5, 6, 2, 7, 9, 1, 8, 4, 3 )
Visible( 0, 0, 0, 0, 0, 1, 1, 0, 0, 1, 0, 1, 0, 0, 0, 1, 0, 0, 0, 1, 0, 0, 1, 0, 0, 1, 0, 1, 0, 1, 1, 0, 0, 0, 1, 0, 0, 0, 0, 1, 1, 0, 0, 0, 1, 1, 0, 0, 1, 0, 0, 0, 0, 0, 0, 0, 0, 0, 0, 1, 0, 0, 1, 0, 0, 0, 0, 0, 0, 1, 0, 0, 0, 1, 1, 0, 1, 0, 0, 0, 1 )
Hint([7,4]+[0,5]+[5,3] add up to 10)
Hint([5,1]+[6,4]+[1,8] add up to 15)
Hint([6,2]+[5,3] add up to 8)
Hint([7,1]+[8,4] add up to 11)
Hint([5,4]+[4,2] add up to 13)
Hint([0,7]+[3,7] add up to 13)
Hint([2,6]+[4,0]+[3,6] add up to 14)
Hint([1,1]+[2,5]+[1,4] add up to 5)
Hint([8,0]+[8,7] add up to 6)
Hint([0,4]+[4,7]+[2,4] add up to 13)
