Level( 3, 2, 9, 5, 8, 6, 7, 1, 4, 4, 7, 6, 1, 3, 9, 8, 2, 5, 1, 5, 8, 7, 2, 4, 3, 9, 6, 2, 1, 7, 8, 4, 3, 6, 5, 9, 8, 6, 3, 9, 5, 1, 4, 7, 2, 5, 9, 4, 2, 6, 7, 1, 8, 3, 6, 8, 5, 4, 7, 2, 9, 3, 1, 7, 3, 1, 6, 9, 5, 2, 4, 8, 9, 4, 2, 3, 1, 8, 5, 6, 7 )
Visible( 0, 0, 0, 1, 1, 1, 0, 0, 0, 1, 0, 0, 0, 0, 1, 0, 1, 0, 1, 0, 0, 0, 0, 0, 0, 0, 0, 1, 0, 1, 0, 0, 0, 0, 0, 1, 0, 0, 0, 1, 0, 0, 1, 0, 0, 0, 0, 1, 0, 0, 1, 0, 0, 0, 0, 1, 1, 0, 1, 0, 0, 1, 0, 0, 1, 0, 0, 0, 0, 1, 0, 0, 0, 0, 0, 1, 0, 1, 1, 1, 0 )
Hint([8,7]+[1,4]+[4,3] add up to 15)
Hint([6,2]+[7,7]+[2,0] add up to 13)
Hint([5,1]+[5,0] add up to 13)
Hint([6,4]+[0,0] add up to 5)
Hint([6,4]+[4,5] add up to 8)
Hint([0,5]+[3,2] add up to 10)
Hint([2,8]+[5,8]+[5,6] add up to 9)
Hint([1,3]+[3,5]+[1,1] add up to 7)
Hint([6,3]+[0,1]+[7,7] add up to 11)
Hint([3,2]+[1,0] add up to 7)
