Level( 9, 1, 6, 8, 2, 4, 5, 7, 3, 7, 4, 3, 6, 1, 5, 9, 2, 8, 2, 5, 8, 3, 7, 9, 1, 4, 6, 6, 2, 9, 1, 8, 7, 3, 5, 4, 3, 8, 4, 5, 6, 2, 7, 1, 9, 5, 7, 1, 4, 9, 3, 6, 8, 2, 4, 6, 2, 7, 3, 1, 8, 9, 5, 1, 3, 5, 9, 4, 8, 2, 6, 7, 8, 9, 7, 2, 5, 6, 4, 3, 1 )
Visible( 1, 0, 0, 1, 0, 0, 0, 0, 0, 0, 0, 0, 1, 0, 0, 1, 0, 1, 0, 0, 0, 0, 1, 0, 1, 0, 0, 0, 1, 0, 0, 1, 0, 0, 0, 1, 0, 1, 0, 1, 1, 0, 0, 0, 0, 1, 0, 0, 1, 0, 1, 0, 0, 1, 1, 0, 0, 0, 0, 1, 0, 0, 1, 1, 0, 0, 0, 0, 0, 0, 0, 0, 1, 0, 0, 1, 0, 0, 0, 1, 0 )
Hint([6,5]+[0,0]+[3,3] add up to 13)
Hint([5,4]+[7,0]+[0,2] add up to 8)
Hint([5,6]+[7,4] add up to 0)
Hint([7,8]+[1,4] add up to 9)
Hint([7,3]+[4,7] add up to 7)
Hint([0,8]+[3,8] add up to 8)
Hint([2,8]+[5,4]+[4,4] add up to 12)
Hint([0,5]+[3,3]+[0,2] add up to 5)
Hint([7,8]+[1,4]+[7,6] add up to 17)
Hint([4,3]+[1,3] add up to 8)
