Level( 4, 2, 7, 5, 9, 1, 6, 3, 8, 1, 3, 5, 2, 6, 8, 4, 7, 9, 8, 6, 9, 7, 4, 3, 5, 1, 2, 7, 8, 2, 9, 1, 5, 3, 6, 4, 9, 1, 6, 3, 2, 4, 8, 5, 7, 5, 4, 3, 6, 8, 7, 9, 2, 1, 3, 7, 8, 4, 5, 2, 1, 9, 6, 2, 9, 1, 8, 3, 6, 7, 4, 5, 6, 5, 4, 1, 7, 9, 2, 8, 3 )
Visible( 1, 0, 0, 1, 0, 0, 0, 0, 1, 0, 0, 0, 0, 0, 0, 0, 0, 0, 0, 0, 0, 1, 1, 1, 1, 0, 0, 0, 0, 0, 1, 0, 0, 0, 1, 1, 1, 1, 0, 0, 0, 0, 0, 1, 0, 1, 1, 0, 1, 0, 0, 0, 1, 0, 0, 1, 1, 0, 0, 0, 0, 0, 1, 0, 0, 1, 1, 1, 0, 1, 0, 0, 0, 0, 0, 0, 0, 0, 0, 0, 0 )
Hint([8,0]+[8,0]+[3,2] add up to 20)
Hint([6,3]+[7,8]+[2,7] add up to 9)
Hint([5,5]+[6,7] add up to 12)
Hint([7,6]+[1,1] add up to 10)
Hint([7,0]+[3,6] add up to 5)
Hint([0,6]+[3,3] add up to 10)
Hint([1,1]+[3,8]+[5,1] add up to 9)
Hint([0,7]+[4,2]+[0,6] add up to 6)
Hint([7,1]+[8,8] add up to 8)
Hint([0,8]+[5,5] add up to 11)
