Level( 2, 7, 6, 9, 8, 5, 1, 3, 4, 3, 8, 1, 2, 7, 4, 9, 6, 5, 5, 4, 9, 6, 1, 3, 2, 7, 8, 4, 1, 2, 3, 5, 8, 7, 9, 6, 7, 9, 8, 1, 6, 2, 4, 5, 3, 6, 3, 5, 4, 9, 7, 8, 2, 1, 9, 2, 4, 8, 3, 6, 5, 1, 7, 8, 6, 7, 5, 2, 1, 3, 4, 9, 1, 5, 3, 7, 4, 9, 6, 8, 2 )
Visible( 0, 0, 0, 1, 0, 0, 0, 0, 1, 0, 1, 0, 0, 0, 0, 0, 0, 0, 1, 0, 1, 0, 1, 0, 0, 0, 1, 0, 0, 1, 0, 0, 1, 1, 0, 0, 0, 1, 0, 0, 0, 0, 0, 1, 0, 0, 1, 0, 1, 0, 0, 1, 0, 0, 0, 0, 1, 0, 1, 0, 1, 0, 0, 0, 0, 1, 0, 1, 1, 0, 0, 0, 0, 0, 1, 0, 0, 1, 0, 0, 1 )
Hint([8,6]+[0,4]+[4,1] add up to 18)
Hint([6,0]+[6,8]+[2,3] add up to 6)
Hint([5,2]+[5,5] add up to 8)
Hint([5,2]+[8,4] add up to 4)
Hint([5,4]+[4,6] add up to 3)
Hint([0,2]+[2,3] add up to 5)
Hint([2,2]+[3,2]+[4,7] add up to 14)
Hint([8,1]+[2,1]+[0,4] add up to 10)
Hint([7,5]+[0,8] add up to 1)
Hint([0,3]+[4,3]+[1,0] add up to 13)
