Level( C, B, 5, F, 6, 1, D, E, 7, A, 9, 2, 0, 8, 4, 3, 2, 7, 0, A, 3, F, 8, 9, D, 6, 4, 1, C, E, 5, B, 6, 9, D, 8, A, 4, B, 5, C, E, 3, 0, 7, 2, F, 1, 4, 3, E, 1, C, 0, 7, 2, 8, 5, F, B, A, 9, D, 6, 5, 8, F, 3, 9, 6, 0, D, E, B, A, 7, 4, 1, C, 2, D, 2, 6, C, 8, E, 3, F, 4, 0, 1, 5, B, 7, A, 9, B, E, A, 7, 1, C, 2, 4, 6, 8, D, 9, F, 5, 3, 0, 0, 4, 1, 9, 5, 7, A, B, 2, 3, C, F, 6, D, E, 8, 3, C, 8, 4, 0, A, F, 7, 1, 9, 6, D, E, B, 2, 5, F, A, 7, 2, D, 5, 9, 8, B, 4, E, 3, 1, 0, 6, C, 1, 5, 9, 6, 2, B, E, C, 0, F, 8, A, 3, 4, 7, D, E, D, B, 0, 4, 3, 1, 6, 5, 2, 7, C, 9, F, 8, A, A, 0, 4, D, F, 9, 6, 1, 3, 7, 5, 8, 2, C, B, E, 7, 6, C, E, B, 8, 5, 0, A, 1, 2, 4, D, 3, 9, F, 9, 1, 3, 5, 7, 2, C, A, F, D, B, E, 8, 6, 0, 4, 8, F, 2, B, E, D, 4, 3, 9, C, 0, 6, 5, A, 1, 7 )
Visible( 1, 0, 0, 1, 1, 1, 0, 1, 0, 0, 0, 1, 0, 0, 1, 0, 0, 1, 1, 0, 0, 0, 0, 0, 0, 1, 1, 1, 1, 1, 0, 1, 1, 1, 0, 1, 1, 1, 0, 0, 0, 1, 1, 0, 1, 0, 1, 0, 1, 0, 0, 1, 1, 1, 0, 0, 1, 0, 1, 1, 0, 0, 0, 1, 1, 0, 0, 0, 1, 1, 1, 1, 0, 1, 1, 0, 0, 0, 0, 1, 0, 0, 1, 0, 1, 0, 0, 0, 0, 0, 0, 1, 0, 0, 1, 0, 0, 1, 0, 0, 1, 1, 0, 0, 1, 0, 0, 1, 0, 1, 0, 1, 0, 1, 1, 0, 1, 0, 1, 0, 0, 1, 0, 1, 1, 1, 0, 0, 1, 0, 0, 1, 1, 0, 0, 0, 0, 1, 0, 1, 0, 1, 0, 0, 0, 1, 1, 0, 0, 0, 1, 1, 0, 0, 1, 0, 1, 0, 1, 0, 0, 1, 1, 0, 1, 1, 1, 0, 1, 0, 1, 1, 1, 0, 0, 1, 0, 0, 1, 1, 1, 1, 0, 1, 0, 0, 0, 0, 1, 0, 0, 0, 0, 1, 0, 0, 0, 1, 0, 0, 0, 0, 1, 1, 1, 0, 0, 1, 1, 1, 1, 1, 1, 1, 1, 1, 0, 1, 1, 1, 0, 1, 1, 1, 1, 0, 0, 0, 0, 1, 0, 0, 0, 1, 0, 0, 1, 1, 0, 1, 1, 1, 1, 1, 0, 1, 0, 1, 0, 0, 0, 0, 0, 0, 0, 1 )
Hint([12,5]+[15,4]+[7,7] add up to 24)
Hint([10,10]+[14,8]+[2,10] add up to 19)
Hint([10,10]+[12,8] add up to 22)
Hint([12,5]+[0,14] add up to 20)
Hint([9,10]+[9,4] add up to 26)
Hint([0,1]+[3,0] add up to 17)
Hint([3,6]+[7,6] add up to 11)
Hint([11,7]+[1,10]+[6,11] add up to 21)
Hint([15,1]+[10,0] add up to 20)
Hint([13,6]+[14,10]+[9,11] add up to 14)
