Level( C, E, 1, 6, 7, 0, A, 9, 8, 2, F, B, 3, 4, 5, D, 7, 0, 3, 9, 2, D, C, B, 4, A, 6, 5, 8, E, F, 1, 2, 8, D, 5, E, 4, F, 1, 7, 0, C, 3, A, 9, 6, B, B, A, 4, F, 5, 8, 6, 3, 9, D, 1, E, 7, C, 2, 0, 5, F, C, 8, 4, 3, 9, A, 1, B, E, D, 6, 2, 0, 7, 6, 7, 0, B, F, 1, 2, 8, A, 4, 5, 9, E, D, C, 3, 1, 4, E, A, B, 7, D, 0, 3, C, 2, 6, 5, 8, 9, F, D, 3, 9, 2, C, 6, 5, E, 0, 8, 7, F, 1, B, A, 4, 4, 1, B, E, A, 5, 7, F, C, 9, D, 2, 0, 6, 3, 8, 0, 5, F, D, 8, C, 3, 2, B, 6, A, 4, 9, 1, 7, E, 8, 6, A, 7, 1, 9, 4, D, 5, E, 3, 0, C, F, B, 2, 3, 9, 2, C, 0, E, B, 6, F, 7, 8, 1, 4, A, D, 5, 9, B, 5, 1, 3, 2, E, C, 6, F, 0, 8, D, 7, 4, A, F, 2, 8, 0, 6, A, 1, 4, D, 5, 9, 7, B, 3, E, C, A, D, 7, 4, 9, F, 8, 5, E, 3, B, C, 2, 0, 1, 6, E, C, 6, 3, D, B, 0, 7, 2, 1, 4, A, F, 5, 8, 9 )
Visible( 1, 0, 0, 1, 1, 0, 1, 0, 1, 0, 1, 0, 0, 1, 1, 0, 1, 0, 1, 0, 0, 0, 0, 1, 1, 0, 1, 1, 0, 1, 1, 1, 1, 1, 0, 1, 0, 1, 1, 1, 1, 1, 0, 0, 1, 0, 1, 1, 1, 1, 0, 0, 0, 0, 0, 1, 1, 0, 1, 1, 1, 1, 1, 0, 0, 0, 0, 1, 0, 0, 0, 1, 0, 0, 0, 0, 0, 1, 1, 0, 0, 1, 0, 1, 0, 0, 0, 1, 1, 0, 1, 0, 0, 0, 1, 1, 0, 0, 0, 0, 0, 0, 0, 1, 0, 0, 0, 0, 1, 0, 0, 0, 1, 1, 0, 1, 1, 1, 0, 1, 1, 1, 0, 0, 1, 0, 0, 1, 0, 1, 0, 0, 1, 0, 1, 1, 1, 1, 1, 0, 0, 0, 1, 0, 1, 1, 1, 0, 0, 0, 0, 1, 0, 0, 0, 1, 0, 0, 1, 1, 0, 1, 1, 1, 1, 1, 1, 0, 1, 1, 1, 0, 0, 1, 1, 0, 0, 0, 0, 0, 0, 1, 1, 1, 0, 0, 1, 0, 1, 0, 1, 0, 1, 0, 1, 1, 1, 0, 1, 1, 0, 0, 0, 0, 1, 0, 1, 1, 1, 1, 0, 0, 0, 0, 0, 0, 1, 0, 0, 0, 0, 0, 1, 1, 0, 1, 1, 1, 0, 0, 1, 0, 0, 0, 1, 1, 0, 1, 1, 0, 1, 1, 0, 1, 0, 0, 1, 0, 0, 1, 1, 1, 0, 0, 0, 1 )
Hint([14,12]+[1,10]+[9,8] add up to 19)
Hint([10,5]+[12,8]+[3,3] add up to 20)
Hint([11,14]+[13,15] add up to 17)
Hint([13,14]+[2,4] add up to 12)
Hint([13,13]+[10,3] add up to 4)
Hint([15,4]+[4,14] add up to 16)
Hint([1,14]+[9,11]+[9,2] add up to 20)
Hint([2,5]+[5,7]+[1,14] add up to 19)
Hint([13,14]+[2,3] add up to 4)
Hint([13,2]+[7,13]+[5,6] add up to 20)
