Level( 6, 3, 4, 1, 2, 8, 9, 5, 7, 5, 9, 1, 3, 7, 4, 2, 6, 8, 7, 8, 2, 6, 9, 5, 4, 3, 1, 8, 2, 3, 5, 4, 7, 6, 1, 9, 9, 1, 5, 8, 6, 3, 7, 2, 4, 4, 7, 6, 9, 1, 2, 5, 8, 3, 2, 4, 8, 7, 5, 1, 3, 9, 6, 1, 6, 7, 2, 3, 9, 8, 4, 5, 3, 5, 9, 4, 8, 6, 1, 7, 2 )
Visible( 0, 0, 0, 0, 0, 1, 0, 0, 0, 1, 1, 0, 1, 0, 0, 0, 0, 1, 0, 0, 0, 0, 0, 0, 1, 1, 1, 1, 0, 0, 0, 0, 1, 1, 0, 0, 0, 1, 0, 0, 0, 0, 0, 0, 1, 0, 0, 1, 0, 1, 0, 0, 0, 1, 0, 1, 1, 0, 1, 0, 0, 0, 0, 0, 0, 1, 0, 1, 1, 0, 0, 0, 0, 0, 0, 0, 0, 0, 0, 1, 1 )
Hint([6,5]+[0,0]+[3,3] add up to 13)
Hint([5,4]+[7,0]+[0,2] add up to 12)
Hint([5,6]+[7,4] add up to 1)
Hint([7,8]+[1,4] add up to 6)
Hint([7,3]+[4,7] add up to 2)
Hint([0,8]+[3,8] add up to 5)
Hint([2,8]+[5,4]+[4,4] add up to 15)
Hint([0,5]+[3,3]+[0,2] add up to 13)
Hint([7,8]+[1,4]+[7,6] add up to 14)
Hint([4,3]+[1,3] add up to 4)
