Level( 6, 3, E, A, D, 0, 8, F, 4, 5, 1, 7, B, 2, C, 9, F, 0, 8, C, 5, A, 1, B, 9, D, E, 2, 4, 7, 3, 6, 5, 2, 7, B, 6, 4, 9, 3, F, C, 8, 0, 1, E, A, D, D, 1, 4, 9, E, 2, 7, C, B, 6, A, 3, F, 0, 8, 5, 4, D, 5, 1, F, 8, 2, 6, 3, B, 0, 9, E, C, 7, A, 9, E, 3, 8, 7, D, 0, 4, A, 1, C, 6, 5, B, 2, F, B, A, 0, 6, 9, E, C, 5, 7, 2, 4, F, D, 8, 1, 3, 7, C, F, 2, A, 3, B, 1, 5, E, D, 8, 0, 9, 6, 4, C, 9, B, E, 1, F, 4, D, 0, 8, 3, A, 2, 6, 5, 7, 8, 5, A, F, 2, C, 3, E, 6, 7, B, D, 9, 1, 4, 0, 2, 7, 6, 0, 8, B, A, 9, 1, 4, 5, E, 3, D, F, C, 3, 4, 1, D, 0, 6, 5, 7, 2, F, 9, C, 8, A, E, B, A, F, D, 4, 3, 7, E, 0, C, 9, 2, 1, 6, 5, B, 8, E, 6, 9, 7, C, 5, D, 2, 8, 3, F, B, A, 4, 0, 1, 1, 8, C, 5, B, 9, F, A, E, 0, 6, 4, 7, 3, D, 2, 0, B, 2, 3, 4, 1, 6, 8, D, A, 7, 5, C, F, 9, E )
Visible( 1, 1, 1, 0, 0, 0, 1, 0, 0, 0, 1, 0, 1, 0, 0, 0, 0, 1, 1, 0, 0, 0, 0, 1, 0, 1, 0, 1, 0, 0, 0, 0, 0, 0, 0, 1, 1, 0, 0, 1, 1, 1, 1, 0, 0, 1, 0, 0, 0, 1, 1, 1, 0, 1, 0, 1, 1, 1, 1, 1, 0, 0, 1, 1, 0, 0, 1, 1, 0, 1, 1, 1, 1, 0, 0, 0, 0, 1, 0, 0, 0, 0, 1, 0, 1, 1, 1, 1, 0, 1, 0, 0, 0, 0, 0, 0, 1, 0, 0, 0, 1, 0, 0, 1, 0, 0, 0, 1, 1, 0, 1, 0, 0, 0, 0, 0, 1, 0, 0, 0, 0, 1, 0, 1, 1, 0, 1, 1, 0, 0, 0, 0, 1, 0, 0, 1, 1, 0, 1, 0, 0, 1, 1, 1, 1, 1, 1, 1, 0, 1, 0, 1, 0, 0, 1, 0, 1, 1, 0, 0, 1, 1, 0, 1, 0, 0, 1, 1, 0, 1, 0, 0, 0, 1, 1, 0, 0, 0, 0, 0, 0, 0, 0, 0, 0, 0, 0, 0, 0, 0, 0, 0, 1, 1, 1, 1, 0, 0, 1, 1, 1, 1, 1, 1, 1, 0, 0, 0, 1, 0, 0, 0, 1, 0, 1, 0, 0, 0, 1, 0, 1, 1, 0, 0, 0, 0, 1, 1, 0, 0, 1, 1, 0, 0, 0, 1, 1, 0, 0, 0, 1, 1, 1, 0, 1, 0, 0, 1, 1, 0, 1, 0, 1, 1, 0, 1 )
Hint([12,9]+[0,4]+[7,13] add up to 15)
Hint([9,0]+[11,3]+[1,6] add up to 18)
Hint([8,15]+[13,2] add up to 27)
Hint([11,14]+[2,0] add up to 18)
Hint([9,10]+[9,12] add up to 13)
Hint([1,13]+[6,13] add up to 19)
Hint([2,9]+[7,4]+[7,3] add up to 28)
Hint([14,9]+[6,0]+[15,0] add up to 21)
Hint([14,13]+[2,10]+[14,9] add up to 10)
Hint([10,15]+[5,0]+[8,2] add up to 22)
