Level( 1, 8, 6, 7, 9, 2, 3, 4, 5, 2, 5, 7, 4, 8, 3, 6, 9, 1, 3, 4, 9, 5, 1, 6, 7, 8, 2, 6, 9, 3, 2, 7, 8, 5, 1, 4, 8, 1, 2, 3, 5, 4, 9, 6, 7, 5, 7, 4, 9, 6, 1, 8, 2, 3, 7, 6, 8, 1, 4, 5, 2, 3, 9, 9, 2, 1, 8, 3, 7, 4, 5, 6, 4, 3, 5, 6, 2, 9, 1, 7, 8 )
Visible( 0, 1, 0, 0, 0, 0, 1, 0, 0, 1, 0, 0, 0, 0, 0, 0, 1, 0, 0, 0, 0, 1, 1, 0, 0, 0, 0, 0, 0, 1, 1, 0, 0, 0, 0, 0, 0, 0, 1, 0, 0, 1, 0, 0, 0, 1, 0, 1, 1, 1, 1, 0, 0, 0, 0, 0, 0, 0, 1, 0, 1, 1, 0, 0, 0, 0, 1, 0, 1, 1, 0, 1, 1, 0, 1, 0, 1, 0, 0, 0, 0 )
Hint([6,2]+[8,2]+[4,7] add up to 9)
Hint([6,7]+[8,0]+[0,0] add up to 7)
Hint([4,6]+[7,5] add up to 4)
Hint([6,0]+[8,7] add up to 7)
Hint([5,5]+[5,1] add up to 2)
Hint([8,7]+[3,3] add up to 6)
Hint([1,3]+[3,0]+[3,6] add up to 14)
Hint([8,1]+[2,1]+[0,0] add up to 6)
Hint([6,1]+[8,7]+[8,2] add up to 11)
Hint([5,1]+[1,5]+[6,1] add up to 13)
