Level( 1, 5, 7, 2, 4, 8, 9, 6, 3, 3, 6, 8, 9, 1, 5, 2, 7, 4, 2, 4, 9, 7, 3, 6, 5, 1, 8, 9, 8, 6, 3, 5, 7, 4, 2, 1, 4, 2, 1, 8, 6, 9, 3, 5, 7, 7, 3, 5, 4, 2, 1, 8, 9, 6, 5, 9, 4, 6, 7, 3, 1, 8, 2, 6, 1, 3, 5, 8, 2, 7, 4, 9, 8, 7, 2, 1, 9, 4, 6, 3, 5 )
Visible( 0, 0, 0, 0, 0, 0, 0, 0, 1, 0, 1, 1, 0, 0, 0, 1, 0, 0, 0, 0, 1, 0, 1, 0, 0, 1, 0, 0, 0, 1, 0, 0, 0, 0, 0, 0, 1, 0, 0, 1, 0, 0, 0, 0, 0, 1, 0, 1, 1, 1, 0, 1, 1, 0, 0, 1, 1, 1, 0, 1, 0, 1, 0, 0, 0, 0, 0, 0, 0, 0, 0, 0, 0, 0, 1, 1, 0, 0, 1, 0, 0 )
Hint([8,2]+[8,4]+[4,1] add up to 13)
Hint([6,7]+[8,3]+[1,0] add up to 10)
Hint([4,1]+[5,3] add up to 6)
Hint([6,6]+[0,3] add up to 8)
Hint([6,0]+[3,3] add up to 10)
Hint([0,8]+[4,2] add up to 9)
Hint([1,2]+[3,0]+[3,6] add up to 9)
Hint([8,7]+[4,4]+[1,2] add up to 16)
Hint([8,2]+[8,8]+[8,5] add up to 16)
Hint([4,3]+[1,8]+[6,3] add up to 13)
