Level( 4, 8, 3, 5, 7, 2, 9, 6, 1, 7, 5, 6, 9, 3, 1, 2, 4, 8, 9, 2, 1, 6, 8, 4, 5, 7, 3, 8, 9, 4, 7, 2, 3, 6, 1, 5, 3, 1, 2, 4, 6, 5, 7, 8, 9, 5, 6, 7, 8, 1, 9, 3, 2, 4, 6, 4, 9, 2, 5, 8, 1, 3, 7, 1, 7, 5, 3, 4, 6, 8, 9, 2, 2, 3, 8, 1, 9, 7, 4, 5, 6 )
Visible( 0, 0, 0, 0, 0, 1, 1, 1, 1, 0, 0, 1, 0, 0, 0, 0, 0, 1, 0, 1, 0, 0, 0, 1, 0, 0, 0, 0, 0, 0, 0, 1, 0, 0, 0, 0, 1, 0, 0, 0, 0, 0, 1, 0, 0, 0, 0, 0, 1, 1, 0, 1, 0, 0, 1, 1, 0, 0, 0, 0, 0, 0, 1, 0, 1, 1, 0, 0, 0, 0, 0, 0, 0, 0, 1, 1, 1, 0, 0, 0, 0 )
Hint([8,6]+[0,5]+[4,3] add up to 11)
Hint([6,8]+[8,1]+[0,1] add up to 16)
Hint([4,5]+[6,6] add up to 0)
Hint([5,6]+[0,4] add up to 9)
Hint([5,4]+[4,0] add up to 10)
Hint([8,7]+[3,5] add up to 8)
Hint([1,2]+[3,8]+[5,6] add up to 8)
Hint([0,6]+[3,7]+[1,2] add up to 8)
Hint([8,6]+[1,3]+[7,7] add up to 22)
Hint([5,8]+[3,6] add up to 7)
