Level( 4, 2, 9, 6, 7, 5, 1, 3, 8, 7, 1, 8, 9, 3, 2, 4, 6, 5, 5, 6, 3, 4, 8, 1, 2, 9, 7, 6, 3, 7, 2, 1, 4, 5, 8, 9, 1, 9, 5, 7, 6, 8, 3, 2, 4, 2, 8, 4, 5, 9, 3, 7, 1, 6, 9, 4, 6, 3, 2, 7, 8, 5, 1, 3, 7, 1, 8, 5, 6, 9, 4, 2, 8, 5, 2, 1, 4, 9, 6, 7, 3 )
Visible( 0, 0, 0, 1, 0, 0, 1, 1, 1, 1, 0, 0, 1, 1, 0, 0, 0, 0, 1, 0, 0, 0, 0, 0, 0, 0, 0, 0, 1, 0, 0, 1, 1, 0, 0, 0, 0, 0, 0, 0, 0, 0, 1, 1, 0, 0, 0, 1, 1, 0, 0, 1, 0, 0, 1, 0, 0, 0, 0, 0, 0, 1, 1, 0, 0, 0, 0, 0, 0, 1, 0, 0, 0, 0, 1, 0, 1, 0, 0, 0, 0 )
Hint([8,6]+[0,5]+[4,3] add up to 1)
Hint([6,8]+[8,1]+[0,1] add up to 15)
Hint([4,5]+[6,6] add up to 15)
Hint([5,6]+[0,4] add up to 6)
Hint([5,4]+[4,0] add up to 13)
Hint([8,7]+[3,5] add up to 5)
Hint([1,2]+[3,8]+[5,6] add up to 11)
Hint([0,6]+[3,7]+[1,2] add up to 20)
Hint([8,6]+[1,3]+[7,7] add up to 5)
Hint([5,8]+[3,6] add up to 10)
