Level( 5, 8, 4, 1, 2, 9, 3, 6, 7, 6, 9, 3, 8, 5, 7, 2, 4, 1, 1, 7, 2, 4, 3, 6, 5, 8, 9, 8, 1, 9, 6, 7, 3, 4, 5, 2, 4, 2, 5, 9, 1, 8, 7, 3, 6, 3, 6, 7, 2, 4, 5, 9, 1, 8, 2, 3, 6, 7, 8, 4, 1, 9, 5, 7, 4, 8, 5, 9, 1, 6, 2, 3, 9, 5, 1, 3, 6, 2, 8, 7, 4 )
Visible( 0, 1, 1, 1, 0, 0, 1, 1, 0, 0, 1, 1, 0, 0, 0, 0, 0, 1, 0, 1, 1, 1, 0, 0, 0, 0, 0, 0, 0, 1, 0, 0, 0, 0, 1, 1, 0, 0, 0, 0, 0, 1, 0, 0, 0, 0, 0, 0, 0, 0, 1, 0, 1, 0, 0, 0, 0, 0, 0, 0, 0, 1, 1, 0, 1, 0, 0, 1, 0, 0, 0, 1, 0, 0, 0, 0, 1, 0, 1, 0, 0 )
Hint([7,4]+[0,4]+[4,1] add up to 9)
Hint([5,3]+[7,2]+[1,0] add up to 16)
Hint([5,0]+[5,3] add up to 10)
Hint([7,6]+[1,4] add up to 9)
Hint([7,4]+[4,0] add up to 3)
Hint([1,1]+[2,4] add up to 12)
Hint([2,6]+[4,4]+[4,8] add up to 10)
Hint([0,5]+[3,8]+[2,6] add up to 9)
Hint([7,8]+[1,3] add up to 6)
Hint([8,2]+[4,2]+[1,7] add up to 13)
