Level( 9, 7, 2, 8, 6, 4, 3, 5, 1, 8, 6, 5, 3, 1, 2, 7, 4, 9, 3, 4, 1, 5, 9, 7, 6, 2, 8, 2, 8, 6, 1, 3, 5, 9, 7, 4, 4, 5, 7, 9, 2, 6, 8, 1, 3, 1, 3, 9, 7, 4, 8, 5, 6, 2, 7, 1, 3, 2, 5, 9, 4, 8, 6, 5, 9, 4, 6, 8, 1, 2, 3, 7, 6, 2, 8, 4, 7, 3, 1, 9, 5 )
Visible( 0, 1, 1, 0, 1, 0, 1, 0, 1, 0, 0, 0, 0, 0, 0, 0, 0, 0, 0, 0, 0, 1, 1, 0, 0, 1, 0, 1, 1, 0, 0, 1, 0, 0, 1, 0, 1, 0, 0, 0, 0, 1, 1, 0, 0, 0, 0, 1, 0, 0, 0, 0, 0, 0, 0, 1, 0, 0, 0, 0, 0, 0, 0, 0, 0, 0, 0, 0, 0, 1, 1, 0, 0, 0, 0, 1, 0, 0, 0, 1, 1 )
Hint([6,2]+[8,1]+[3,0] add up to 20)
Hint([5,6]+[8,5]+[1,4] add up to 13)
Hint([4,4]+[6,2] add up to 6)
Hint([7,8]+[1,6] add up to 8)
Hint([5,1]+[3,0] add up to 8)
Hint([0,6]+[3,6] add up to 7)
Hint([1,0]+[3,2]+[4,3] add up to 12)
Hint([8,3]+[2,0]+[0,1] add up to 11)
Hint([7,8]+[1,3]+[7,2] add up to 16)
Hint([5,4]+[2,0]+[4,6] add up to 10)
