Level( 2, 5, 9, 1, 4, 7, 6, 8, 3, 3, 4, 7, 8, 6, 2, 1, 5, 9, 8, 1, 6, 3, 9, 5, 7, 2, 4, 9, 8, 5, 7, 2, 1, 3, 4, 6, 1, 2, 3, 4, 5, 6, 8, 9, 7, 6, 7, 4, 9, 3, 8, 5, 1, 2, 7, 6, 2, 5, 8, 9, 4, 3, 1, 4, 9, 8, 6, 1, 3, 2, 7, 5, 5, 3, 1, 2, 7, 4, 9, 6, 8 )
Visible( 0, 0, 1, 0, 0, 1, 0, 1, 0, 0, 0, 0, 0, 0, 0, 1, 1, 0, 0, 0, 0, 1, 0, 0, 0, 0, 0, 0, 0, 1, 0, 1, 0, 1, 0, 0, 0, 1, 0, 0, 1, 0, 0, 1, 0, 1, 0, 1, 0, 0, 1, 0, 0, 1, 0, 0, 0, 0, 0, 0, 0, 0, 0, 0, 1, 1, 1, 0, 0, 0, 1, 0, 0, 1, 1, 0, 0, 0, 1, 0, 1 )
Hint([6,7]+[1,5]+[4,4] add up to 11)
Hint([6,7]+[8,6]+[2,2] add up to 6)
Hint([5,5]+[6,0] add up to 12)
Hint([6,3]+[0,7] add up to 5)
Hint([5,3]+[4,7] add up to 0)
Hint([0,6]+[3,0] add up to 6)
Hint([1,8]+[5,2] add up to 6)
Hint([6,8]+[1,1] add up to 11)
Hint([0,6]+[0,0] add up to 7)
Hint([8,8]+[8,4]+[8,2] add up to 16)
