Level( 9, 8, 6, 1, 5, 7, 3, 4, 2, 4, 1, 3, 8, 2, 9, 7, 5, 6, 2, 7, 5, 3, 6, 4, 9, 1, 8, 8, 5, 2, 6, 1, 3, 4, 7, 9, 6, 4, 9, 7, 8, 5, 1, 2, 3, 7, 3, 1, 9, 4, 2, 6, 8, 5, 5, 2, 7, 4, 9, 6, 8, 3, 1, 3, 9, 8, 2, 7, 1, 5, 6, 4, 1, 6, 4, 5, 3, 8, 2, 9, 7 )
Visible( 0, 1, 1, 1, 0, 0, 0, 1, 1, 0, 0, 0, 0, 0, 0, 0, 0, 0, 1, 0, 1, 0, 1, 0, 0, 1, 0, 0, 0, 1, 1, 0, 0, 0, 0, 0, 0, 0, 0, 0, 1, 1, 0, 0, 0, 1, 1, 0, 1, 0, 0, 0, 0, 0, 0, 0, 0, 0, 0, 0, 1, 0, 0, 1, 1, 0, 0, 1, 0, 1, 0, 0, 1, 0, 0, 0, 0, 0, 0, 1, 0 )
Hint([8,8]+[1,7]+[5,3] add up to 16)
Hint([6,1]+[6,6]+[2,3] add up to 14)
Hint([6,4]+[6,6] add up to 7)
Hint([6,6]+[1,6] add up to 8)
Hint([7,7]+[5,8] add up to 12)
Hint([8,0]+[1,2] add up to 7)
Hint([2,8]+[5,3]+[4,3] add up to 5)
Hint([0,1]+[2,3]+[0,8] add up to 4)
Hint([7,6]+[0,6] add up to 6)
Hint([7,2]+[4,8]+[2,5] add up to 2)
