Level( 2, 3, 8, 4, 6, 1, 5, 9, 7, 1, 4, 9, 5, 7, 2, 3, 6, 8, 5, 7, 6, 3, 9, 8, 4, 2, 1, 3, 2, 7, 8, 1, 5, 9, 4, 6, 6, 8, 5, 2, 4, 9, 7, 1, 3, 9, 1, 4, 6, 3, 7, 8, 5, 2, 8, 6, 3, 1, 5, 4, 2, 7, 9, 7, 5, 1, 9, 2, 3, 6, 8, 4, 4, 9, 2, 7, 8, 6, 1, 3, 5 )
Visible( 1, 1, 0, 0, 0, 0, 0, 1, 1, 0, 0, 1, 0, 1, 0, 0, 0, 1, 0, 0, 0, 1, 0, 0, 0, 0, 0, 0, 0, 0, 0, 1, 1, 0, 0, 0, 1, 1, 0, 0, 1, 0, 0, 0, 0, 1, 0, 1, 1, 0, 0, 0, 1, 0, 0, 1, 0, 0, 0, 1, 0, 1, 0, 0, 1, 0, 1, 0, 0, 1, 0, 0, 0, 0, 0, 0, 1, 0, 0, 0, 0 )
Hint([7,6]+[0,4]+[4,4] add up to 14)
Hint([6,3]+[7,5]+[1,2] add up to 18)
Hint([5,5]+[6,3] add up to 14)
Hint([6,8]+[1,8] add up to 8)
Hint([5,0]+[3,6] add up to 0)
Hint([7,3]+[2,7] add up to 3)
Hint([3,8]+[5,2]+[4,3] add up to 13)
Hint([0,0]+[2,3]+[0,4] add up to 12)
Hint([7,4]+[0,1] add up to 0)
Hint([8,2]+[4,4]+[1,2] add up to 9)
