Level( 7, 9, 6, 2, 1, 8, 4, 5, 3, 5, 2, 1, 3, 9, 4, 8, 6, 7, 4, 8, 3, 7, 6, 5, 9, 1, 2, 1, 7, 2, 9, 8, 3, 5, 4, 6, 3, 6, 8, 4, 5, 2, 7, 9, 1, 9, 5, 4, 1, 7, 6, 3, 2, 8, 6, 4, 9, 8, 2, 7, 1, 3, 5, 8, 1, 5, 6, 3, 9, 2, 7, 4, 2, 3, 7, 5, 4, 1, 6, 8, 9 )
Visible( 0, 0, 0, 1, 1, 1, 0, 0, 1, 0, 1, 0, 1, 0, 0, 0, 1, 0, 0, 0, 0, 0, 0, 1, 1, 0, 0, 0, 0, 0, 0, 0, 0, 1, 0, 0, 0, 0, 0, 0, 1, 0, 0, 1, 0, 0, 0, 1, 1, 1, 1, 0, 0, 0, 0, 1, 0, 1, 0, 0, 0, 1, 0, 0, 0, 1, 0, 0, 0, 0, 1, 0, 0, 1, 0, 0, 1, 1, 0, 0, 0 )
Hint([8,0]+[8,5]+[4,3] add up to 16)
Hint([6,2]+[7,5]+[1,3] add up to 15)
Hint([6,3]+[6,0] add up to 7)
Hint([7,3]+[0,8] add up to 4)
Hint([5,7]+[5,4] add up to 9)
Hint([0,8]+[4,3] add up to 8)
Hint([2,4]+[4,6]+[5,1] add up to 11)
Hint([8,8]+[4,7] add up to 10)
Hint([8,7]+[8,6] add up to 7)
Hint([7,5]+[8,1] add up to 7)
