Level( A, C, B, 2, 0, 9, 5, 6, D, 8, 3, 4, 1, 7, E, F, D, 6, 3, 1, F, 2, 8, B, E, 7, 5, 0, A, 9, C, 4, E, 9, F, 0, D, C, 4, 7, B, A, 1, 2, 6, 8, 3, 5, 4, 5, 8, 7, 1, 3, E, A, 9, C, F, 6, 0, 2, D, B, 2, F, 6, 8, E, A, D, 4, 1, 3, B, 5, C, 0, 9, 7, 0, 7, 4, A, 6, 1, 3, 5, 8, 9, 2, C, D, F, B, E, B, D, 5, E, C, 0, 2, 9, F, 6, A, 7, 4, 3, 8, 1, 3, 1, 9, C, 7, 8, B, F, 4, E, 0, D, 2, 5, A, 6, 5, A, D, 3, 4, F, 1, 8, 6, B, 9, E, 7, C, 0, 2, 7, 8, 0, 6, 2, B, 9, C, 5, F, D, A, E, 1, 4, 3, F, E, 2, 4, A, 6, 7, D, 0, 1, C, 3, 9, B, 5, 8, 1, B, C, 9, 3, 5, 0, E, 7, 2, 4, 8, F, A, 6, D, C, 2, E, B, 5, D, 6, 3, A, 0, 7, 1, 8, 4, F, 9, 8, 4, A, D, 9, 7, C, 2, 3, 5, E, F, B, 6, 1, 0, 6, 3, 1, F, B, 4, A, 0, 2, D, 8, 9, 5, E, 7, C, 9, 0, 7, 5, 8, E, F, 1, C, 4, 6, B, 3, D, 2, A )
Visible( 0, 1, 0, 1, 1, 1, 1, 1, 1, 1, 0, 1, 1, 0, 0, 1, 0, 1, 0, 0, 1, 1, 1, 0, 0, 1, 1, 1, 1, 0, 0, 1, 0, 0, 1, 1, 0, 0, 1, 1, 1, 0, 0, 1, 1, 1, 1, 1, 0, 0, 0, 0, 1, 0, 1, 0, 0, 1, 1, 0, 1, 1, 1, 0, 0, 0, 0, 0, 0, 0, 1, 0, 0, 0, 0, 0, 0, 0, 0, 0, 0, 0, 1, 0, 1, 0, 1, 0, 1, 1, 0, 0, 0, 1, 0, 1, 0, 1, 0, 0, 0, 1, 1, 1, 1, 0, 0, 1, 1, 1, 1, 1, 0, 1, 0, 0, 1, 0, 0, 1, 1, 1, 0, 1, 1, 1, 1, 1, 0, 1, 0, 1, 1, 1, 1, 1, 0, 0, 1, 1, 1, 1, 1, 1, 1, 1, 0, 1, 1, 0, 1, 1, 1, 0, 1, 1, 1, 1, 1, 1, 1, 0, 0, 0, 1, 1, 0, 1, 0, 0, 1, 1, 1, 1, 0, 1, 0, 1, 1, 1, 1, 1, 1, 0, 1, 0, 1, 0, 1, 0, 1, 1, 0, 0, 1, 0, 1, 1, 1, 1, 0, 1, 1, 1, 0, 1, 1, 0, 0, 1, 0, 0, 1, 1, 0, 1, 0, 0, 1, 1, 1, 0, 1, 0, 0, 1, 1, 0, 1, 1, 0, 0, 0, 1, 1, 0, 1, 1, 0, 0, 0, 1, 0, 0, 1, 0, 0, 0, 1, 1, 0, 1, 1, 1, 0, 0 )
Hint([12,0]+[14,7]+[8,2] add up to 22)
Hint([10,11]+[14,4]+[1,12] add up to 15)
Hint([9,5]+[10,15] add up to 15)
Hint([10,4]+[15,4] add up to 18)
Hint([9,13]+[10,1] add up to 10)
Hint([15,4]+[4,9] add up to 9)
Hint([3,10]+[8,5]+[8,5] add up to 20)
Hint([15,11]+[6,11]+[2,7] add up to 22)
Hint([12,7]+[0,12]+[15,2] add up to 19)
Hint([7,0]+[1,14]+[12,3] add up to 9)
