Level( 3, 6, 1, 2, 4, 9, 8, 5, 7, 4, 8, 7, 5, 6, 1, 9, 3, 2, 9, 5, 2, 7, 3, 8, 6, 4, 1, 7, 1, 8, 3, 5, 2, 4, 9, 6, 5, 9, 3, 4, 1, 6, 2, 7, 8, 2, 4, 6, 9, 8, 7, 5, 1, 3, 6, 7, 4, 8, 9, 3, 1, 2, 5, 8, 3, 5, 1, 2, 4, 7, 6, 9, 1, 2, 9, 6, 7, 5, 3, 8, 4 )
Visible( 0, 0, 0, 0, 0, 0, 0, 1, 0, 1, 0, 0, 0, 0, 0, 1, 0, 0, 0, 0, 1, 1, 1, 0, 0, 1, 0, 0, 0, 1, 0, 0, 1, 0, 0, 1, 0, 1, 0, 0, 1, 0, 1, 0, 1, 1, 0, 0, 1, 0, 0, 1, 0, 0, 0, 0, 0, 0, 0, 0, 0, 0, 0, 0, 1, 0, 0, 0, 1, 1, 1, 0, 1, 0, 0, 0, 1, 1, 0, 0, 1 )
Hint([6,3]+[8,3]+[4,3] add up to 12)
Hint([6,5]+[7,1]+[0,6] add up to 11)
Hint([4,1]+[5,8] add up to 9)
Hint([7,4]+[0,0] add up to 8)
Hint([5,6]+[5,1] add up to 2)
Hint([8,0]+[1,8] add up to 7)
Hint([0,7]+[4,5]+[5,0] add up to 22)
Hint([0,0]+[2,0] add up to 2)
Hint([0,8]+[8,4]+[0,3] add up to 13)
Hint([0,1]+[3,0]+[0,2] add up to 12)
