Level( 5, 6, 9, 4, 8, 1, 7, 2, 3, 2, 3, 1, 5, 6, 7, 4, 8, 9, 4, 8, 7, 9, 2, 3, 6, 1, 5, 9, 7, 8, 2, 5, 6, 1, 3, 4, 1, 2, 5, 7, 3, 4, 9, 6, 8, 3, 4, 6, 1, 9, 8, 5, 7, 2, 8, 5, 3, 6, 1, 9, 2, 4, 7, 6, 9, 4, 8, 7, 2, 3, 5, 1, 7, 1, 2, 3, 4, 5, 8, 9, 6 )
Visible( 1, 1, 0, 0, 1, 0, 0, 1, 0, 0, 0, 1, 1, 0, 0, 0, 0, 0, 0, 0, 1, 0, 1, 1, 0, 0, 0, 0, 0, 0, 0, 0, 0, 1, 1, 0, 0, 1, 0, 0, 0, 1, 0, 0, 1, 0, 1, 1, 1, 1, 0, 0, 0, 0, 0, 0, 0, 0, 0, 0, 1, 0, 0, 1, 0, 0, 0, 1, 0, 1, 1, 0, 0, 0, 0, 0, 1, 0, 0, 0, 0 )
Hint([7,6]+[0,0]+[3,2] add up to 15)
Hint([5,6]+[8,8]+[2,4] add up to 17)
Hint([5,5]+[6,1] add up to 10)
Hint([6,3]+[0,4] add up to 0)
Hint([5,1]+[3,0] add up to 9)
Hint([0,0]+[1,4] add up to 5)
Hint([2,6]+[4,0]+[3,6] add up to 14)
Hint([0,8]+[4,2]+[0,7] add up to 12)
Hint([6,4]+[0,7] add up to 13)
Hint([8,5]+[5,1]+[1,4] add up to 8)
