Level( 7, 3, 1, 2, 5, 8, 6, 9, 4, 8, 5, 6, 7, 4, 9, 2, 3, 1, 4, 9, 2, 6, 3, 1, 8, 7, 5, 3, 6, 5, 9, 1, 4, 7, 2, 8, 9, 4, 7, 8, 6, 2, 5, 1, 3, 1, 2, 8, 3, 7, 5, 4, 6, 9, 2, 8, 3, 5, 9, 6, 1, 4, 7, 6, 7, 4, 1, 8, 3, 9, 5, 2, 5, 1, 9, 4, 2, 7, 3, 8, 6 )
Visible( 0, 1, 0, 0, 0, 0, 1, 0, 0, 1, 1, 0, 0, 0, 0, 1, 0, 0, 0, 0, 0, 0, 1, 0, 0, 0, 0, 0, 1, 0, 0, 0, 1, 0, 0, 0, 1, 0, 1, 1, 0, 0, 0, 1, 0, 0, 0, 0, 0, 1, 1, 0, 0, 0, 0, 0, 0, 1, 0, 1, 0, 0, 1, 0, 0, 1, 0, 0, 0, 1, 1, 0, 0, 0, 1, 0, 0, 0, 0, 1, 0 )
Hint([6,0]+[8,6]+[5,4] add up to 12)
Hint([7,8]+[8,4]+[1,5] add up to 10)
Hint([6,6]+[7,0] add up to 8)
Hint([6,2]+[8,6] add up to 13)
Hint([7,7]+[5,6] add up to 9)
Hint([1,0]+[1,0] add up to 4)
Hint([1,5]+[4,1] add up to 4)
Hint([4,0]+[8,6] add up to 10)
Hint([1,5]+[0,5] add up to 1)
Hint([0,2]+[7,2]+[7,3] add up to 10)
