Level( D, 4, 5, 8, 6, F, 9, E, 3, 2, 7, 1, C, 0, B, A, 2, F, B, 9, 7, 4, A, 0, 8, D, C, 5, E, 6, 1, 3, 1, E, 0, C, B, 5, D, 3, 6, A, 4, 9, F, 8, 7, 2, 3, 6, 7, A, C, 2, 8, 1, B, F, 0, E, 4, D, 9, 5, 0, 9, E, 2, 8, A, F, 4, 1, 3, 6, C, 5, B, D, 7, 8, 3, 1, 7, 2, 9, C, 5, 4, B, D, A, 6, E, 0, F, C, A, D, B, 0, E, 3, 6, 7, 5, F, 8, 9, 1, 2, 4, F, 5, 4, 6, D, 1, 7, B, E, 9, 2, 0, 3, A, 8, C, 9, 7, F, 3, 1, 6, 5, 8, 2, 0, A, 4, D, C, E, B, E, B, 8, 4, A, C, 0, F, 9, 6, 3, D, 7, 2, 5, 1, 6, 0, 2, 1, 3, D, 4, 7, C, E, 5, B, 8, F, A, 9, 5, C, A, D, 9, B, E, 2, F, 8, 1, 7, 0, 4, 3, 6, 7, D, 3, F, 5, 0, 1, C, A, 4, E, 2, B, 9, 6, 8, 4, 1, 9, 0, E, 8, 6, A, 5, 7, B, F, 2, 3, C, D, A, 2, 6, E, F, 7, B, 9, D, C, 8, 3, 1, 5, 4, 0, B, 8, C, 5, 4, 3, 2, D, 0, 1, 9, 6, A, 7, F, E )
Visible( 1, 0, 0, 0, 0, 1, 1, 1, 0, 1, 0, 0, 0, 0, 1, 0, 0, 0, 0, 0, 1, 0, 0, 1, 0, 1, 0, 1, 0, 0, 1, 1, 1, 1, 1, 0, 0, 1, 1, 1, 1, 1, 1, 1, 0, 1, 1, 0, 0, 0, 0, 0, 1, 0, 1, 1, 1, 0, 0, 1, 0, 0, 0, 1, 0, 0, 0, 1, 0, 1, 0, 0, 1, 1, 0, 1, 0, 0, 1, 1, 1, 0, 0, 0, 0, 0, 1, 1, 0, 0, 1, 0, 0, 1, 0, 1, 1, 1, 0, 1, 0, 1, 1, 0, 0, 0, 0, 0, 1, 0, 1, 1, 0, 0, 1, 1, 0, 0, 0, 0, 0, 0, 1, 0, 0, 1, 0, 0, 1, 0, 1, 1, 0, 1, 0, 1, 0, 0, 0, 0, 0, 1, 1, 1, 1, 0, 1, 1, 0, 1, 1, 0, 0, 0, 0, 0, 0, 1, 1, 0, 1, 1, 0, 0, 1, 0, 0, 0, 1, 0, 0, 1, 1, 1, 0, 0, 0, 1, 0, 0, 0, 1, 0, 0, 1, 0, 0, 1, 1, 0, 0, 0, 1, 0, 1, 0, 1, 0, 0, 0, 1, 1, 1, 1, 1, 0, 0, 1, 0, 1, 1, 1, 0, 1, 0, 0, 1, 0, 0, 0, 0, 0, 1, 1, 0, 1, 0, 0, 0, 0, 1, 0, 0, 0, 0, 0, 1, 0, 1, 0, 0, 1, 1, 1, 1, 0, 0, 1, 1, 0, 0, 0, 0, 0, 0, 0 )
Hint([13,9]+[0,6]+[7,5] add up to 19)
Hint([10,2]+[12,11]+[3,14] add up to 18)
Hint([7,3]+[10,15] add up to 10)
Hint([10,6]+[0,15] add up to 26)
Hint([12,7]+[8,3] add up to 14)
Hint([14,6]+[4,0] add up to 8)
Hint([4,4]+[6,0] add up to 17)
Hint([11,12]+[2,14] add up to 8)
Hint([4,0]+[14,1] add up to 7)
Hint([1,11]+[14,8]+[15,5] add up to 41)
