Level( 2, 3, 7, 9, 1, 5, C, A, D, 6, 0, 4, 8, B, E, F, A, 1, 6, F, 7, B, 8, D, 9, E, 3, 5, 2, C, 4, 0, 8, D, 4, B, E, 2, 6, 0, A, F, 1, C, 3, 5, 7, 9, E, 0, 5, C, 4, 9, 3, F, B, 2, 7, 8, D, A, 1, 6, D, E, 9, 8, 5, 7, A, 1, 0, B, 6, F, C, 2, 3, 4, 1, F, B, 2, 3, 4, 0, C, 5, D, E, A, 6, 9, 8, 7, 5, 6, A, 7, 2, D, F, 8, C, 3, 4, 9, 1, 0, B, E, 0, 4, C, 3, 9, 6, B, E, 8, 1, 2, 7, A, F, D, 5, C, 5, 8, 1, D, A, 9, 6, 3, 4, F, B, 7, E, 0, 2, 3, 2, F, 6, 0, C, 4, 7, E, A, 9, D, B, 8, 5, 1, 9, B, 0, A, F, 3, E, 5, 2, 7, 8, 1, 4, 6, C, D, 4, 7, D, E, B, 8, 1, 2, 6, 5, C, 0, F, 3, 9, A, 7, C, 2, 5, 8, E, D, 4, F, 0, A, 3, 9, 1, 6, B, F, A, E, D, C, 0, 7, 9, 1, 8, B, 6, 5, 4, 2, 3, B, 8, 1, 4, 6, F, 2, 3, 7, 9, 5, E, 0, D, A, C, 6, 9, 3, 0, A, 1, 5, B, 4, C, D, 2, E, 7, F, 8 )
Visible( 0, 1, 1, 0, 0, 0, 1, 0, 1, 1, 1, 1, 1, 0, 1, 0, 0, 1, 0, 0, 1, 0, 1, 0, 0, 1, 1, 1, 1, 1, 1, 0, 1, 1, 0, 1, 1, 1, 0, 1, 0, 1, 0, 0, 0, 0, 1, 0, 0, 0, 1, 0, 0, 1, 0, 0, 0, 1, 0, 0, 1, 0, 0, 0, 0, 1, 0, 0, 0, 0, 0, 0, 0, 1, 0, 0, 0, 0, 0, 1, 0, 1, 0, 1, 0, 1, 0, 1, 1, 0, 0, 1, 0, 0, 0, 0, 1, 0, 1, 0, 1, 0, 0, 0, 1, 1, 1, 1, 0, 0, 0, 1, 0, 0, 1, 0, 1, 0, 1, 0, 0, 0, 1, 1, 0, 1, 1, 1, 0, 0, 1, 0, 0, 0, 1, 0, 1, 0, 1, 1, 0, 0, 1, 1, 0, 1, 0, 1, 1, 0, 1, 1, 1, 1, 1, 0, 0, 0, 0, 0, 1, 0, 1, 0, 0, 1, 0, 1, 1, 1, 0, 1, 1, 0, 1, 0, 1, 1, 1, 0, 1, 1, 0, 1, 1, 0, 0, 1, 1, 1, 0, 1, 1, 1, 1, 0, 1, 0, 1, 0, 1, 0, 0, 0, 0, 1, 1, 1, 1, 1, 1, 1, 0, 0, 1, 0, 1, 0, 1, 0, 1, 0, 0, 0, 0, 1, 1, 0, 0, 0, 1, 0, 1, 1, 0, 1, 0, 0, 1, 0, 0, 0, 1, 0, 1, 1, 1, 1, 0, 1, 0, 1, 0, 1, 1, 0 )
Hint([13,9]+[1,14]+[10,13] add up to 27)
Hint([13,12]+[14,15]+[4,6] add up to 18)
Hint([8,0]+[9,11] add up to 18)
Hint([12,2]+[15,4] add up to 7)
Hint([12,4]+[7,3] add up to 27)
Hint([0,7]+[4,10] add up to 15)
Hint([2,1]+[5,10]+[9,5] add up to 22)
Hint([15,4]+[5,8]+[2,0] add up to 21)
Hint([13,5]+[0,9]+[14,2] add up to 19)
Hint([9,7]+[3,10]+[10,15] add up to 24)
