Level( 4, 6, 3, 5, 2, 1, 8, 9, 7, 7, 8, 2, 3, 9, 6, 4, 5, 1, 9, 1, 5, 4, 7, 8, 2, 3, 6, 5, 3, 7, 6, 1, 2, 9, 8, 4, 6, 2, 4, 8, 5, 9, 1, 7, 3, 1, 9, 8, 7, 4, 3, 6, 2, 5, 3, 4, 1, 2, 8, 7, 5, 6, 9, 8, 7, 9, 1, 6, 5, 3, 4, 2, 2, 5, 6, 9, 3, 4, 7, 1, 8 )
Visible( 0, 0, 0, 0, 0, 1, 1, 0, 0, 1, 0, 1, 1, 0, 0, 0, 0, 0, 0, 0, 1, 0, 1, 1, 0, 0, 0, 0, 0, 0, 0, 1, 0, 0, 0, 0, 1, 0, 1, 1, 0, 0, 0, 0, 1, 0, 1, 1, 0, 0, 0, 0, 0, 0, 0, 0, 0, 0, 0, 1, 0, 0, 1, 0, 0, 0, 0, 1, 1, 1, 0, 0, 1, 0, 0, 0, 1, 0, 0, 1, 0 )
Hint([8,2]+[8,3]+[4,4] add up to 12)
Hint([5,4]+[7,6]+[2,6] add up to 13)
Hint([5,6]+[7,8] add up to 6)
Hint([5,1]+[8,3] add up to 8)
Hint([6,3]+[4,7] add up to 13)
Hint([8,5]+[3,3] add up to 9)
Hint([1,7]+[5,8]+[5,6] add up to 15)
Hint([1,7]+[4,4]+[1,1] add up to 17)
Hint([7,2]+[8,6]+[8,4] add up to 12)
Hint([5,1]+[1,6]+[6,2] add up to 9)
