Level( 8, 6, 4, 5, 2, 9, 1, 7, 3, 2, 3, 9, 7, 1, 4, 6, 5, 8, 5, 1, 7, 6, 8, 3, 2, 4, 9, 6, 5, 8, 4, 7, 2, 9, 3, 1, 9, 2, 1, 3, 5, 8, 4, 6, 7, 4, 7, 3, 9, 6, 1, 5, 8, 2, 1, 8, 5, 2, 3, 6, 7, 9, 4, 7, 4, 2, 8, 9, 5, 3, 1, 6, 3, 9, 6, 1, 4, 7, 8, 2, 5 )
Visible( 1, 0, 1, 0, 1, 0, 0, 1, 0, 0, 0, 0, 0, 1, 0, 0, 0, 0, 1, 1, 0, 0, 0, 1, 0, 1, 0, 0, 0, 1, 1, 0, 1, 0, 0, 0, 0, 1, 0, 0, 0, 0, 0, 0, 0, 1, 0, 1, 0, 0, 0, 1, 1, 0, 1, 0, 0, 0, 0, 1, 0, 1, 1, 0, 0, 1, 0, 1, 1, 1, 0, 0, 0, 0, 0, 0, 0, 0, 0, 0, 0 )
Hint([7,7]+[1,7]+[5,4] add up to 10)
Hint([5,3]+[7,5]+[1,5] add up to 14)
Hint([5,8]+[7,0] add up to 12)
Hint([5,1]+[8,6] add up to 6)
Hint([6,3]+[4,0] add up to 9)
Hint([1,7]+[3,7] add up to 10)
Hint([2,0]+[3,6]+[5,0] add up to 12)
Hint([1,7]+[4,0] add up to 4)
Hint([8,7]+[7,6] add up to 13)
Hint([8,1]+[7,4] add up to 12)
