Level( 3, 5, 2, 9, 1, 4, 8, 7, 6, 9, 7, 4, 8, 3, 6, 5, 1, 2, 8, 6, 1, 2, 5, 7, 3, 9, 4, 1, 9, 6, 7, 2, 3, 4, 8, 5, 4, 8, 3, 1, 9, 5, 6, 2, 7, 5, 2, 7, 6, 4, 8, 9, 3, 1, 6, 3, 9, 5, 7, 1, 2, 4, 8, 2, 1, 8, 4, 6, 9, 7, 5, 3, 7, 4, 5, 3, 8, 2, 1, 6, 9 )
Visible( 0, 0, 0, 1, 0, 1, 1, 0, 0, 0, 0, 0, 0, 1, 1, 0, 0, 1, 0, 0, 0, 0, 0, 0, 1, 0, 0, 0, 1, 0, 1, 0, 0, 0, 1, 1, 0, 0, 1, 1, 0, 0, 1, 0, 0, 1, 0, 0, 0, 1, 0, 0, 0, 1, 1, 0, 0, 0, 0, 0, 1, 0, 0, 0, 0, 0, 0, 0, 1, 0, 1, 0, 1, 1, 1, 0, 0, 0, 0, 0, 0 )
Hint([8,5]+[0,1]+[3,1] add up to 15)
Hint([5,1]+[6,0]+[0,0] add up to 14)
Hint([5,0]+[5,7] add up to 11)
Hint([5,0]+[8,6] add up to 10)
Hint([6,1]+[3,4] add up to 4)
Hint([0,7]+[3,3] add up to 7)
Hint([2,2]+[3,7]+[5,1] add up to 8)
Hint([0,3]+[2,3] add up to 5)
Hint([0,4]+[7,3] add up to 10)
Hint([7,2]+[7,1] add up to 8)
