Level( 8, 6, 3, 4, 2, 1, 9, 7, 5, 7, 5, 1, 6, 9, 8, 2, 3, 4, 2, 9, 4, 7, 3, 5, 1, 6, 8, 3, 7, 9, 8, 1, 4, 6, 5, 2, 5, 4, 6, 9, 7, 2, 8, 1, 3, 1, 2, 8, 5, 6, 3, 4, 9, 7, 6, 8, 7, 2, 5, 9, 3, 4, 1, 4, 1, 5, 3, 8, 6, 7, 2, 9, 9, 3, 2, 1, 4, 7, 5, 8, 6 )
Visible( 0, 0, 1, 0, 0, 0, 0, 1, 0, 0, 1, 0, 0, 0, 0, 1, 0, 0, 1, 1, 0, 0, 0, 1, 0, 1, 0, 0, 0, 0, 0, 0, 1, 0, 0, 0, 1, 0, 1, 0, 0, 1, 1, 1, 0, 0, 0, 1, 0, 0, 0, 0, 0, 1, 1, 0, 0, 0, 0, 0, 1, 0, 1, 0, 0, 0, 1, 0, 0, 0, 1, 0, 1, 0, 0, 0, 1, 1, 0, 0, 0 )
Hint([8,8]+[1,6]+[5,8] add up to 18)
Hint([6,6]+[8,6]+[2,4] add up to 7)
Hint([4,7]+[7,0] add up to 13)
Hint([7,2]+[8,5] add up to 11)
Hint([6,5]+[5,1] add up to 10)
Hint([1,4]+[2,6] add up to 9)
Hint([2,2]+[3,3]+[4,8] add up to 13)
Hint([8,3]+[3,2]+[0,7] add up to 10)
Hint([6,3]+[0,0] add up to 12)
Hint([7,0]+[3,0]+[0,7] add up to 12)
