Level( 7, 8, 4, 5, 9, 1, 2, 3, 6, 9, 6, 2, 4, 7, 3, 1, 5, 8, 1, 3, 5, 6, 8, 2, 9, 7, 4, 8, 5, 9, 1, 3, 7, 4, 6, 2, 6, 2, 7, 9, 4, 8, 5, 1, 3, 3, 4, 1, 2, 6, 5, 8, 9, 7, 5, 1, 6, 7, 2, 4, 3, 8, 9, 2, 9, 3, 8, 5, 6, 7, 4, 1, 4, 7, 8, 3, 1, 9, 6, 2, 5 )
Visible( 0, 0, 0, 1, 0, 1, 0, 1, 0, 1, 0, 1, 1, 0, 0, 0, 0, 1, 0, 0, 0, 0, 1, 0, 0, 0, 1, 0, 1, 0, 0, 0, 1, 0, 1, 0, 0, 1, 0, 0, 0, 0, 1, 0, 0, 0, 0, 0, 0, 0, 0, 1, 1, 1, 1, 0, 1, 0, 0, 0, 0, 0, 1, 0, 0, 0, 1, 0, 1, 1, 0, 0, 1, 0, 0, 0, 1, 0, 0, 0, 0 )
Hint([7,0]+[8,3]+[4,7] add up to 7)
Hint([5,3]+[7,8]+[2,7] add up to 9)
Hint([4,5]+[6,5] add up to 12)
Hint([5,0]+[8,0] add up to 5)
Hint([6,1]+[3,5] add up to 1)
Hint([8,4]+[2,6] add up to 7)
Hint([2,8]+[5,1]+[4,7] add up to 13)
Hint([0,2]+[2,0]+[0,2] add up to 3)
Hint([7,0]+[8,3]+[7,7] add up to 6)
Hint([4,8]+[3,6] add up to 6)
