Level( 7, 9, 4, 8, 1, 6, 2, 5, 3, 2, 3, 5, 4, 9, 7, 1, 8, 6, 8, 6, 1, 3, 5, 2, 9, 7, 4, 5, 4, 7, 9, 8, 1, 6, 3, 2, 1, 2, 3, 7, 6, 4, 5, 9, 8, 9, 8, 6, 5, 2, 3, 4, 1, 7, 4, 5, 9, 6, 7, 8, 3, 2, 1, 3, 1, 8, 2, 4, 5, 7, 6, 9, 6, 7, 2, 1, 3, 9, 8, 4, 5 )
Visible( 1, 0, 0, 0, 0, 0, 1, 1, 1, 0, 0, 0, 0, 0, 0, 1, 0, 0, 0, 0, 0, 0, 1, 0, 0, 1, 1, 1, 0, 0, 0, 0, 1, 0, 0, 0, 1, 1, 1, 1, 0, 0, 1, 0, 0, 0, 0, 0, 0, 0, 0, 1, 0, 0, 1, 0, 0, 0, 0, 1, 0, 0, 0, 0, 0, 1, 1, 0, 0, 0, 1, 1, 0, 1, 0, 1, 0, 1, 0, 0, 0 )
Hint([7,1]+[8,2]+[4,1] add up to 18)
Hint([5,2]+[7,5]+[1,1] add up to 3)
Hint([6,4]+[6,5] add up to 7)
Hint([6,1]+[8,2] add up to 3)
Hint([6,6]+[5,2] add up to 3)
Hint([8,7]+[3,3] add up to 16)
Hint([2,1]+[3,3]+[4,8] add up to 14)
Hint([1,7]+[4,1]+[0,4] add up to 8)
Hint([6,0]+[8,1] add up to 6)
Hint([7,7]+[5,4]+[2,1] add up to 12)
