Level( 2, 3, 8, 4, 7, 6, 1, 5, 9, 1, 4, 5, 9, 3, 2, 7, 8, 6, 6, 9, 7, 8, 5, 1, 2, 3, 4, 8, 1, 9, 7, 6, 3, 4, 2, 5, 5, 7, 6, 1, 2, 4, 3, 9, 8, 3, 2, 4, 5, 9, 8, 6, 7, 1, 4, 5, 2, 3, 1, 9, 8, 6, 7, 7, 8, 3, 6, 4, 5, 9, 1, 2, 9, 6, 1, 2, 8, 7, 5, 4, 3 )
Visible( 0, 0, 1, 0, 0, 1, 0, 1, 0, 1, 1, 0, 1, 1, 0, 1, 0, 0, 0, 0, 1, 0, 0, 1, 0, 1, 0, 0, 0, 0, 0, 0, 0, 0, 1, 1, 0, 0, 0, 1, 0, 0, 1, 0, 1, 1, 0, 0, 0, 1, 1, 0, 1, 0, 0, 0, 0, 1, 0, 0, 0, 0, 0, 0, 0, 0, 1, 0, 0, 1, 0, 0, 1, 0, 0, 0, 1, 0, 0, 0, 0 )
Hint([7,5]+[0,7]+[5,8] add up to 18)
Hint([6,6]+[8,3]+[1,3] add up to 11)
Hint([5,7]+[7,4] add up to 12)
Hint([6,8]+[1,1] add up to 7)
Hint([6,6]+[5,8] add up to 13)
Hint([1,6]+[3,2] add up to 11)
Hint([2,0]+[3,5]+[5,0] add up to 16)
Hint([8,1]+[2,2] add up to 11)
Hint([8,7]+[8,0] add up to 9)
Hint([8,0]+[7,4]+[4,5] add up to 24)
