Level( 3, 2, 1, 4, 7, 8, 9, 6, 5, 5, 4, 6, 9, 2, 3, 7, 8, 1, 7, 9, 8, 6, 5, 1, 2, 4, 3, 2, 5, 7, 3, 8, 4, 1, 9, 6, 8, 6, 4, 1, 9, 2, 3, 5, 7, 1, 3, 9, 5, 6, 7, 8, 2, 4, 9, 8, 5, 7, 1, 6, 4, 3, 2, 4, 7, 2, 8, 3, 5, 6, 1, 9, 6, 1, 3, 2, 4, 9, 5, 7, 8 )
Visible( 0, 0, 0, 1, 1, 1, 0, 0, 1, 0, 0, 1, 0, 0, 0, 1, 1, 0, 0, 1, 0, 1, 0, 0, 0, 0, 1, 0, 0, 1, 0, 1, 0, 0, 0, 0, 0, 0, 0, 1, 0, 1, 0, 1, 0, 0, 1, 0, 0, 0, 0, 0, 0, 0, 0, 1, 0, 0, 1, 0, 1, 0, 0, 1, 0, 1, 0, 0, 0, 1, 1, 0, 1, 0, 0, 0, 0, 0, 0, 0, 1 )
Hint([7,3]+[0,8]+[5,2] add up to 13)
Hint([6,2]+[7,4]+[1,6] add up to 12)
Hint([4,0]+[5,1] add up to 8)
Hint([6,5]+[0,5] add up to 7)
Hint([5,3]+[4,8] add up to 6)
Hint([1,6]+[3,3] add up to 9)
Hint([1,2]+[3,2]+[4,3] add up to 20)
Hint([1,3]+[2,5]+[1,8] add up to 12)
Hint([7,4]+[0,2] add up to 10)
Hint([7,2]+[4,7]+[2,2] add up to 12)
