Level( 1, 3, 8, 6, 9, 2, 4, 7, 5, 6, 5, 4, 3, 8, 7, 1, 9, 2, 7, 2, 9, 4, 1, 5, 3, 6, 8, 4, 1, 5, 2, 7, 6, 8, 3, 9, 3, 6, 2, 8, 4, 9, 7, 5, 1, 8, 9, 7, 1, 5, 3, 6, 2, 4, 2, 7, 1, 5, 3, 4, 9, 8, 6, 5, 4, 3, 9, 6, 8, 2, 1, 7, 9, 8, 6, 7, 2, 1, 5, 4, 3 )
Visible( 0, 1, 0, 0, 0, 0, 1, 1, 0, 0, 1, 0, 1, 0, 0, 0, 0, 0, 0, 1, 1, 1, 0, 0, 1, 0, 1, 0, 1, 0, 1, 0, 0, 0, 0, 0, 1, 0, 0, 0, 0, 1, 0, 1, 0, 0, 1, 0, 1, 1, 0, 0, 0, 1, 0, 0, 0, 0, 0, 0, 1, 0, 0, 0, 0, 0, 0, 1, 1, 1, 0, 0, 0, 0, 1, 0, 0, 0, 0, 0, 1 )
Hint([6,6]+[0,8]+[5,7] add up to 23)
Hint([5,3]+[7,6]+[2,5] add up to 18)
Hint([4,5]+[6,4] add up to 10)
Hint([5,0]+[8,6] add up to 6)
Hint([7,8]+[5,3] add up to 8)
Hint([1,2]+[2,5] add up to 7)
Hint([2,0]+[3,6]+[5,4] add up to 19)
Hint([1,0]+[2,4]+[1,3] add up to 3)
Hint([6,8]+[1,2]+[7,1] add up to 13)
Hint([5,8]+[3,7]+[6,6] add up to 16)
