Level( 1, 9, 2, 5, 7, 6, 8, 3, 4, 3, 6, 5, 8, 2, 4, 9, 7, 1, 4, 8, 7, 1, 3, 9, 2, 6, 5, 8, 5, 4, 6, 1, 7, 3, 9, 2, 6, 7, 3, 4, 9, 2, 5, 1, 8, 9, 2, 1, 3, 5, 8, 6, 4, 7, 7, 3, 6, 2, 8, 1, 4, 5, 9, 2, 4, 9, 7, 6, 5, 1, 8, 3, 5, 1, 8, 9, 4, 3, 7, 2, 6 )
Visible( 1, 0, 1, 1, 0, 0, 0, 1, 0, 0, 0, 0, 1, 0, 0, 1, 0, 0, 0, 0, 0, 0, 0, 1, 0, 0, 1, 1, 1, 0, 0, 0, 0, 0, 0, 0, 0, 0, 0, 0, 0, 0, 0, 1, 0, 1, 0, 0, 0, 0, 0, 1, 1, 1, 0, 1, 1, 1, 1, 0, 0, 0, 0, 1, 0, 0, 1, 0, 0, 0, 0, 1, 0, 0, 0, 0, 1, 0, 1, 0, 0 )
Hint([7,2]+[8,0]+[3,6] add up to 9)
Hint([6,6]+[8,0]+[0,3] add up to 13)
Hint([4,6]+[7,4] add up to 7)
Hint([7,4]+[0,3] add up to 7)
Hint([6,6]+[5,7] add up to 7)
Hint([1,3]+[2,4] add up to 6)
Hint([1,2]+[3,7]+[5,5] add up to 20)
Hint([1,5]+[3,0]+[0,5] add up to 13)
Hint([6,3]+[0,2] add up to 5)
Hint([8,7]+[5,8]+[3,7] add up to 10)
