Level( 0, 6, 4, C, 5, 2, 8, 1, E, 7, 3, 9, D, F, A, B, F, 1, 3, 9, D, C, A, 0, 2, 5, 4, B, 6, 8, E, 7, 8, 7, B, A, 9, 4, 3, E, F, C, 6, D, 5, 2, 1, 0, 2, E, 5, D, F, 6, B, 7, 8, 1, A, 0, 9, 3, 4, C, C, 9, D, 3, E, F, 1, A, 6, 2, B, 8, 7, 5, 0, 4, 7, 0, 1, 2, 3, 5, 6, 9, 4, A, C, F, 8, D, B, E, B, 5, E, F, 4, 8, 0, C, D, 9, 7, 1, 2, A, 6, 3, A, 4, 6, 8, 7, B, D, 2, 0, E, 5, 3, 1, 9, C, F, 3, A, 2, 1, B, E, C, 6, 5, 8, F, 7, 0, 4, 9, D, E, F, 0, 4, 1, D, 7, 5, 9, 6, 2, C, A, B, 3, 8, 9, C, 7, 5, 8, 0, 2, 3, A, B, D, 4, E, 6, F, 1, D, B, 8, 6, A, 9, F, 4, 3, 0, 1, E, C, 7, 5, 2, 5, 3, 9, B, 0, 1, 4, 8, 7, D, E, 6, F, C, 2, A, 1, D, A, 0, 2, 3, 9, F, C, 4, 8, 5, B, E, 7, 6, 4, 2, C, E, 6, 7, 5, D, B, F, 0, A, 3, 1, 8, 9, 6, 8, F, 7, C, A, E, B, 1, 3, 9, 2, 4, 0, D, 5 )
Visible( 1, 1, 0, 1, 0, 0, 0, 0, 0, 0, 1, 1, 1, 1, 0, 1, 1, 0, 0, 0, 1, 1, 0, 0, 0, 0, 0, 1, 1, 0, 0, 0, 0, 0, 1, 0, 0, 1, 0, 1, 0, 0, 0, 1, 1, 0, 0, 1, 1, 0, 0, 1, 1, 0, 0, 1, 1, 0, 1, 0, 1, 0, 1, 1, 1, 0, 1, 0, 1, 1, 1, 0, 0, 1, 0, 1, 1, 0, 0, 0, 0, 1, 0, 0, 0, 1, 0, 1, 1, 1, 0, 1, 1, 0, 1, 0, 1, 0, 1, 1, 0, 0, 1, 0, 1, 0, 0, 0, 0, 1, 1, 0, 1, 1, 1, 0, 0, 0, 1, 0, 0, 1, 1, 0, 0, 1, 0, 1, 0, 1, 0, 1, 0, 1, 0, 0, 0, 1, 0, 1, 1, 1, 0, 0, 1, 0, 1, 1, 1, 0, 1, 0, 1, 1, 0, 0, 0, 1, 0, 0, 1, 0, 1, 0, 1, 0, 1, 1, 1, 0, 0, 0, 1, 1, 0, 0, 0, 0, 0, 1, 0, 1, 1, 0, 0, 0, 0, 0, 1, 1, 1, 0, 0, 0, 1, 0, 0, 0, 0, 0, 0, 0, 0, 0, 0, 0, 0, 0, 0, 0, 0, 1, 1, 0, 0, 0, 1, 1, 0, 0, 1, 0, 0, 0, 0, 1, 1, 1, 0, 1, 1, 0, 0, 1, 0, 0, 0, 1, 0, 1, 1, 1, 1, 1, 0, 1, 1, 0, 0, 0, 0, 0, 0, 1, 0, 0 )
Hint([15,2]+[14,10]+[8,9] add up to 24)
Hint([13,5]+[12,2]+[1,3] add up to 32)
Hint([8,11]+[12,10] add up to 17)
Hint([10,12]+[2,4] add up to 27)
Hint([10,7]+[8,8] add up to 10)
Hint([0,3]+[3,0] add up to 14)
Hint([4,0]+[5,12] add up to 6)
Hint([11,5]+[0,6]+[5,3] add up to 32)
Hint([1,0]+[10,3] add up to 16)
Hint([13,2]+[13,9]+[8,10] add up to 23)
