Level( 5, 8, 2, 7, 9, 3, 6, 1, 4, 4, 6, 1, 5, 2, 8, 9, 3, 7, 7, 9, 3, 1, 4, 6, 8, 2, 5, 1, 4, 8, 3, 5, 7, 2, 9, 6, 3, 2, 6, 4, 8, 9, 5, 7, 1, 9, 5, 7, 2, 6, 1, 3, 4, 8, 2, 1, 4, 8, 3, 5, 7, 6, 9, 8, 7, 9, 6, 1, 2, 4, 5, 3, 6, 3, 5, 9, 7, 4, 1, 8, 2 )
Visible( 1, 0, 0, 0, 0, 0, 1, 0, 1, 0, 0, 0, 0, 1, 1, 0, 0, 0, 0, 0, 1, 0, 0, 0, 0, 0, 1, 0, 0, 0, 1, 0, 0, 1, 0, 0, 0, 0, 1, 0, 0, 0, 0, 1, 0, 0, 0, 1, 0, 0, 1, 1, 1, 0, 1, 1, 0, 1, 0, 0, 0, 0, 1, 1, 0, 0, 1, 0, 0, 0, 0, 0, 0, 0, 0, 1, 0, 1, 0, 0, 0 )
Hint([8,6]+[0,2]+[4,6] add up to 16)
Hint([5,6]+[8,8]+[2,5] add up to 11)
Hint([4,5]+[6,8] add up to 5)
Hint([7,6]+[1,3] add up to 8)
Hint([5,2]+[4,0] add up to 13)
Hint([8,6]+[3,7] add up to 13)
Hint([2,5]+[4,3]+[4,3] add up to 14)
Hint([1,3]+[3,0]+[8,3] add up to 14)
Hint([6,3]+[0,2]+[7,4] add up to 13)
Hint([3,4]+[1,2]+[5,7] add up to 12)
