Level( 9, 7, 5, 2, 1, 8, 4, 6, 3, 4, 8, 2, 6, 3, 5, 9, 7, 1, 6, 1, 3, 9, 7, 4, 2, 8, 5, 8, 2, 4, 5, 9, 1, 7, 3, 6, 7, 3, 6, 8, 4, 2, 1, 5, 9, 1, 5, 9, 7, 6, 3, 8, 2, 4, 2, 9, 1, 3, 5, 7, 6, 4, 8, 3, 4, 8, 1, 2, 6, 5, 9, 7, 5, 6, 7, 4, 8, 9, 3, 1, 2 )
Visible( 0, 0, 1, 1, 1, 1, 0, 0, 0, 0, 0, 0, 1, 1, 0, 1, 0, 0, 0, 0, 0, 0, 0, 1, 0, 0, 0, 1, 0, 0, 0, 1, 0, 0, 1, 0, 0, 0, 0, 0, 0, 0, 0, 0, 0, 0, 1, 0, 0, 0, 0, 1, 0, 1, 0, 1, 1, 0, 1, 1, 1, 0, 0, 0, 0, 1, 0, 0, 0, 0, 0, 1, 0, 1, 0, 0, 1, 0, 1, 0, 1 )
Hint([8,8]+[1,8]+[5,6] add up to 12)
Hint([5,0]+[6,3]+[1,4] add up to 15)
Hint([5,1]+[5,4] add up to 5)
Hint([6,2]+[8,0] add up to 3)
Hint([6,2]+[4,1] add up to 3)
Hint([1,3]+[2,4] add up to 6)
Hint([2,6]+[4,6]+[5,0] add up to 11)
Hint([1,7]+[4,2] add up to 9)
Hint([0,0]+[6,1] add up to 16)
Hint([8,7]+[0,3]+[4,4] add up to 16)
