Level( 4, 6, 5, 8, 7, 2, 1, 9, 3, 3, 1, 2, 5, 9, 4, 8, 7, 6, 7, 9, 8, 6, 1, 3, 5, 4, 2, 8, 5, 1, 9, 6, 7, 3, 2, 4, 2, 4, 9, 3, 5, 1, 7, 6, 8, 6, 3, 7, 4, 2, 8, 9, 5, 1, 5, 7, 3, 2, 8, 6, 4, 1, 9, 1, 2, 4, 7, 3, 9, 6, 8, 5, 9, 8, 6, 1, 4, 5, 2, 3, 7 )
Visible( 0, 1, 1, 1, 0, 0, 1, 0, 0, 0, 0, 0, 0, 1, 0, 0, 0, 0, 0, 1, 0, 0, 0, 1, 0, 0, 1, 1, 0, 0, 0, 0, 0, 1, 0, 0, 1, 0, 1, 0, 0, 0, 0, 1, 1, 0, 0, 0, 1, 0, 0, 0, 1, 0, 0, 0, 1, 0, 0, 1, 0, 0, 1, 1, 0, 0, 1, 0, 0, 1, 1, 0, 0, 1, 0, 1, 0, 0, 0, 0, 0 )
Hint([7,0]+[8,0]+[3,4] add up to 12)
Hint([6,6]+[8,2]+[1,3] add up to 8)
Hint([6,4]+[6,7] add up to 11)
Hint([7,2]+[8,2] add up to 4)
Hint([6,0]+[3,6] add up to 1)
Hint([1,2]+[2,8] add up to 13)
Hint([2,0]+[3,0]+[3,6] add up to 12)
Hint([1,5]+[3,2]+[0,8] add up to 15)
Hint([5,5]+[0,5] add up to 12)
Hint([8,0]+[3,7]+[2,7] add up to 11)
