Level( 2, 7, 6, 3, 4, 8, 1, 9, 5, 3, 9, 5, 2, 7, 1, 4, 6, 8, 4, 1, 8, 6, 5, 9, 2, 7, 3, 7, 6, 2, 5, 1, 3, 9, 8, 4, 9, 5, 1, 8, 2, 4, 6, 3, 7, 8, 3, 4, 7, 9, 6, 5, 1, 2, 5, 8, 3, 1, 6, 2, 7, 4, 9, 1, 2, 9, 4, 3, 7, 8, 5, 6, 6, 4, 7, 9, 8, 5, 3, 2, 1 )
Visible( 0, 0, 1, 1, 1, 0, 0, 1, 0, 1, 0, 0, 0, 0, 1, 0, 1, 0, 0, 0, 0, 0, 1, 0, 0, 0, 0, 1, 1, 1, 0, 0, 0, 1, 0, 0, 0, 1, 0, 0, 0, 0, 0, 1, 1, 1, 0, 0, 0, 0, 0, 0, 0, 1, 0, 1, 0, 0, 0, 0, 1, 0, 0, 1, 0, 0, 1, 1, 0, 0, 0, 0, 0, 0, 0, 1, 0, 1, 0, 0, 0 )
Hint([7,3]+[0,8]+[5,0] add up to 19)
Hint([6,6]+[8,5]+[1,6] add up to 14)
Hint([6,5]+[6,4] add up to 9)
Hint([5,4]+[0,5] add up to 10)
Hint([5,2]+[4,3] add up to 8)
Hint([8,7]+[3,1] add up to 6)
Hint([1,4]+[4,0]+[3,6] add up to 7)
Hint([8,1]+[2,1]+[0,6] add up to 15)
Hint([7,3]+[0,0] add up to 8)
Hint([0,2]+[4,5]+[2,2] add up to 18)
