Level( 4, 5, 3, 1, 2, 7, 8, 9, 6, 7, 8, 1, 9, 5, 6, 2, 3, 4, 6, 9, 2, 8, 3, 4, 5, 1, 7, 2, 1, 7, 3, 4, 8, 6, 5, 9, 8, 6, 9, 7, 1, 5, 4, 2, 3, 3, 4, 5, 6, 9, 2, 1, 7, 8, 5, 2, 6, 4, 7, 9, 3, 8, 1, 9, 3, 4, 5, 8, 1, 7, 6, 2, 1, 7, 8, 2, 6, 3, 9, 4, 5 )
Visible( 0, 0, 0, 0, 1, 1, 0, 1, 1, 0, 1, 1, 1, 1, 0, 0, 0, 0, 0, 0, 0, 0, 0, 0, 0, 0, 1, 0, 0, 0, 0, 1, 0, 0, 0, 1, 1, 0, 0, 1, 0, 0, 0, 0, 1, 0, 1, 0, 0, 0, 1, 0, 1, 0, 0, 0, 1, 0, 0, 0, 1, 0, 1, 0, 1, 0, 1, 0, 0, 0, 0, 0, 1, 0, 0, 1, 0, 0, 0, 1, 1 )
Hint([6,5]+[0,5]+[4,2] add up to 4)
Hint([7,7]+[8,6]+[2,7] add up to 8)
Hint([5,0]+[5,0] add up to 12)
Hint([7,5]+[0,2] add up to 11)
Hint([6,0]+[3,0] add up to 7)
Hint([8,1]+[2,5] add up to 7)
Hint([1,4]+[4,0]+[3,6] add up to 9)
Hint([0,4]+[3,5]+[1,3] add up to 12)
Hint([7,3]+[0,6]+[8,2] add up to 14)
Hint([5,0]+[0,1]+[4,4] add up to 12)
