Level( 1, 8, 3, 9, 6, 2, 5, 7, 4, 5, 7, 4, 1, 3, 8, 6, 2, 9, 9, 2, 6, 5, 4, 7, 1, 3, 8, 3, 1, 5, 4, 8, 6, 2, 9, 7, 7, 6, 9, 2, 1, 3, 8, 4, 5, 2, 4, 8, 7, 9, 5, 3, 1, 6, 8, 9, 1, 6, 2, 4, 7, 5, 3, 6, 5, 2, 3, 7, 9, 4, 8, 1, 4, 3, 7, 8, 5, 1, 9, 6, 2 )
Visible( 1, 0, 1, 0, 0, 0, 0, 0, 0, 0, 0, 1, 0, 0, 1, 0, 1, 0, 0, 0, 0, 0, 0, 1, 0, 1, 1, 0, 0, 0, 1, 0, 0, 1, 0, 0, 1, 0, 1, 0, 0, 1, 1, 0, 0, 0, 1, 0, 0, 1, 0, 0, 0, 0, 0, 0, 0, 1, 0, 0, 1, 0, 1, 0, 1, 1, 0, 0, 1, 0, 0, 1, 0, 0, 0, 1, 0, 1, 0, 0, 0 )
Hint([8,4]+[0,2]+[4,5] add up to 20)
Hint([6,6]+[8,8]+[2,1] add up to 10)
Hint([4,1]+[5,8] add up to 2)
Hint([6,8]+[1,7] add up to 12)
Hint([6,7]+[5,2] add up to 9)
Hint([0,1]+[2,3] add up to 8)
Hint([2,0]+[3,1]+[3,2] add up to 6)
Hint([0,6]+[4,2]+[0,1] add up to 14)
Hint([8,6]+[0,0]+[6,3] add up to 3)
Hint([4,7]+[2,4]+[5,6] add up to 17)
