Level( 2, 6, 4, 1, 3, 7, 9, 8, 5, 1, 7, 8, 2, 9, 5, 3, 6, 4, 9, 3, 5, 4, 8, 6, 1, 2, 7, 5, 4, 2, 9, 6, 3, 7, 1, 8, 7, 8, 3, 5, 1, 4, 6, 9, 2, 6, 1, 9, 7, 2, 8, 5, 4, 3, 8, 9, 1, 3, 5, 2, 4, 7, 6, 3, 2, 7, 6, 4, 9, 8, 5, 1, 4, 5, 6, 8, 7, 1, 2, 3, 9 )
Visible( 1, 0, 0, 1, 0, 1, 0, 0, 0, 0, 0, 1, 0, 0, 0, 1, 1, 0, 0, 0, 0, 1, 0, 0, 0, 0, 1, 0, 0, 1, 0, 0, 1, 1, 1, 0, 0, 0, 0, 0, 0, 0, 0, 0, 1, 0, 0, 1, 1, 0, 0, 0, 1, 0, 0, 0, 0, 0, 0, 0, 0, 0, 0, 1, 0, 1, 0, 0, 1, 1, 0, 0, 1, 0, 0, 1, 0, 0, 0, 0, 1 )
Hint([6,0]+[8,5]+[4,1] add up to 18)
Hint([6,3]+[7,5]+[1,8] add up to 13)
Hint([4,3]+[6,3] add up to 11)
Hint([6,5]+[0,3] add up to 8)
Hint([6,5]+[5,7] add up to 12)
Hint([0,6]+[3,8] add up to 14)
Hint([2,6]+[4,5]+[5,4] add up to 4)
Hint([8,8]+[4,0]+[8,8] add up to 18)
Hint([6,5]+[0,4] add up to 10)
Hint([8,4]+[4,4]+[2,8] add up to 6)
