Level( 3, 4, 7, 6, 1, 9, 5, 8, 2, 2, 6, 9, 8, 7, 5, 4, 1, 3, 8, 5, 1, 2, 4, 3, 7, 9, 6, 7, 3, 4, 9, 5, 8, 6, 2, 1, 9, 1, 2, 3, 6, 4, 8, 7, 5, 6, 8, 5, 1, 2, 7, 3, 4, 9, 5, 9, 3, 4, 8, 2, 1, 6, 7, 1, 2, 8, 7, 3, 6, 9, 5, 4, 4, 7, 6, 5, 9, 1, 2, 3, 8 )
Visible( 0, 0, 0, 0, 0, 0, 1, 1, 1, 0, 0, 0, 0, 0, 0, 1, 0, 1, 0, 0, 1, 1, 0, 0, 0, 0, 1, 0, 1, 0, 1, 1, 0, 0, 0, 0, 1, 0, 0, 0, 0, 0, 0, 0, 0, 1, 1, 0, 0, 0, 0, 0, 1, 0, 0, 1, 1, 1, 0, 0, 0, 1, 0, 0, 0, 0, 1, 0, 1, 0, 1, 0, 0, 1, 0, 0, 0, 1, 0, 0, 1 )
Hint([7,0]+[8,1]+[3,4] add up to 11)
Hint([5,8]+[8,4]+[1,4] add up to 4)
Hint([5,6]+[6,5] add up to 3)
Hint([7,4]+[0,8] add up to 9)
Hint([6,4]+[4,6] add up to 14)
Hint([0,6]+[3,4] add up to 6)
Hint([2,8]+[5,4]+[4,8] add up to 16)
Hint([0,6]+[3,8]+[2,3] add up to 11)
Hint([7,5]+[0,2]+[7,4] add up to 16)
Hint([4,3]+[1,3]+[5,2] add up to 8)
