Level( 9, 7, 4, 3, 1, 8, 5, 6, 2, 2, 1, 6, 7, 9, 5, 8, 3, 4, 5, 8, 3, 4, 2, 6, 1, 9, 7, 3, 6, 1, 8, 7, 4, 9, 2, 5, 4, 5, 2, 9, 3, 1, 6, 7, 8, 8, 9, 7, 6, 5, 2, 4, 1, 3, 6, 4, 9, 2, 8, 3, 7, 5, 1, 7, 3, 5, 1, 4, 9, 2, 8, 6, 1, 2, 8, 5, 6, 7, 3, 4, 9 )
Visible( 0, 1, 0, 1, 1, 0, 0, 0, 0, 0, 0, 1, 0, 0, 1, 0, 0, 1, 0, 0, 0, 0, 0, 0, 1, 1, 0, 0, 1, 1, 0, 0, 1, 1, 0, 0, 0, 0, 0, 1, 0, 0, 0, 1, 0, 1, 0, 0, 1, 1, 0, 0, 0, 0, 0, 0, 0, 0, 0, 0, 0, 1, 0, 0, 0, 0, 0, 0, 0, 0, 1, 1, 0, 1, 1, 0, 1, 0, 1, 0, 0 )
Hint([8,1]+[8,6]+[5,8] add up to 9)
Hint([6,1]+[6,6]+[2,0] add up to 16)
Hint([6,7]+[7,3] add up to 2)
Hint([7,8]+[1,1] add up to 3)
Hint([5,7]+[5,4] add up to 8)
Hint([0,1]+[1,8] add up to 2)
Hint([2,8]+[5,3]+[4,3] add up to 16)
Hint([1,7]+[4,6]+[1,7] add up to 11)
Hint([7,0]+[8,0] add up to 6)
Hint([7,5]+[4,4]+[1,5] add up to 10)
