Level( 6, 2, 9, 4, 8, 3, 1, 5, 7, 7, 3, 5, 9, 1, 6, 2, 8, 4, 4, 8, 1, 2, 7, 5, 9, 3, 6, 5, 7, 2, 6, 3, 9, 4, 1, 8, 8, 1, 4, 5, 2, 7, 6, 9, 3, 3, 9, 6, 1, 4, 8, 5, 7, 2, 1, 4, 7, 3, 5, 2, 8, 6, 9, 9, 5, 8, 7, 6, 4, 3, 2, 1, 2, 6, 3, 8, 9, 1, 7, 4, 5 )
Visible( 0, 1, 0, 1, 0, 0, 0, 0, 1, 0, 0, 0, 0, 0, 0, 1, 0, 0, 1, 0, 0, 0, 0, 0, 1, 1, 0, 0, 0, 0, 1, 0, 0, 0, 0, 0, 0, 0, 0, 1, 0, 1, 0, 0, 1, 1, 1, 1, 0, 0, 0, 0, 0, 0, 0, 0, 1, 0, 1, 0, 0, 0, 0, 0, 0, 1, 0, 1, 0, 0, 1, 1, 0, 0, 0, 1, 1, 1, 0, 1, 0 )
Hint([6,4]+[0,3]+[4,6] add up to 13)
Hint([6,1]+[6,0]+[0,4] add up to 8)
Hint([6,7]+[7,8] add up to 5)
Hint([6,6]+[0,3] add up to 11)
Hint([7,7]+[5,3] add up to 9)
Hint([7,4]+[2,4] add up to 11)
Hint([1,0]+[3,8]+[6,1] add up to 9)
Hint([0,4]+[3,5]+[1,0] add up to 8)
Hint([7,6]+[1,7]+[8,3] add up to 16)
Hint([4,5]+[2,2]+[5,6] add up to 4)
