Level( 9, 8, 7, 5, 3, 6, 4, 1, 2, 2, 5, 1, 7, 8, 4, 9, 3, 6, 3, 4, 6, 2, 9, 1, 7, 8, 5, 8, 1, 9, 6, 4, 3, 5, 2, 7, 7, 3, 2, 1, 5, 9, 8, 6, 4, 4, 6, 5, 8, 7, 2, 3, 9, 1, 1, 9, 4, 3, 2, 7, 6, 5, 8, 6, 7, 8, 9, 1, 5, 2, 4, 3, 5, 2, 3, 4, 6, 8, 1, 7, 9 )
Visible( 1, 0, 0, 0, 1, 0, 0, 0, 0, 1, 0, 0, 0, 1, 0, 0, 0, 1, 0, 1, 0, 0, 0, 0, 0, 0, 1, 0, 0, 0, 1, 0, 0, 0, 1, 0, 0, 1, 0, 1, 0, 0, 0, 0, 1, 1, 0, 1, 0, 0, 0, 1, 0, 0, 0, 0, 0, 0, 1, 0, 0, 1, 0, 0, 0, 1, 0, 1, 0, 0, 0, 1, 0, 0, 0, 1, 1, 1, 0, 1, 0 )
Hint([6,5]+[0,3]+[4,4] add up to 13)
Hint([6,4]+[7,1]+[0,1] add up to 10)
Hint([4,5]+[6,8] add up to 6)
Hint([5,2]+[8,5] add up to 0)
Hint([6,0]+[3,8] add up to 6)
Hint([0,5]+[3,3] add up to 8)
Hint([1,2]+[3,7]+[5,1] add up to 14)
Hint([1,5]+[3,7] add up to 13)
Hint([8,3]+[6,1] add up to 14)
Hint([8,0]+[7,5]+[5,6] add up to 15)
