Level( 7, 3, 2, 4, 1, 9, 6, 8, 5, 6, 8, 9, 7, 5, 3, 1, 4, 2, 4, 1, 5, 2, 6, 8, 3, 7, 9, 3, 6, 8, 9, 2, 7, 5, 1, 4, 2, 4, 1, 3, 8, 5, 7, 9, 6, 9, 5, 7, 1, 4, 6, 8, 2, 3, 8, 2, 3, 5, 9, 1, 4, 6, 7, 1, 7, 4, 6, 3, 2, 9, 5, 8, 5, 9, 6, 8, 7, 4, 2, 3, 1 )
Visible( 0, 0, 1, 0, 1, 1, 0, 1, 0, 0, 0, 0, 0, 1, 1, 0, 1, 1, 0, 0, 1, 0, 0, 0, 0, 1, 1, 0, 1, 1, 0, 0, 0, 0, 0, 0, 0, 1, 0, 0, 0, 1, 0, 0, 0, 1, 0, 0, 1, 1, 0, 0, 0, 0, 1, 0, 0, 0, 0, 0, 0, 1, 1, 0, 1, 0, 0, 1, 1, 0, 0, 0, 0, 0, 0, 1, 0, 0, 0, 0, 0 )
Hint([7,5]+[0,3]+[4,5] add up to 6)
Hint([6,1]+[6,0]+[0,1] add up to 10)
Hint([4,0]+[5,5] add up to 5)
Hint([6,3]+[0,6] add up to 11)
Hint([6,2]+[4,3] add up to 3)
Hint([8,4]+[2,5] add up to 11)
Hint([0,0]+[3,1]+[4,7] add up to 14)
Hint([1,7]+[4,1]+[0,3] add up to 12)
Hint([7,2]+[8,7]+[8,1] add up to 14)
Hint([5,0]+[0,1]+[4,3] add up to 14)
