Level( 1, 7, 3, 4, 6, 2, 5, 9, 8, 4, 2, 9, 3, 5, 8, 7, 6, 1, 6, 5, 8, 7, 9, 1, 3, 4, 2, 2, 3, 5, 6, 4, 9, 1, 8, 7, 8, 1, 6, 2, 3, 7, 9, 5, 4, 7, 9, 4, 1, 8, 5, 2, 3, 6, 9, 8, 7, 5, 1, 6, 4, 2, 3, 3, 6, 1, 9, 2, 4, 8, 7, 5, 5, 4, 2, 8, 7, 3, 6, 1, 9 )
Visible( 1, 0, 1, 0, 1, 0, 0, 0, 0, 0, 0, 1, 0, 0, 0, 0, 0, 0, 1, 0, 0, 1, 0, 1, 1, 1, 0, 0, 0, 0, 0, 0, 0, 1, 0, 0, 0, 0, 0, 1, 0, 0, 0, 1, 1, 0, 0, 0, 0, 0, 1, 0, 0, 0, 0, 0, 1, 0, 0, 0, 0, 0, 0, 0, 1, 0, 0, 0, 1, 0, 1, 1, 1, 0, 0, 0, 0, 1, 0, 1, 1 )
Hint([7,5]+[0,6]+[5,0] add up to 11)
Hint([6,7]+[8,3]+[1,6] add up to 20)
Hint([4,5]+[6,6] add up to 10)
Hint([6,1]+[8,7] add up to 10)
Hint([7,2]+[4,8] add up to 9)
Hint([0,6]+[3,1] add up to 10)
Hint([2,8]+[5,3]+[4,3] add up to 12)
Hint([1,8]+[4,5]+[1,8] add up to 13)
Hint([8,4]+[0,6] add up to 11)
Hint([8,1]+[3,2]+[1,4] add up to 6)
