Level( 2, 6, 7, 3, 9, 5, 4, 8, 1, 8, 9, 1, 7, 4, 2, 5, 3, 6, 4, 3, 5, 6, 8, 1, 9, 2, 7, 1, 7, 3, 4, 5, 6, 2, 9, 8, 6, 4, 2, 9, 1, 8, 7, 5, 3, 5, 8, 9, 2, 7, 3, 1, 6, 4, 7, 5, 4, 8, 3, 9, 6, 1, 2, 9, 2, 8, 1, 6, 7, 3, 4, 5, 3, 1, 6, 5, 2, 4, 8, 7, 9 )
Visible( 0, 0, 0, 0, 1, 0, 1, 1, 0, 0, 0, 0, 0, 0, 0, 0, 0, 1, 0, 1, 1, 0, 1, 0, 0, 0, 0, 1, 0, 1, 1, 0, 0, 1, 0, 0, 0, 0, 0, 0, 0, 0, 0, 1, 0, 0, 0, 0, 1, 0, 1, 1, 0, 0, 0, 1, 1, 0, 0, 1, 1, 0, 0, 1, 0, 0, 1, 0, 1, 0, 0, 0, 0, 0, 1, 0, 1, 0, 0, 0, 1 )
Hint([7,0]+[8,7]+[5,8] add up to 14)
Hint([6,1]+[6,6]+[2,5] add up to 17)
Hint([4,6]+[7,7] add up to 5)
Hint([7,5]+[0,4] add up to 10)
Hint([6,0]+[3,2] add up to 8)
Hint([0,7]+[3,8] add up to 12)
Hint([0,2]+[3,4]+[4,4] add up to 11)
Hint([0,4]+[3,2]+[0,0] add up to 11)
Hint([7,0]+[8,7]+[8,7] add up to 15)
Hint([3,2]+[1,4] add up to 8)
