Level( 1, 2, 7, 3, 5, 4, 9, 6, 8, 6, 3, 9, 1, 2, 8, 4, 5, 7, 8, 4, 5, 9, 7, 6, 1, 2, 3, 9, 6, 8, 7, 3, 1, 2, 4, 5, 4, 7, 2, 5, 6, 9, 8, 3, 1, 3, 5, 1, 8, 4, 2, 6, 7, 9, 2, 8, 3, 4, 9, 7, 5, 1, 6, 7, 1, 4, 6, 8, 5, 3, 9, 2, 5, 9, 6, 2, 1, 3, 7, 8, 4 )
Visible( 0, 0, 0, 1, 0, 0, 0, 0, 0, 1, 0, 0, 1, 0, 1, 0, 0, 1, 0, 0, 1, 0, 0, 1, 0, 0, 0, 0, 1, 0, 0, 1, 0, 0, 1, 0, 0, 1, 1, 1, 0, 0, 0, 0, 1, 0, 0, 0, 0, 0, 1, 1, 0, 1, 0, 0, 1, 0, 0, 0, 0, 0, 0, 1, 0, 1, 0, 1, 0, 1, 0, 0, 0, 1, 0, 0, 1, 0, 0, 0, 1 )
Hint([8,4]+[0,4]+[4,4] add up to 8)
Hint([7,8]+[8,7]+[2,2] add up to 12)
Hint([4,7]+[7,3] add up to 10)
Hint([7,7]+[1,8] add up to 16)
Hint([5,5]+[4,1] add up to 2)
Hint([1,1]+[2,4] add up to 3)
Hint([1,4]+[4,7]+[5,1] add up to 20)
Hint([8,2]+[2,8] add up to 7)
Hint([8,5]+[7,7] add up to 16)
Hint([8,5]+[8,3] add up to 12)
