Level( 3, 9, 2, 6, 5, 8, 7, 4, 1, 8, 7, 5, 1, 4, 9, 6, 3, 2, 1, 4, 6, 7, 2, 3, 5, 8, 9, 9, 2, 1, 4, 8, 6, 3, 5, 7, 4, 3, 7, 5, 9, 1, 8, 2, 6, 5, 6, 8, 2, 3, 7, 1, 9, 4, 2, 1, 4, 3, 7, 5, 9, 6, 8, 6, 8, 3, 9, 1, 4, 2, 7, 5, 7, 5, 9, 8, 6, 2, 4, 1, 3 )
Visible( 0, 1, 1, 1, 0, 1, 0, 0, 1, 0, 0, 0, 0, 0, 1, 1, 0, 1, 0, 0, 0, 1, 0, 0, 0, 0, 1, 0, 0, 1, 0, 1, 0, 0, 1, 1, 0, 0, 0, 0, 0, 1, 1, 0, 0, 0, 0, 1, 0, 1, 0, 0, 0, 0, 1, 0, 1, 0, 1, 0, 0, 0, 1, 1, 0, 1, 0, 1, 0, 0, 0, 0, 0, 0, 0, 0, 0, 0, 1, 0, 0 )
Hint([7,2]+[8,8]+[5,7] add up to 12)
Hint([6,6]+[8,5]+[1,8] add up to 15)
Hint([5,4]+[6,1] add up to 5)
Hint([7,4]+[0,3] add up to 9)
Hint([6,2]+[4,5] add up to 6)
Hint([8,2]+[2,7] add up to 10)
Hint([1,0]+[3,0]+[3,2] add up to 19)
Hint([1,7]+[4,0]+[8,6] add up to 18)
Hint([6,2]+[8,7] add up to 8)
Hint([8,1]+[3,2]+[1,2] add up to 10)
