Level( 2, 8, 3, 5, 6, 9, 7, 1, 4, 5, 9, 1, 4, 2, 7, 8, 6, 3, 7, 4, 6, 3, 1, 8, 2, 5, 9, 3, 5, 2, 1, 8, 6, 9, 4, 7, 6, 7, 8, 9, 4, 5, 1, 3, 2, 4, 1, 9, 2, 7, 3, 6, 8, 5, 8, 3, 7, 6, 9, 4, 5, 2, 1, 9, 2, 4, 8, 5, 1, 3, 7, 6, 1, 6, 5, 7, 3, 2, 4, 9, 8 )
Visible( 1, 0, 0, 1, 0, 0, 1, 1, 0, 1, 0, 0, 1, 0, 0, 0, 1, 0, 0, 0, 0, 0, 0, 1, 0, 0, 0, 0, 0, 0, 0, 0, 1, 0, 1, 0, 0, 0, 1, 0, 0, 0, 1, 0, 1, 1, 0, 1, 1, 1, 0, 0, 0, 1, 1, 0, 1, 0, 0, 0, 0, 1, 0, 1, 0, 1, 0, 0, 0, 0, 0, 0, 0, 0, 0, 0, 1, 0, 0, 0, 0 )
Hint([6,0]+[8,1]+[3,8] add up to 14)
Hint([5,6]+[8,5]+[1,0] add up to 14)
Hint([4,0]+[5,2] add up to 12)
Hint([6,1]+[8,1] add up to 9)
Hint([7,6]+[5,2] add up to 8)
Hint([8,1]+[2,2] add up to 7)
Hint([1,5]+[4,0]+[3,1] add up to 8)
Hint([1,6]+[3,2]+[0,8] add up to 4)
Hint([6,1]+[8,1] add up to 9)
Hint([7,4]+[4,7]+[2,2] add up to 11)
