Level( 9, 1, 4, 5, 2, 8, 3, 6, 7, 2, 8, 5, 6, 7, 3, 9, 4, 1, 6, 7, 3, 1, 4, 9, 8, 5, 2, 4, 5, 1, 7, 3, 6, 2, 8, 9, 8, 6, 2, 9, 1, 4, 7, 3, 5, 3, 9, 7, 2, 8, 5, 4, 1, 6, 7, 3, 9, 8, 6, 1, 5, 2, 4, 5, 4, 6, 3, 9, 2, 1, 7, 8, 1, 2, 8, 4, 5, 7, 6, 9, 3 )
Visible( 0, 1, 0, 0, 1, 0, 0, 0, 1, 0, 0, 0, 1, 0, 0, 1, 0, 0, 0, 0, 1, 0, 0, 0, 1, 1, 1, 0, 1, 0, 0, 0, 0, 0, 1, 0, 0, 1, 1, 1, 1, 1, 0, 0, 0, 0, 0, 0, 1, 0, 0, 0, 0, 0, 0, 0, 1, 0, 0, 0, 1, 0, 1, 0, 0, 0, 0, 1, 0, 0, 0, 0, 0, 0, 1, 0, 0, 1, 0, 0, 0 )
Hint([8,5]+[0,3]+[4,7] add up to 16)
Hint([5,3]+[7,2]+[1,6] add up to 11)
Hint([5,8]+[7,5] add up to 6)
Hint([6,8]+[1,8] add up to 6)
Hint([7,2]+[4,3] add up to 6)
Hint([0,8]+[4,1] add up to 6)
Hint([1,8]+[5,3]+[4,3] add up to 8)
Hint([0,5]+[3,1]+[0,4] add up to 14)
Hint([5,6]+[1,4] add up to 5)
Hint([8,6]+[5,1]+[1,8] add up to 6)
