Level( 3, 5, 2, 1, 4, 7, 8, 9, 6, 6, 4, 8, 9, 2, 5, 1, 7, 3, 1, 7, 9, 3, 8, 6, 5, 2, 4, 7, 2, 1, 8, 9, 3, 6, 4, 5, 4, 9, 5, 7, 6, 1, 3, 8, 2, 8, 6, 3, 4, 5, 2, 7, 1, 9, 5, 1, 7, 2, 3, 9, 4, 6, 8, 2, 3, 4, 6, 1, 8, 9, 5, 7, 9, 8, 6, 5, 7, 4, 2, 3, 1 )
Visible( 0, 0, 0, 0, 0, 0, 0, 0, 0, 1, 0, 1, 0, 0, 0, 0, 0, 0, 1, 1, 0, 1, 0, 1, 1, 1, 0, 0, 0, 0, 0, 1, 1, 0, 0, 1, 1, 0, 0, 1, 0, 0, 0, 0, 0, 0, 0, 0, 0, 1, 0, 0, 1, 1, 0, 0, 0, 0, 0, 0, 1, 0, 1, 1, 1, 0, 0, 0, 0, 0, 0, 0, 0, 0, 0, 1, 0, 1, 0, 1, 1 )
Hint([6,0]+[8,6]+[5,0] add up to 20)
Hint([5,5]+[8,1]+[0,5] add up to 10)
Hint([5,7]+[7,3] add up to 10)
Hint([5,8]+[1,8] add up to 10)
Hint([6,5]+[4,0] add up to 9)
Hint([8,3]+[2,1] add up to 11)
Hint([2,8]+[5,7]+[5,1] add up to 16)
Hint([0,7]+[4,7]+[1,2] add up to 7)
Hint([6,6]+[1,5]+[8,6] add up to 15)
Hint([5,6]+[2,1]+[4,8] add up to 21)
