Level( 6, 8, 2, 7, 1, 5, 4, 9, 3, 7, 3, 5, 6, 4, 9, 1, 2, 8, 9, 1, 4, 2, 3, 8, 7, 6, 5, 4, 6, 9, 3, 7, 1, 8, 5, 2, 1, 2, 8, 4, 5, 6, 3, 7, 9, 3, 5, 7, 9, 8, 2, 6, 4, 1, 2, 9, 1, 8, 6, 4, 5, 3, 7, 8, 7, 6, 5, 9, 3, 2, 1, 4, 5, 4, 3, 1, 2, 7, 9, 8, 6 )
Visible( 1, 1, 0, 0, 0, 0, 0, 0, 0, 0, 1, 0, 0, 1, 0, 0, 1, 0, 1, 0, 0, 1, 0, 0, 0, 0, 1, 0, 0, 0, 0, 1, 0, 0, 0, 1, 1, 0, 0, 0, 0, 0, 1, 0, 0, 0, 0, 0, 0, 0, 0, 1, 1, 0, 0, 0, 0, 1, 0, 0, 0, 1, 1, 0, 0, 1, 0, 0, 1, 0, 0, 0, 1, 1, 0, 0, 1, 0, 0, 0, 0 )
Hint([7,8]+[1,7]+[5,5] add up to 14)
Hint([6,4]+[7,0]+[0,8] add up to 14)
Hint([4,3]+[6,7] add up to 7)
Hint([6,2]+[8,8] add up to 11)
Hint([5,7]+[5,8] add up to 8)
Hint([0,4]+[2,7] add up to 5)
Hint([3,7]+[5,4]+[4,8] add up to 10)
Hint([1,0]+[2,3]+[0,0] add up to 20)
Hint([6,1]+[8,3]+[7,5] add up to 4)
Hint([4,0]+[0,3]+[5,8] add up to 9)
