Level( 1, 6, 4, 5, 2, 7, 3, 8, 9, 2, 7, 8, 9, 3, 4, 1, 6, 5, 9, 3, 5, 8, 1, 6, 7, 4, 2, 7, 2, 9, 6, 8, 1, 4, 5, 3, 4, 5, 6, 3, 7, 9, 8, 2, 1, 3, 8, 1, 2, 4, 5, 6, 9, 7, 8, 9, 3, 1, 6, 2, 5, 7, 4, 5, 1, 7, 4, 9, 8, 2, 3, 6, 6, 4, 2, 7, 5, 3, 9, 1, 8 )
Visible( 0, 0, 1, 0, 0, 0, 0, 0, 0, 1, 0, 0, 1, 0, 0, 0, 1, 1, 0, 0, 1, 0, 0, 0, 1, 0, 1, 1, 0, 0, 1, 0, 0, 1, 0, 1, 0, 0, 0, 0, 0, 1, 0, 1, 1, 1, 0, 0, 0, 0, 1, 0, 0, 0, 0, 0, 0, 0, 1, 1, 0, 1, 1, 0, 1, 1, 0, 0, 0, 0, 0, 0, 0, 0, 0, 0, 1, 1, 0, 0, 0 )
Hint([7,3]+[8,1]+[3,3] add up to 13)
Hint([5,1]+[6,0]+[0,0] add up to 5)
Hint([5,5]+[6,4] add up to 11)
Hint([6,0]+[8,6] add up to 5)
Hint([5,8]+[5,2] add up to 7)
Hint([0,4]+[2,2] add up to 7)
Hint([1,4]+[4,6]+[5,5] add up to 13)
Hint([8,6]+[3,3]+[0,5] add up to 10)
Hint([8,7]+[1,1] add up to 11)
Hint([7,2]+[4,0]+[1,5] add up to 11)
