Level( 2, 1, 5, 7, 3, 4, 9, 6, 8, 9, 3, 8, 1, 6, 5, 7, 4, 2, 7, 6, 4, 8, 2, 9, 1, 5, 3, 5, 7, 9, 4, 1, 2, 3, 8, 6, 1, 4, 3, 5, 8, 6, 2, 7, 9, 6, 8, 2, 3, 9, 7, 4, 1, 5, 4, 9, 7, 6, 5, 3, 8, 2, 1, 8, 2, 6, 9, 7, 1, 5, 3, 4, 3, 5, 1, 2, 4, 8, 6, 9, 7 )
Visible( 1, 1, 0, 1, 0, 0, 0, 1, 0, 0, 1, 0, 0, 0, 0, 0, 1, 0, 1, 1, 0, 1, 1, 1, 0, 0, 1, 0, 1, 0, 0, 0, 0, 1, 0, 0, 1, 0, 0, 0, 0, 0, 0, 0, 0, 1, 0, 0, 0, 1, 0, 1, 0, 0, 0, 0, 0, 1, 0, 0, 1, 0, 1, 0, 0, 0, 0, 0, 1, 1, 0, 0, 0, 0, 0, 0, 1, 0, 1, 1, 0 )
Hint([7,2]+[8,8]+[5,4] add up to 15)
Hint([7,7]+[8,3]+[1,3] add up to 13)
Hint([6,1]+[5,4] add up to 11)
Hint([6,7]+[1,1] add up to 6)
Hint([5,8]+[5,1] add up to 11)
Hint([0,7]+[3,0] add up to 13)
Hint([3,2]+[3,4] add up to 11)
Hint([6,5]+[0,7]+[4,5] add up to 18)
Hint([8,5]+[7,5] add up to 4)
Hint([0,0]+[7,0] add up to 6)
