Level( 3, F, B, 6, C, 7, E, 1, 5, D, 2, 4, 8, 9, A, 0, 7, A, D, C, 5, 8, B, 6, 9, F, E, 0, 1, 3, 2, 4, E, 0, 4, 2, A, 9, F, 3, 8, B, 1, C, D, 7, 6, 5, 8, 9, 5, 1, 0, D, 4, 2, 6, 7, A, 3, C, F, E, B, D, C, A, 4, E, 3, 5, 0, 1, 6, 8, 2, 7, B, F, 9, B, 8, E, 0, 2, 1, 7, 9, 4, 5, C, F, 6, D, 3, A, 6, 2, 9, 7, 8, F, C, B, 3, A, D, E, 0, 5, 4, 1, F, 1, 3, 5, 4, A, 6, D, B, 9, 0, 7, 2, E, 8, C, A, 5, 1, D, 3, 6, 9, C, 7, E, B, 8, F, 4, 0, 2, 4, B, C, 8, 1, E, 0, F, D, 2, 9, A, 5, 6, 7, 3, 9, 7, 2, 3, B, 4, 8, A, F, 0, 5, 6, E, 1, C, D, 0, E, 6, F, D, 5, 2, 7, C, 4, 3, 1, 9, A, B, 8, 2, D, 7, E, F, C, 1, 8, A, 3, 4, 5, B, 0, 9, 6, 5, 3, F, B, 7, 0, D, 4, 2, C, 6, 9, A, 8, 1, E, C, 6, 8, A, 9, B, 3, E, 0, 1, F, D, 4, 2, 5, 7, 1, 4, 0, 9, 6, 2, A, 5, E, 8, 7, B, 3, C, D, F )
Visible( 1, 0, 0, 1, 0, 0, 0, 0, 1, 1, 1, 0, 1, 1, 1, 1, 1, 0, 0, 1, 1, 1, 1, 0, 0, 0, 1, 0, 0, 1, 1, 0, 0, 1, 0, 0, 1, 0, 1, 1, 1, 1, 1, 1, 0, 0, 0, 0, 1, 0, 0, 0, 1, 0, 0, 0, 1, 0, 0, 0, 1, 0, 0, 1, 0, 1, 0, 0, 0, 1, 0, 0, 0, 0, 0, 1, 0, 1, 1, 0, 0, 1, 0, 1, 0, 0, 0, 1, 1, 1, 1, 0, 0, 0, 0, 0, 1, 1, 1, 1, 1, 1, 0, 0, 1, 0, 0, 1, 0, 0, 0, 1, 0, 1, 0, 1, 0, 0, 1, 1, 1, 1, 1, 1, 0, 0, 1, 0, 0, 0, 0, 1, 1, 0, 0, 0, 1, 0, 0, 0, 0, 0, 1, 0, 1, 1, 0, 1, 1, 1, 0, 0, 0, 1, 1, 1, 0, 1, 1, 0, 0, 1, 1, 0, 1, 1, 0, 0, 0, 0, 0, 0, 1, 1, 1, 0, 1, 0, 1, 0, 1, 0, 0, 0, 1, 1, 1, 0, 0, 0, 0, 1, 0, 1, 1, 1, 1, 0, 1, 0, 0, 0, 1, 1, 1, 1, 0, 0, 0, 0, 0, 1, 1, 0, 1, 1, 0, 0, 0, 0, 1, 0, 0, 0, 0, 1, 0, 1, 1, 1, 1, 1, 0, 0, 0, 1, 0, 0, 1, 1, 0, 0, 1, 0, 0, 1, 0, 0, 0, 0, 0, 1, 0, 1, 1, 0 )
Hint([14,7]+[0,11]+[9,6] add up to 18)
Hint([9,13]+[15,12]+[3,6] add up to 25)
Hint([7,15]+[13,6] add up to 10)
Hint([10,4]+[15,9] add up to 11)
Hint([12,2]+[6,15] add up to 23)
Hint([15,14]+[6,10] add up to 15)
Hint([3,13]+[9,3]+[7,14] add up to 32)
Hint([1,2]+[4,2]+[0,9] add up to 14)
Hint([14,5]+[0,9] add up to 7)
Hint([1,4]+[7,12]+[4,2] add up to 30)
