Level( 1, 5, 9, 2, 8, 7, 4, 3, 6, 2, 6, 3, 1, 4, 5, 8, 7, 9, 8, 7, 4, 9, 3, 6, 1, 5, 2, 4, 3, 7, 8, 6, 1, 2, 9, 5, 5, 9, 1, 3, 7, 2, 6, 8, 4, 6, 2, 8, 5, 9, 4, 3, 1, 7, 3, 8, 6, 4, 5, 9, 7, 2, 1, 9, 4, 2, 7, 1, 3, 5, 6, 8, 7, 1, 5, 6, 2, 8, 9, 4, 3 )
Visible( 1, 1, 0, 0, 0, 0, 1, 0, 0, 0, 1, 1, 0, 0, 0, 0, 0, 0, 0, 0, 0, 1, 0, 0, 0, 0, 0, 0, 0, 0, 0, 1, 1, 0, 0, 1, 0, 0, 0, 1, 1, 0, 0, 1, 1, 0, 0, 0, 0, 0, 0, 1, 0, 0, 1, 0, 1, 1, 1, 1, 1, 0, 1, 0, 0, 0, 0, 1, 0, 0, 0, 1, 1, 1, 0, 0, 1, 0, 0, 0, 0 )
Hint([8,8]+[1,6]+[5,8] add up to 16)
Hint([6,6]+[8,6]+[2,4] add up to 6)
Hint([4,7]+[7,0] add up to 2)
Hint([7,2]+[8,5] add up to 10)
Hint([6,5]+[5,1] add up to 6)
Hint([1,4]+[2,6] add up to 13)
Hint([2,2]+[3,3]+[4,8] add up to 11)
Hint([8,3]+[3,2]+[0,7] add up to 20)
Hint([6,3]+[0,0] add up to 1)
Hint([7,0]+[3,0]+[0,7] add up to 11)
