Level( 5, 1, 2, 4, 3, 8, 7, 9, 6, 9, 6, 8, 7, 5, 1, 4, 2, 3, 7, 3, 4, 6, 2, 9, 1, 8, 5, 8, 7, 5, 9, 1, 3, 2, 6, 4, 4, 9, 3, 5, 6, 2, 8, 1, 7, 1, 2, 6, 8, 7, 4, 3, 5, 9, 2, 4, 1, 3, 9, 5, 6, 7, 8, 6, 8, 9, 1, 4, 7, 5, 3, 2, 3, 5, 7, 2, 8, 6, 9, 4, 1 )
Visible( 0, 0, 0, 0, 0, 1, 0, 0, 1, 0, 0, 0, 1, 0, 0, 0, 1, 0, 1, 0, 0, 0, 1, 1, 0, 1, 0, 1, 0, 0, 0, 1, 0, 0, 0, 1, 0, 0, 0, 1, 1, 0, 0, 0, 0, 1, 1, 0, 0, 0, 0, 0, 1, 0, 0, 0, 1, 0, 1, 0, 0, 1, 0, 1, 0, 0, 0, 0, 1, 1, 0, 0, 1, 0, 1, 0, 0, 0, 0, 0, 1 )
Hint([7,8]+[1,4]+[4,8] add up to 18)
Hint([6,1]+[6,6]+[2,2] add up to 11)
Hint([4,3]+[6,0] add up to 6)
Hint([5,3]+[0,7] add up to 7)
Hint([5,6]+[5,8] add up to 9)
Hint([0,3]+[2,8] add up to 13)
Hint([1,1]+[3,0]+[3,6] add up to 10)
Hint([8,6]+[3,4]+[1,2] add up to 13)
Hint([7,7]+[1,2]+[7,3] add up to 9)
Hint([5,5]+[2,8]+[6,3] add up to 10)
