Level( 2, 5, 6, 4, 9, 8, 1, 7, 3, 4, 3, 7, 2, 6, 1, 8, 9, 5, 9, 8, 1, 7, 3, 5, 4, 6, 2, 5, 1, 9, 6, 8, 2, 3, 4, 7, 7, 4, 2, 5, 1, 3, 6, 8, 9, 3, 6, 8, 9, 4, 7, 5, 2, 1, 8, 7, 3, 1, 2, 6, 9, 5, 4, 6, 2, 4, 3, 5, 9, 7, 1, 8, 1, 9, 5, 8, 7, 4, 2, 3, 6 )
Visible( 1, 0, 1, 0, 0, 0, 0, 1, 0, 0, 1, 0, 0, 0, 0, 1, 0, 0, 0, 0, 0, 1, 0, 1, 0, 0, 0, 0, 0, 0, 1, 0, 1, 0, 0, 0, 0, 1, 0, 0, 1, 1, 0, 0, 1, 0, 0, 0, 0, 1, 0, 1, 1, 1, 1, 0, 0, 0, 1, 0, 0, 0, 1, 1, 0, 0, 0, 0, 0, 0, 0, 0, 1, 0, 0, 0, 0, 1, 1, 1, 0 )
Hint([8,0]+[8,7]+[5,2] add up to 13)
Hint([5,4]+[7,3]+[1,4] add up to 8)
Hint([4,0]+[5,4] add up to 10)
Hint([5,2]+[8,0] add up to 6)
Hint([6,5]+[4,2] add up to 6)
Hint([1,0]+[1,4] add up to 7)
Hint([2,7]+[5,4]+[4,8] add up to 11)
Hint([8,3]+[3,4]+[1,0] add up to 14)
Hint([7,7]+[1,0]+[6,7] add up to 10)
Hint([5,3]+[1,7] add up to 2)
