Level( 2, 8, 7, 1, 3, 4, 9, 5, 6, 6, 3, 4, 9, 5, 7, 8, 1, 2, 5, 9, 1, 8, 2, 6, 3, 4, 7, 7, 5, 9, 2, 1, 3, 4, 6, 8, 3, 2, 6, 7, 4, 8, 1, 9, 5, 1, 4, 8, 5, 6, 9, 2, 7, 3, 4, 1, 5, 3, 7, 2, 6, 8, 9, 8, 6, 3, 4, 9, 5, 7, 2, 1, 9, 7, 2, 6, 8, 1, 5, 3, 4 )
Visible( 0, 0, 1, 1, 0, 1, 0, 0, 0, 0, 1, 0, 1, 0, 1, 0, 0, 1, 0, 0, 0, 0, 0, 1, 1, 1, 0, 1, 1, 1, 1, 0, 0, 0, 0, 0, 0, 0, 0, 1, 0, 0, 1, 0, 0, 1, 0, 0, 0, 0, 0, 1, 0, 0, 0, 0, 0, 0, 0, 0, 1, 1, 1, 0, 0, 1, 0, 1, 0, 0, 0, 1, 0, 0, 0, 0, 1, 0, 0, 0, 0 )
Hint([7,8]+[1,0]+[3,3] add up to 10)
Hint([7,5]+[7,7]+[2,0] add up to 13)
Hint([5,0]+[5,1] add up to 9)
Hint([7,1]+[8,0] add up to 5)
Hint([6,5]+[4,7] add up to 9)
Hint([1,5]+[3,8] add up to 8)
Hint([2,1]+[3,2]+[4,7] add up to 18)
Hint([1,4]+[3,0]+[8,0] add up to 6)
Hint([7,2]+[8,0]+[6,7] add up to 14)
Hint([3,7]+[2,2] add up to 3)
