Level( 1, 4, 7, 5, 2, 9, 3, 8, 6, 8, 2, 6, 7, 1, 3, 9, 4, 5, 3, 5, 9, 8, 6, 4, 7, 2, 1, 7, 1, 8, 9, 3, 6, 4, 5, 2, 5, 9, 2, 4, 7, 1, 6, 3, 8, 6, 3, 4, 2, 5, 8, 1, 9, 7, 4, 7, 3, 1, 8, 2, 5, 6, 9, 9, 8, 1, 6, 4, 5, 2, 7, 3, 2, 6, 5, 3, 9, 7, 8, 1, 4 )
Visible( 0, 0, 1, 0, 0, 0, 0, 1, 0, 0, 1, 0, 0, 1, 0, 1, 0, 0, 0, 1, 0, 0, 1, 0, 0, 1, 0, 0, 0, 0, 0, 0, 0, 0, 0, 0, 1, 1, 1, 1, 0, 0, 0, 0, 0, 0, 0, 1, 0, 1, 1, 1, 0, 0, 1, 0, 1, 0, 1, 0, 0, 1, 0, 0, 0, 1, 1, 0, 0, 1, 0, 0, 0, 0, 0, 1, 0, 0, 1, 0, 0 )
Hint([8,6]+[0,8]+[5,4] add up to 9)
Hint([7,0]+[6,8]+[2,6] add up to 16)
Hint([4,2]+[5,7] add up to 9)
Hint([7,3]+[0,1] add up to 11)
Hint([6,3]+[4,4] add up to 9)
Hint([0,1]+[1,1] add up to 8)
Hint([1,3]+[4,6]+[5,0] add up to 15)
Hint([0,1]+[2,2] add up to 15)
Hint([8,3]+[6,0] add up to 3)
Hint([0,1]+[7,0]+[3,7] add up to 19)
