Level( 7, 1, 8, 6, 9, 4, 5, 3, 2, 2, 3, 9, 1, 7, 5, 6, 8, 4, 6, 5, 4, 8, 3, 2, 1, 9, 7, 5, 8, 1, 9, 2, 3, 4, 7, 6, 9, 6, 2, 7, 4, 1, 8, 5, 3, 4, 7, 3, 5, 6, 8, 9, 2, 1, 3, 2, 5, 4, 8, 6, 7, 1, 9, 1, 4, 7, 3, 5, 9, 2, 6, 8, 8, 9, 6, 2, 1, 7, 3, 4, 5 )
Visible( 1, 0, 1, 0, 1, 0, 1, 0, 0, 0, 1, 0, 0, 1, 1, 0, 1, 1, 0, 0, 0, 0, 1, 0, 0, 0, 1, 0, 1, 0, 0, 0, 0, 0, 0, 0, 1, 1, 1, 0, 0, 1, 0, 0, 1, 0, 0, 1, 0, 0, 0, 1, 0, 0, 0, 0, 1, 0, 0, 1, 0, 0, 0, 0, 1, 0, 0, 0, 1, 1, 0, 0, 0, 0, 0, 0, 1, 1, 0, 0, 1 )
Hint([8,7]+[1,7]+[5,8] add up to 16)
Hint([7,5]+[8,7]+[2,4] add up to 9)
Hint([4,7]+[7,7] add up to 9)
Hint([7,5]+[0,4] add up to 9)
Hint([5,5]+[5,6] add up to 12)
Hint([8,5]+[3,6] add up to 3)
Hint([1,6]+[4,0]+[3,2] add up to 16)
Hint([0,5]+[3,7]+[1,5] add up to 11)
Hint([8,3]+[0,3] add up to 9)
Hint([8,1]+[3,3]+[1,5] add up to 17)
