Level( 3, 5, 6, 8, 9, 4, 7, 2, 1, 4, 9, 2, 5, 1, 7, 6, 3, 8, 1, 8, 7, 3, 6, 2, 9, 5, 4, 7, 3, 8, 1, 5, 6, 4, 9, 2, 5, 6, 4, 9, 2, 8, 3, 1, 7, 9, 2, 1, 4, 7, 3, 5, 8, 6, 2, 7, 9, 6, 8, 5, 1, 4, 3, 8, 4, 5, 7, 3, 1, 2, 6, 9, 6, 1, 3, 2, 4, 9, 8, 7, 5 )
Visible( 0, 0, 1, 0, 0, 1, 0, 0, 0, 0, 1, 0, 0, 1, 0, 0, 1, 0, 0, 1, 0, 1, 0, 1, 0, 0, 1, 0, 0, 0, 0, 0, 0, 0, 1, 0, 1, 1, 0, 0, 0, 0, 0, 0, 0, 0, 1, 1, 0, 0, 0, 1, 1, 1, 0, 0, 1, 1, 0, 1, 0, 0, 1, 0, 1, 0, 0, 0, 0, 1, 0, 0, 1, 1, 0, 0, 0, 1, 0, 1, 0 )
Hint([7,5]+[0,4]+[4,5] add up to 17)
Hint([6,2]+[7,7]+[2,8] add up to 15)
Hint([5,7]+[7,6] add up to 3)
Hint([6,4]+[0,0] add up to 4)
Hint([7,2]+[4,4] add up to 5)
Hint([8,2]+[2,2] add up to 9)
Hint([1,1]+[3,7]+[5,1] add up to 20)
Hint([0,7]+[4,5]+[1,0] add up to 17)
Hint([7,7]+[1,8]+[8,6] add up to 7)
Hint([3,5]+[2,1] add up to 4)
