Level( 5, 6, 1, 4, 7, 2, 8, 9, 3, 7, 3, 2, 6, 8, 9, 4, 1, 5, 4, 9, 8, 5, 3, 1, 2, 7, 6, 3, 5, 7, 8, 9, 4, 6, 2, 1, 9, 1, 4, 7, 2, 6, 3, 5, 8, 2, 8, 6, 3, 1, 5, 9, 4, 7, 6, 7, 9, 2, 5, 8, 1, 3, 4, 8, 2, 3, 1, 4, 7, 5, 6, 9, 1, 4, 5, 9, 6, 3, 7, 8, 2 )
Visible( 0, 1, 0, 1, 0, 0, 0, 0, 1, 1, 0, 0, 0, 0, 1, 0, 1, 0, 0, 0, 0, 0, 0, 1, 0, 0, 1, 0, 0, 0, 1, 1, 1, 1, 0, 0, 0, 0, 1, 0, 0, 0, 0, 1, 0, 0, 0, 0, 0, 0, 0, 0, 0, 1, 1, 0, 0, 0, 1, 0, 0, 1, 0, 0, 1, 1, 1, 0, 0, 0, 0, 0, 0, 1, 1, 0, 1, 0, 0, 0, 0 )
Hint([8,8]+[1,0]+[3,2] add up to 10)
Hint([5,3]+[7,5]+[1,4] add up to 6)
Hint([6,1]+[5,1] add up to 11)
Hint([7,5]+[0,7] add up to 10)
Hint([5,4]+[4,6] add up to 9)
Hint([0,0]+[1,3] add up to 8)
Hint([1,3]+[3,0]+[3,2] add up to 11)
Hint([0,6]+[3,0]+[8,7] add up to 16)
Hint([6,7]+[1,3] add up to 8)
Hint([8,0]+[3,6]+[2,4] add up to 6)
