Level( 2, 8, 0, F, E, 7, A, 9, B, C, D, 3, 6, 1, 4, 5, E, 3, B, 6, D, 2, F, 1, 5, 0, 4, A, 9, C, 8, 7, A, 7, 1, D, C, 6, 4, 5, 2, 9, 8, F, 0, 3, E, B, 4, 9, 5, C, 3, 0, B, 8, 6, 7, 1, E, 2, D, F, A, C, 1, 9, 8, 0, D, E, 2, A, 3, F, 5, 7, 4, B, 6, B, 0, D, 3, 7, A, 8, 4, 9, E, 6, 1, F, 5, 2, C, F, 4, 2, 5, B, 1, 9, 6, C, D, 7, 8, E, 0, A, 3, 7, 6, E, A, F, C, 5, 3, 4, 2, 0, B, 8, 9, D, 1, 6, 5, A, 0, 1, B, D, E, 8, F, 9, C, 3, 2, 7, 4, 9, C, F, 2, 5, 4, 3, 7, D, A, B, 0, 1, 8, 6, E, 3, B, 8, 1, 6, F, 2, C, 7, 5, E, 4, D, A, 9, 0, D, E, 7, 4, 9, 8, 0, A, 1, 6, 3, 2, 5, B, C, F, 1, A, 6, B, 2, E, 7, D, 3, 4, 5, 9, C, F, 0, 8, 0, 2, 3, 7, 8, 5, C, F, E, B, A, D, 4, 6, 1, 9, 8, D, 4, 9, A, 3, 6, 0, F, 1, C, 7, B, E, 5, 2, 5, F, C, E, 4, 9, 1, B, 0, 8, 2, 6, A, 7, 3, D )
Visible( 0, 0, 1, 1, 1, 0, 1, 1, 0, 0, 1, 0, 1, 0, 1, 0, 0, 0, 1, 1, 0, 1, 0, 0, 1, 1, 1, 0, 0, 0, 1, 0, 1, 1, 1, 0, 0, 0, 1, 0, 0, 0, 0, 0, 0, 1, 0, 0, 0, 1, 0, 1, 0, 0, 1, 0, 1, 0, 0, 1, 0, 0, 1, 0, 1, 1, 0, 1, 1, 1, 0, 1, 1, 1, 0, 1, 0, 1, 0, 1, 0, 0, 1, 1, 0, 1, 0, 1, 0, 0, 1, 1, 1, 0, 1, 0, 1, 0, 0, 1, 0, 1, 0, 1, 0, 0, 1, 1, 1, 0, 0, 0, 0, 0, 1, 1, 0, 1, 1, 1, 1, 0, 0, 1, 1, 0, 1, 1, 0, 0, 1, 0, 0, 0, 0, 0, 0, 0, 0, 0, 1, 1, 0, 0, 0, 0, 0, 1, 1, 0, 1, 1, 1, 0, 1, 1, 1, 0, 1, 0, 0, 0, 0, 1, 0, 1, 1, 0, 1, 1, 1, 1, 1, 1, 0, 1, 0, 0, 1, 0, 0, 0, 0, 1, 1, 1, 1, 0, 0, 0, 0, 0, 0, 1, 1, 0, 0, 0, 0, 1, 1, 0, 0, 1, 1, 1, 0, 0, 1, 1, 0, 1, 0, 0, 0, 1, 0, 0, 1, 1, 0, 0, 1, 0, 1, 0, 0, 0, 0, 0, 1, 1, 1, 0, 0, 1, 1, 1, 1, 0, 0, 1, 1, 1, 0, 0, 0, 0, 0, 0, 0, 0, 1, 1, 0, 0 )
Hint([11,2]+[14,1]+[6,14] add up to 29)
Hint([13,11]+[14,9]+[3,7] add up to 27)
Hint([10,5]+[10,8] add up to 15)
Hint([13,2]+[15,11] add up to 18)
Hint([12,6]+[7,8] add up to 28)
Hint([14,15]+[7,13] add up to 18)
Hint([3,5]+[6,1]+[6,5] add up to 26)
Hint([2,7]+[5,9]+[2,14] add up to 22)
Hint([12,3]+[15,10] add up to 2)
Hint([13,10]+[9,1]+[1,3] add up to 19)
