Level( 8, 3, 4, 6, 5, 1, 9, 2, 7, 6, 9, 1, 7, 2, 3, 4, 8, 5, 7, 5, 2, 4, 9, 8, 6, 3, 1, 9, 8, 6, 1, 3, 7, 2, 5, 4, 2, 1, 3, 5, 4, 6, 8, 7, 9, 5, 4, 7, 9, 8, 2, 1, 6, 3, 1, 2, 8, 3, 7, 4, 5, 9, 6, 4, 7, 9, 8, 6, 5, 3, 1, 2, 3, 6, 5, 2, 1, 9, 7, 4, 8 )
Visible( 0, 0, 0, 0, 1, 0, 0, 0, 0, 0, 1, 0, 0, 0, 1, 0, 0, 0, 1, 0, 0, 0, 0, 0, 0, 1, 0, 0, 0, 1, 0, 1, 0, 0, 0, 1, 1, 0, 0, 0, 0, 0, 1, 1, 1, 1, 0, 0, 0, 0, 1, 0, 0, 0, 0, 0, 1, 0, 0, 1, 1, 0, 0, 1, 0, 0, 1, 0, 1, 0, 0, 1, 0, 1, 0, 0, 1, 0, 1, 0, 0 )
Hint([6,6]+[0,1]+[3,0] add up to 14)
Hint([7,8]+[8,1]+[0,7] add up to 10)
Hint([5,5]+[6,5] add up to 1)
Hint([6,5]+[0,7] add up to 3)
Hint([7,5]+[4,2] add up to 13)
Hint([8,8]+[4,7] add up to 12)
Hint([2,1]+[3,4]+[4,4] add up to 7)
Hint([8,5]+[3,6]+[1,3] add up to 11)
Hint([6,3]+[0,3]+[7,3] add up to 13)
Hint([5,4]+[1,1]+[4,6] add up to 19)
