Level( 1, 3, 7, 8, B, C, 9, 2, E, F, A, 6, 5, D, 0, 4, 2, 9, 5, A, 4, F, 6, 3, 1, D, 7, 0, C, 8, B, E, D, 6, 4, C, E, 5, 7, 0, B, 2, 9, 8, 1, F, 3, A, B, F, 0, E, 8, D, A, 1, 3, C, 5, 4, 9, 6, 2, 7, A, 1, D, 4, F, B, 2, 9, C, E, 0, 7, 3, 5, 6, 8, C, E, 6, 7, 5, 0, 1, 8, 9, A, 3, D, B, 2, 4, F, 0, B, 3, F, A, 6, D, 4, 2, 5, 8, 1, 7, C, E, 9, 8, 2, 9, 5, 3, 7, E, C, 4, 6, F, B, D, 0, A, 1, 5, C, 2, 3, 6, 9, 4, A, 7, 8, B, E, 0, 1, F, D, 4, A, F, B, 0, 8, C, D, 6, 1, 2, 5, E, 9, 7, 3, 9, 7, E, 1, 2, 3, F, 5, D, 0, 4, A, 6, B, 8, C, 6, 0, 8, D, 7, 1, B, E, F, 3, C, 9, 4, A, 5, 2, F, 4, A, 9, C, E, 0, 6, 5, 7, D, 2, 8, 3, 1, B, 3, 8, B, 6, 9, 2, 5, 7, A, 4, 1, C, F, E, D, 0, 7, 5, 1, 0, D, A, 3, B, 8, 9, E, F, 2, 4, C, 6, E, D, C, 2, 1, 4, 8, F, 0, B, 6, 3, A, 7, 9, 5 )
Visible( 1, 0, 0, 0, 1, 1, 1, 1, 1, 1, 0, 1, 0, 0, 1, 0, 0, 0, 1, 0, 0, 1, 0, 0, 1, 0, 0, 0, 0, 0, 0, 1, 1, 1, 1, 0, 0, 1, 1, 0, 1, 0, 0, 0, 1, 0, 0, 0, 0, 0, 1, 1, 0, 0, 0, 1, 1, 1, 1, 0, 0, 0, 1, 0, 0, 1, 0, 0, 1, 0, 0, 0, 0, 1, 0, 1, 0, 1, 0, 1, 0, 1, 0, 0, 0, 0, 0, 1, 1, 0, 1, 1, 0, 0, 1, 1, 0, 1, 1, 0, 1, 0, 0, 0, 0, 1, 1, 1, 1, 0, 0, 0, 1, 1, 1, 1, 0, 1, 1, 1, 1, 0, 0, 1, 0, 0, 1, 0, 0, 0, 1, 0, 1, 0, 0, 1, 0, 0, 1, 0, 1, 1, 1, 1, 0, 0, 0, 1, 1, 1, 0, 0, 0, 1, 1, 0, 1, 1, 0, 1, 0, 0, 0, 0, 0, 1, 1, 0, 1, 1, 0, 1, 0, 0, 1, 1, 1, 0, 0, 0, 1, 1, 1, 0, 0, 0, 1, 0, 0, 0, 1, 0, 0, 1, 0, 1, 0, 1, 1, 0, 0, 1, 0, 0, 0, 0, 1, 1, 1, 1, 0, 1, 1, 0, 0, 1, 0, 0, 1, 1, 1, 1, 0, 0, 0, 1, 0, 0, 0, 0, 0, 0, 1, 1, 1, 0, 1, 0, 1, 0, 0, 0, 1, 1, 0, 0, 1, 0, 1, 1, 0, 0, 1, 0, 0, 1 )
Hint([13,7]+[0,13]+[9,10] add up to 3)
Hint([12,9]+[14,12]+[4,7] add up to 18)
Hint([11,11]+[12,6] add up to 16)
Hint([10,5]+[0,2] add up to 16)
Hint([12,9]+[8,8] add up to 21)
Hint([2,13]+[6,1] add up to 17)
Hint([2,9]+[8,2]+[7,1] add up to 29)
Hint([15,13]+[7,15] add up to 15)
Hint([0,5]+[12,6] add up to 19)
Hint([15,15]+[1,5] add up to 19)
