Level( 3, 5, 6, 4, 8, 9, 7, 1, 2, 4, 2, 1, 3, 5, 7, 9, 8, 6, 9, 7, 8, 6, 1, 2, 5, 4, 3, 7, 9, 5, 1, 3, 4, 2, 6, 8, 6, 3, 4, 2, 7, 8, 1, 5, 9, 1, 8, 2, 9, 6, 5, 4, 3, 7, 2, 4, 3, 5, 9, 6, 8, 7, 1, 5, 6, 7, 8, 2, 1, 3, 9, 4, 8, 1, 9, 7, 4, 3, 6, 2, 5 )
Visible( 1, 0, 1, 0, 1, 0, 1, 0, 0, 0, 1, 0, 0, 1, 0, 0, 0, 1, 0, 0, 0, 0, 0, 0, 0, 0, 0, 1, 0, 0, 1, 0, 0, 0, 0, 0, 0, 1, 0, 1, 0, 0, 0, 0, 0, 0, 0, 0, 0, 1, 0, 1, 0, 0, 0, 0, 0, 1, 0, 1, 0, 1, 1, 0, 0, 0, 0, 1, 0, 0, 0, 0, 1, 1, 1, 1, 1, 0, 0, 1, 0 )
Hint([7,7]+[0,0]+[3,4] add up to 11)
Hint([7,4]+[7,0]+[0,6] add up to 5)
Hint([5,1]+[5,4] add up to 13)
Hint([7,6]+[1,0] add up to 10)
Hint([6,7]+[5,5] add up to 6)
Hint([8,4]+[2,3] add up to 12)
Hint([2,3]+[4,6]+[5,5] add up to 16)
Hint([1,1]+[2,2]+[0,5] add up to 8)
Hint([8,5]+[0,6] add up to 7)
Hint([0,0]+[3,0]+[0,1] add up to 8)
