Level( 7, 8, 1, 2, 9, 4, 5, 6, 3, 5, 4, 9, 6, 7, 3, 1, 2, 8, 3, 6, 2, 8, 1, 5, 7, 9, 4, 1, 7, 5, 3, 6, 2, 8, 4, 9, 9, 3, 8, 5, 4, 7, 6, 1, 2, 4, 2, 6, 1, 8, 9, 3, 5, 7, 2, 1, 3, 9, 5, 8, 4, 7, 6, 6, 9, 7, 4, 3, 1, 2, 8, 5, 8, 5, 4, 7, 2, 6, 9, 3, 1 )
Visible( 0, 0, 0, 0, 0, 1, 0, 0, 0, 0, 0, 1, 1, 0, 0, 1, 0, 0, 0, 0, 0, 0, 1, 1, 0, 0, 0, 0, 0, 0, 1, 0, 0, 0, 1, 0, 1, 0, 1, 0, 0, 0, 0, 0, 0, 1, 0, 1, 1, 0, 0, 0, 1, 1, 1, 0, 0, 0, 1, 1, 0, 0, 1, 0, 0, 0, 0, 0, 0, 0, 0, 1, 1, 0, 1, 0, 1, 0, 1, 0, 0 )
Hint([7,6]+[0,8]+[5,8] add up to 18)
Hint([6,8]+[8,1]+[0,2] add up to 17)
Hint([6,5]+[6,4] add up to 7)
Hint([6,0]+[8,4] add up to 5)
Hint([5,5]+[5,8] add up to 13)
Hint([0,5]+[3,8] add up to 9)
Hint([2,1]+[3,2]+[4,3] add up to 20)
Hint([1,1]+[2,5]+[1,7] add up to 16)
Hint([5,5]+[0,7] add up to 13)
Hint([8,0]+[3,2]+[1,3] add up to 15)
