Level( 9, 1, 4, 8, 6, 7, 2, 5, 3, 5, 8, 3, 4, 1, 2, 9, 7, 6, 6, 7, 2, 5, 3, 9, 8, 4, 1, 1, 6, 5, 3, 2, 4, 7, 9, 8, 4, 2, 9, 7, 8, 1, 6, 3, 5, 7, 3, 8, 9, 5, 6, 1, 2, 4, 2, 4, 6, 1, 7, 5, 3, 8, 9, 8, 5, 7, 6, 9, 3, 4, 1, 2, 3, 9, 1, 2, 4, 8, 5, 6, 7 )
Visible( 0, 1, 0, 0, 1, 1, 0, 0, 0, 0, 1, 0, 0, 0, 0, 1, 0, 0, 0, 0, 0, 1, 1, 0, 0, 0, 0, 0, 0, 1, 0, 1, 0, 0, 0, 0, 0, 0, 1, 0, 0, 1, 0, 1, 0, 1, 0, 0, 1, 0, 0, 0, 0, 0, 1, 0, 0, 0, 0, 0, 0, 0, 1, 0, 0, 0, 0, 0, 1, 1, 0, 1, 0, 0, 0, 0, 0, 1, 1, 1, 0 )
Hint([6,8]+[1,0]+[3,1] add up to 7)
Hint([6,2]+[7,1]+[0,0] add up to 21)
Hint([5,6]+[6,4] add up to 9)
Hint([7,4]+[0,5] add up to 8)
Hint([6,0]+[3,7] add up to 6)
Hint([0,3]+[2,4] add up to 8)
Hint([0,5]+[4,2]+[4,3] add up to 9)
Hint([0,4]+[3,6]+[1,0] add up to 3)
Hint([5,3]+[0,6]+[8,8] add up to 10)
Hint([4,6]+[2,0] add up to 9)
