Level( 2, 9, 5, 3, 4, 6, 1, 7, 8, 8, 7, 6, 1, 9, 5, 4, 3, 2, 1, 3, 4, 8, 7, 2, 5, 9, 6, 4, 8, 9, 6, 3, 1, 7, 2, 5, 7, 6, 2, 9, 5, 4, 8, 1, 3, 3, 5, 1, 7, 2, 8, 6, 4, 9, 9, 4, 8, 5, 1, 3, 2, 6, 7, 5, 1, 7, 2, 6, 9, 3, 8, 4, 6, 2, 3, 4, 8, 7, 9, 5, 1 )
Visible( 0, 1, 0, 0, 1, 0, 0, 0, 0, 0, 0, 0, 0, 1, 1, 1, 0, 1, 0, 1, 0, 1, 0, 1, 0, 0, 0, 0, 0, 0, 0, 0, 0, 0, 1, 0, 1, 1, 0, 0, 0, 0, 1, 0, 1, 1, 0, 1, 0, 0, 0, 1, 1, 0, 0, 0, 1, 0, 0, 1, 0, 0, 1, 1, 1, 0, 0, 0, 1, 0, 0, 0, 0, 0, 0, 0, 0, 1, 1, 0, 0 )
Hint([6,4]+[0,7]+[5,8] add up to 17)
Hint([6,0]+[6,5]+[1,1] add up to 11)
Hint([4,5]+[6,1] add up to 4)
Hint([5,3]+[0,1] add up to 7)
Hint([5,6]+[5,1] add up to 6)
Hint([8,6]+[3,4] add up to 14)
Hint([2,3]+[4,7]+[5,1] add up to 17)
Hint([0,6]+[3,0]+[0,3] add up to 13)
Hint([8,2]+[8,2]+[7,0] add up to 16)
Hint([4,4]+[2,1]+[4,1] add up to 17)
