Level( 3, 5, 6, 7, 9, 1, 8, 4, 2, 7, 4, 9, 6, 8, 2, 5, 3, 1, 1, 8, 2, 3, 4, 5, 9, 6, 7, 4, 9, 8, 5, 7, 3, 2, 1, 6, 5, 2, 7, 1, 6, 9, 4, 8, 3, 6, 1, 3, 8, 2, 4, 7, 9, 5, 8, 6, 5, 9, 3, 7, 1, 2, 4, 9, 7, 4, 2, 1, 6, 3, 5, 8, 2, 3, 1, 4, 5, 8, 6, 7, 9 )
Visible( 0, 0, 1, 0, 0, 0, 0, 0, 1, 0, 0, 1, 0, 0, 0, 1, 0, 0, 1, 1, 0, 1, 0, 0, 0, 1, 0, 1, 0, 0, 0, 0, 0, 1, 0, 0, 1, 1, 0, 0, 0, 0, 0, 1, 0, 0, 1, 0, 0, 0, 1, 0, 0, 1, 0, 0, 0, 0, 0, 1, 0, 0, 0, 1, 0, 0, 0, 1, 1, 1, 0, 0, 1, 0, 0, 0, 0, 0, 1, 0, 1 )
Hint([8,1]+[8,7]+[5,6] add up to 13)
Hint([5,2]+[7,1]+[0,4] add up to 10)
Hint([6,1]+[5,6] add up to 10)
Hint([7,8]+[1,2] add up to 13)
Hint([5,3]+[4,5] add up to 3)
Hint([8,2]+[2,5] add up to 8)
Hint([2,1]+[3,1]+[4,7] add up to 13)
Hint([0,5]+[3,6]+[1,6] add up to 18)
Hint([6,2]+[8,4] add up to 10)
Hint([7,2]+[4,1]+[1,1] add up to 15)
