Level( 2, 4, 9, 5, 3, 1, 6, 7, 8, 6, 5, 1, 8, 2, 7, 9, 3, 4, 3, 8, 7, 4, 6, 9, 1, 5, 2, 5, 2, 6, 3, 9, 8, 4, 1, 7, 1, 3, 4, 6, 7, 5, 2, 8, 9, 7, 9, 8, 2, 1, 4, 3, 6, 5, 8, 6, 3, 7, 4, 2, 5, 9, 1, 9, 7, 2, 1, 5, 3, 8, 4, 6, 4, 1, 5, 9, 8, 6, 7, 2, 3 )
Visible( 1, 0, 0, 0, 0, 0, 0, 0, 1, 0, 0, 0, 0, 1, 0, 1, 1, 0, 1, 1, 0, 0, 0, 1, 1, 0, 0, 0, 0, 0, 0, 1, 1, 0, 0, 0, 0, 0, 0, 1, 0, 0, 1, 0, 0, 0, 1, 0, 0, 1, 0, 0, 1, 1, 0, 1, 0, 1, 1, 0, 0, 0, 0, 0, 0, 0, 0, 0, 1, 1, 0, 0, 1, 1, 0, 0, 0, 1, 0, 0, 0 )
Hint([7,1]+[8,3]+[4,0] add up to 10)
Hint([7,3]+[7,8]+[2,6] add up to 3)
Hint([5,7]+[7,8] add up to 3)
Hint([6,1]+[8,2] add up to 9)
Hint([5,1]+[4,3] add up to 14)
Hint([8,8]+[4,0] add up to 4)
Hint([2,3]+[4,2] add up to 10)
Hint([4,6]+[1,5] add up to 11)
Hint([0,2]+[8,0] add up to 9)
Hint([8,5]+[8,2]+[7,4] add up to 12)
