Level( 6, 3, 8, 4, 1, 7, 2, 5, 9, 2, 1, 5, 8, 9, 6, 3, 4, 7, 7, 4, 9, 3, 5, 2, 6, 8, 1, 1, 5, 6, 9, 2, 4, 7, 3, 8, 8, 2, 3, 1, 7, 5, 9, 6, 4, 9, 7, 4, 6, 8, 3, 1, 2, 5, 3, 6, 1, 5, 4, 9, 8, 7, 2, 5, 8, 7, 2, 6, 1, 4, 9, 3, 4, 9, 2, 7, 3, 8, 5, 1, 6 )
Visible( 0, 0, 1, 1, 0, 1, 1, 0, 0, 0, 0, 1, 1, 1, 0, 0, 0, 0, 0, 0, 0, 0, 0, 0, 0, 0, 1, 0, 0, 0, 0, 0, 0, 0, 1, 0, 0, 1, 0, 0, 0, 0, 1, 0, 1, 0, 0, 1, 1, 0, 0, 1, 0, 0, 1, 0, 1, 0, 0, 0, 0, 1, 0, 1, 0, 0, 1, 0, 0, 1, 1, 0, 1, 0, 0, 0, 1, 0, 0, 0, 1 )
Hint([6,3]+[0,1]+[3,2] add up to 9)
Hint([7,6]+[8,5]+[1,3] add up to 14)
Hint([6,5]+[6,5] add up to 0)
Hint([7,0]+[8,8] add up to 9)
Hint([5,1]+[4,6] add up to 8)
Hint([0,2]+[2,0] add up to 13)
Hint([1,4]+[4,2] add up to 5)
Hint([6,2]+[0,5] add up to 13)
Hint([0,1]+[8,8] add up to 6)
Hint([8,4]+[7,6]+[8,1] add up to 15)
