Level( 2, 5, 8, 1, 6, 7, 3, 4, 9, 1, 7, 4, 8, 3, 9, 6, 2, 5, 9, 3, 6, 5, 2, 4, 7, 8, 1, 5, 6, 2, 4, 1, 3, 8, 9, 7, 8, 9, 7, 6, 5, 2, 1, 3, 4, 4, 1, 3, 9, 7, 8, 2, 5, 6, 7, 8, 1, 2, 9, 5, 4, 6, 3, 3, 4, 5, 7, 8, 6, 9, 1, 2, 6, 2, 9, 3, 4, 1, 5, 7, 8 )
Visible( 1, 1, 0, 0, 0, 0, 0, 1, 0, 0, 0, 0, 0, 0, 0, 1, 0, 1, 0, 0, 0, 0, 0, 0, 0, 1, 1, 0, 0, 0, 1, 0, 0, 0, 0, 0, 1, 0, 1, 0, 0, 0, 1, 0, 0, 0, 0, 1, 1, 1, 0, 1, 0, 0, 0, 0, 1, 0, 1, 1, 0, 1, 0, 0, 0, 0, 1, 0, 0, 0, 0, 0, 0, 0, 1, 1, 0, 0, 0, 1, 1 )
Hint([7,0]+[8,0]+[3,1] add up to 18)
Hint([6,0]+[6,8]+[2,3] add up to 7)
Hint([5,8]+[7,7] add up to 0)
Hint([7,0]+[8,5] add up to 8)
Hint([6,0]+[3,5] add up to 10)
Hint([8,4]+[2,2] add up to 8)
Hint([3,1]+[3,0]+[3,2] add up to 11)
Hint([8,0]+[2,8]+[2,7] add up to 20)
Hint([8,1]+[8,2] add up to 4)
Hint([0,2]+[4,7]+[2,1] add up to 18)
