Level( 3, 6, 4, 9, 7, 1, 2, 8, 5, 2, 7, 9, 5, 6, 8, 1, 3, 4, 5, 8, 1, 3, 2, 4, 7, 9, 6, 7, 9, 2, 8, 3, 5, 4, 6, 1, 6, 4, 8, 1, 9, 7, 3, 5, 2, 1, 5, 3, 2, 4, 6, 8, 7, 9, 4, 2, 5, 6, 8, 3, 9, 1, 7, 9, 3, 6, 7, 1, 2, 5, 4, 8, 8, 1, 7, 4, 5, 9, 6, 2, 3 )
Visible( 0, 0, 1, 0, 1, 0, 0, 0, 1, 0, 0, 1, 0, 1, 0, 0, 1, 1, 0, 0, 1, 0, 0, 0, 0, 1, 0, 0, 0, 0, 0, 0, 1, 0, 0, 0, 1, 0, 1, 0, 1, 0, 0, 0, 0, 0, 0, 0, 1, 0, 1, 0, 0, 0, 0, 0, 0, 0, 0, 1, 1, 1, 0, 0, 0, 0, 0, 0, 1, 0, 0, 1, 0, 1, 1, 1, 0, 0, 0, 1, 0 )
Hint([7,1]+[8,8]+[5,7] add up to 5)
Hint([5,4]+[7,3]+[1,6] add up to 12)
Hint([5,2]+[6,4] add up to 5)
Hint([7,1]+[8,7] add up to 9)
Hint([6,7]+[5,5] add up to 9)
Hint([8,6]+[3,1] add up to 10)
Hint([0,1]+[3,5]+[5,0] add up to 2)
Hint([8,6]+[3,3] add up to 13)
Hint([8,6]+[7,2] add up to 14)
Hint([7,3]+[8,6]+[5,6] add up to 13)
