Level( 1, 7, 3, 2, 9, 4, 6, 8, 5, 6, 9, 5, 7, 1, 8, 4, 3, 2, 8, 2, 4, 5, 6, 3, 7, 9, 1, 4, 3, 6, 1, 5, 9, 2, 7, 8, 2, 5, 1, 8, 7, 6, 9, 4, 3, 7, 8, 9, 4, 3, 2, 1, 5, 6, 5, 4, 2, 6, 8, 7, 3, 1, 9, 9, 1, 7, 3, 2, 5, 8, 6, 4, 3, 6, 8, 9, 4, 1, 5, 2, 7 )
Visible( 0, 0, 0, 0, 0, 1, 0, 1, 0, 1, 1, 0, 1, 0, 1, 0, 0, 0, 1, 0, 0, 1, 0, 0, 0, 0, 1, 0, 0, 0, 0, 0, 1, 0, 0, 0, 0, 1, 0, 1, 0, 1, 0, 1, 0, 0, 0, 1, 0, 0, 0, 0, 0, 1, 1, 1, 0, 0, 0, 0, 0, 0, 1, 0, 0, 1, 0, 1, 0, 0, 0, 1, 0, 0, 0, 1, 0, 1, 0, 1, 0 )
Hint([6,3]+[8,7]+[5,4] add up to 9)
Hint([5,3]+[7,8]+[2,3] add up to 14)
Hint([4,2]+[5,1] add up to 12)
Hint([6,0]+[8,5] add up to 10)
Hint([5,4]+[4,7] add up to 6)
Hint([0,3]+[2,2] add up to 6)
Hint([2,0]+[3,8]+[5,5] add up to 11)
Hint([0,1]+[2,1]+[0,4] add up to 10)
Hint([6,3]+[0,7] add up to 9)
Hint([0,6]+[5,3]+[1,0] add up to 18)
