Level( 8, 9, 2, 1, 7, 6, 4, 3, 5, 5, 4, 6, 3, 8, 9, 7, 2, 1, 1, 7, 3, 2, 4, 5, 8, 9, 6, 4, 5, 8, 6, 2, 7, 9, 1, 3, 6, 2, 7, 9, 3, 1, 5, 4, 8, 3, 1, 9, 8, 5, 4, 2, 6, 7, 2, 3, 4, 7, 1, 8, 6, 5, 9, 9, 8, 5, 4, 6, 3, 1, 7, 2, 7, 6, 1, 5, 9, 2, 3, 8, 4 )
Visible( 0, 0, 1, 1, 1, 0, 0, 1, 0, 1, 0, 0, 0, 1, 0, 0, 0, 0, 0, 1, 0, 0, 1, 1, 0, 0, 0, 0, 0, 0, 0, 0, 0, 1, 1, 0, 0, 1, 1, 0, 0, 0, 1, 0, 1, 1, 0, 1, 0, 0, 1, 0, 0, 0, 0, 1, 0, 0, 0, 1, 0, 0, 1, 1, 1, 1, 0, 0, 1, 1, 0, 1, 0, 0, 0, 0, 0, 0, 0, 0, 0 )
Hint([7,2]+[8,4]+[4,7] add up to 20)
Hint([6,7]+[8,3]+[1,5] add up to 2)
Hint([5,1]+[5,5] add up to 11)
Hint([5,7]+[1,7] add up to 9)
Hint([6,8]+[5,7] add up to 4)
Hint([0,6]+[3,7] add up to 4)
Hint([2,3]+[4,8]+[5,1] add up to 23)
Hint([8,7]+[4,6]+[1,1] add up to 4)
Hint([6,0]+[8,0]+[6,3] add up to 15)
Hint([5,2]+[1,8]+[6,7] add up to 9)
