Level( B, 9, 4, 8, 1, 6, 3, D, 0, 5, E, A, F, 7, C, 2, 2, 6, 3, 5, 4, F, 8, C, 9, 1, D, 7, 0, E, B, A, E, C, F, 1, 7, 9, A, 0, B, 4, 8, 2, D, 3, 5, 6, A, D, 7, 0, 5, 2, E, B, 3, C, 6, F, 9, 8, 1, 4, C, B, A, 3, F, D, 6, 9, E, 8, 7, 4, 5, 2, 0, 1, 6, 0, E, F, 2, 5, 7, 4, 1, 3, A, B, C, D, 8, 9, 4, 7, 5, D, 8, E, 0, 1, 6, 2, C, 9, 3, F, A, B, 9, 8, 1, 2, B, 3, C, A, D, 0, F, 5, E, 4, 6, 7, F, 3, C, B, 9, 1, 2, 8, 4, A, 5, E, 6, 0, 7, D, 5, 2, 0, 9, A, 7, 4, E, F, D, 1, 6, B, C, 3, 8, 1, E, 8, A, 6, C, D, F, 7, B, 3, 0, 2, 9, 4, 5, D, 4, 6, 7, 0, B, 5, 3, 8, 9, 2, C, 1, A, F, E, 8, 5, 9, 6, D, A, F, 7, C, E, B, 3, 4, 1, 2, 0, 7, 1, B, 4, 3, 8, 9, 2, 5, F, 0, D, A, 6, E, C, 0, F, 2, E, C, 4, B, 6, A, 7, 9, 1, 8, 5, D, 3, 3, A, D, C, E, 0, 1, 5, 2, 6, 4, 8, 7, B, 9, F )
Visible( 0, 0, 0, 0, 1, 0, 0, 0, 0, 0, 0, 1, 0, 1, 0, 0, 0, 0, 0, 0, 0, 0, 0, 1, 1, 1, 0, 0, 1, 0, 0, 0, 1, 1, 0, 0, 1, 0, 0, 0, 0, 0, 1, 1, 1, 0, 1, 0, 0, 1, 1, 1, 0, 1, 0, 1, 0, 1, 1, 1, 0, 1, 1, 0, 1, 1, 1, 1, 1, 1, 1, 1, 0, 0, 0, 0, 0, 1, 1, 0, 0, 0, 0, 0, 1, 0, 0, 0, 1, 1, 0, 0, 0, 1, 0, 1, 1, 0, 0, 0, 1, 1, 1, 0, 0, 1, 1, 1, 0, 1, 1, 1, 1, 0, 0, 1, 0, 0, 0, 1, 1, 0, 0, 0, 0, 0, 0, 1, 0, 1, 1, 0, 0, 1, 1, 0, 1, 1, 0, 1, 1, 1, 1, 0, 0, 1, 1, 1, 1, 1, 1, 0, 0, 0, 1, 0, 0, 0, 1, 0, 0, 1, 0, 0, 0, 0, 1, 0, 0, 0, 1, 0, 0, 0, 1, 0, 0, 0, 1, 0, 1, 0, 1, 1, 0, 0, 0, 0, 1, 0, 0, 1, 1, 1, 0, 0, 1, 0, 1, 1, 1, 1, 1, 1, 0, 1, 0, 1, 0, 1, 0, 1, 0, 1, 1, 0, 0, 0, 1, 0, 0, 0, 1, 1, 0, 1, 0, 1, 1, 1, 1, 1, 1, 1, 1, 1, 0, 0, 1, 0, 1, 0, 1, 0, 0, 0, 0, 1, 0, 1, 1, 0, 0, 1, 0, 1 )
Hint([11,7]+[0,13]+[9,0] add up to 17)
Hint([12,12]+[14,14]+[4,11] add up to 17)
Hint([10,14]+[13,10] add up to 18)
Hint([11,2]+[15,13] add up to 14)
Hint([9,10]+[9,5] add up to 14)
Hint([15,15]+[7,2] add up to 15)
Hint([5,2]+[6,9]+[9,15] add up to 19)
Hint([3,6]+[5,12]+[3,14] add up to 37)
Hint([12,12]+[2,13] add up to 15)
Hint([13,1]+[6,1]+[1,12] add up to 27)
