Level( 5, 9, 1, 6, 3, 2, 4, 7, 8, 3, 8, 4, 5, 7, 1, 2, 9, 6, 6, 7, 2, 8, 9, 4, 5, 1, 3, 9, 4, 6, 7, 8, 3, 1, 2, 5, 7, 1, 8, 2, 5, 6, 9, 3, 4, 2, 3, 5, 4, 1, 9, 6, 8, 7, 4, 2, 3, 1, 6, 8, 7, 5, 9, 1, 5, 9, 3, 4, 7, 8, 6, 2, 8, 6, 7, 9, 2, 5, 3, 4, 1 )
Visible( 0, 0, 0, 0, 0, 0, 0, 0, 1, 0, 0, 0, 0, 1, 0, 1, 0, 0, 1, 0, 1, 0, 0, 0, 0, 0, 0, 0, 0, 1, 0, 0, 1, 0, 0, 1, 0, 0, 0, 0, 0, 1, 1, 1, 0, 1, 0, 0, 0, 1, 0, 0, 0, 0, 0, 1, 1, 0, 0, 1, 0, 1, 0, 1, 0, 0, 0, 1, 0, 0, 1, 0, 1, 0, 0, 0, 1, 1, 0, 1, 1 )
Hint([7,5]+[0,4]+[4,0] add up to 15)
Hint([7,7]+[8,7]+[2,4] add up to 13)
Hint([6,0]+[5,3] add up to 5)
Hint([6,6]+[1,6] add up to 7)
Hint([6,7]+[5,4] add up to 12)
Hint([8,8]+[4,2] add up to 8)
Hint([3,6]+[4,8]+[6,1] add up to 2)
Hint([0,5]+[3,7]+[1,2] add up to 9)
Hint([8,1]+[8,7]+[8,1] add up to 11)
Hint([3,8]+[3,2]+[5,8] add up to 19)
