Level( 3, 6, 4, 5, 8, 1, 7, 9, 2, 9, 5, 2, 3, 7, 4, 8, 6, 1, 7, 8, 1, 9, 6, 2, 5, 3, 4, 8, 9, 3, 1, 2, 7, 4, 5, 6, 6, 4, 7, 8, 9, 5, 1, 2, 3, 1, 2, 5, 4, 3, 6, 9, 7, 8, 2, 7, 8, 6, 1, 9, 3, 4, 5, 5, 1, 9, 2, 4, 3, 6, 8, 7, 4, 3, 6, 7, 5, 8, 2, 1, 9 )
Visible( 0, 0, 0, 1, 0, 0, 0, 0, 0, 0, 0, 1, 0, 0, 0, 1, 0, 0, 0, 0, 0, 1, 1, 0, 0, 0, 1, 0, 1, 1, 0, 1, 0, 1, 1, 1, 1, 0, 0, 0, 0, 0, 0, 1, 0, 0, 0, 0, 0, 1, 0, 1, 0, 0, 1, 0, 0, 0, 0, 0, 1, 0, 0, 0, 1, 0, 0, 0, 0, 0, 0, 1, 0, 1, 0, 1, 1, 1, 0, 0, 1 )
Hint([7,7]+[1,4]+[4,5] add up to 12)
Hint([7,5]+[7,4]+[1,8] add up to 9)
Hint([5,5]+[6,6] add up to 7)
Hint([6,1]+[8,4] add up to 9)
Hint([6,0]+[3,5] add up to 9)
Hint([1,7]+[3,7] add up to 1)
Hint([1,4]+[4,8]+[5,1] add up to 10)
Hint([0,3]+[3,8]+[2,1] add up to 14)
Hint([6,2]+[8,3]+[7,6] add up to 12)
Hint([5,3]+[1,3] add up to 14)
