Level( 1, 4, 2, 6, 5, 8, 7, 9, 3, 7, 6, 5, 3, 9, 2, 1, 4, 8, 8, 9, 3, 4, 1, 7, 2, 6, 5, 6, 7, 9, 8, 2, 5, 3, 1, 4, 4, 5, 1, 7, 3, 9, 6, 8, 2, 2, 3, 8, 1, 4, 6, 9, 5, 7, 5, 1, 6, 2, 8, 3, 4, 7, 9, 9, 2, 4, 5, 7, 1, 8, 3, 6, 3, 8, 7, 9, 6, 4, 5, 2, 1 )
Visible( 0, 0, 1, 0, 1, 1, 1, 0, 0, 0, 1, 0, 0, 0, 1, 0, 0, 0, 0, 0, 0, 1, 0, 0, 0, 1, 0, 1, 0, 0, 0, 1, 0, 0, 0, 0, 1, 0, 1, 1, 0, 1, 0, 0, 1, 0, 1, 0, 0, 0, 0, 0, 0, 0, 0, 1, 0, 0, 0, 0, 0, 1, 1, 0, 0, 0, 0, 0, 1, 0, 1, 0, 0, 0, 1, 0, 0, 1, 1, 0, 0 )
Hint([7,6]+[0,4]+[4,5] add up to 12)
Hint([7,8]+[8,4]+[1,2] add up to 10)
Hint([5,0]+[5,8] add up to 10)
Hint([7,0]+[8,0] add up to 10)
Hint([5,1]+[4,1] add up to 9)
Hint([0,3]+[2,0] add up to 6)
Hint([3,7]+[5,5] add up to 9)
Hint([4,2]+[0,2]+[2,6] add up to 12)
Hint([0,6]+[7,5] add up to 8)
Hint([7,6]+[0,2] add up to 13)
