Level( 4, 8, 1, 5, 2, 9, 7, 6, 3, 5, 6, 9, 7, 3, 4, 1, 2, 8, 3, 2, 7, 1, 6, 8, 9, 4, 5, 6, 9, 4, 2, 1, 5, 3, 8, 7, 2, 1, 8, 3, 4, 7, 5, 9, 6, 7, 3, 5, 8, 9, 6, 4, 1, 2, 9, 4, 2, 6, 7, 3, 8, 5, 1, 8, 7, 6, 9, 5, 1, 2, 3, 4, 1, 5, 3, 4, 8, 2, 6, 7, 9 )
Visible( 0, 1, 1, 0, 0, 0, 0, 0, 0, 1, 1, 0, 0, 0, 1, 0, 0, 0, 0, 0, 0, 1, 0, 0, 1, 0, 0, 0, 0, 0, 0, 0, 0, 1, 0, 0, 1, 0, 0, 0, 0, 1, 0, 1, 1, 1, 1, 0, 1, 0, 0, 0, 1, 0, 0, 0, 0, 1, 0, 0, 0, 0, 1, 1, 0, 0, 1, 0, 1, 1, 0, 1, 0, 0, 0, 0, 0, 1, 0, 1, 0 )
Hint([6,6]+[0,8]+[5,7] add up to 7)
Hint([5,3]+[7,6]+[2,5] add up to 12)
Hint([4,5]+[6,4] add up to 12)
Hint([5,0]+[8,6] add up to 8)
Hint([7,8]+[5,3] add up to 10)
Hint([1,2]+[2,5] add up to 5)
Hint([2,0]+[3,6]+[5,4] add up to 11)
Hint([1,0]+[2,4]+[1,3] add up to 22)
Hint([6,8]+[1,2]+[7,1] add up to 7)
Hint([5,8]+[3,7]+[6,6] add up to 16)
