Level( 2, 4, 9, 1, 5, 3, 6, 7, 8, 7, 3, 8, 4, 2, 6, 9, 5, 1, 1, 5, 6, 9, 8, 7, 3, 2, 4, 4, 9, 7, 5, 1, 8, 2, 6, 3, 5, 8, 3, 7, 6, 2, 4, 1, 9, 6, 1, 2, 3, 4, 9, 7, 8, 5, 3, 7, 5, 6, 9, 1, 8, 4, 2, 9, 2, 4, 8, 7, 5, 1, 3, 6, 8, 6, 1, 2, 3, 4, 5, 9, 7 )
Visible( 0, 1, 0, 1, 0, 1, 0, 0, 0, 0, 0, 0, 1, 0, 0, 0, 1, 0, 1, 0, 0, 0, 0, 1, 0, 0, 0, 0, 0, 1, 1, 0, 0, 0, 1, 0, 0, 1, 1, 0, 1, 0, 0, 0, 0, 0, 0, 0, 0, 1, 0, 0, 1, 0, 1, 1, 0, 0, 1, 0, 1, 0, 1, 0, 1, 0, 0, 0, 0, 1, 0, 0, 0, 0, 1, 0, 0, 0, 1, 0, 0 )
Hint([7,6]+[0,6]+[5,5] add up to 13)
Hint([5,3]+[7,5]+[2,8] add up to 14)
Hint([4,5]+[6,3] add up to 4)
Hint([5,4]+[0,3] add up to 4)
Hint([5,8]+[5,0] add up to 5)
Hint([0,7]+[3,6] add up to 13)
Hint([3,0]+[3,4]+[4,4] add up to 11)
Hint([0,5]+[3,3]+[0,8] add up to 16)
Hint([7,1]+[8,6] add up to 5)
Hint([8,1]+[3,6]+[2,0] add up to 13)
