Level( 6, 3, 4, 5, 7, 1, 9, 2, 8, 9, 1, 5, 8, 4, 2, 3, 6, 7, 8, 2, 7, 9, 6, 3, 5, 1, 4, 7, 4, 1, 3, 9, 8, 2, 5, 6, 3, 8, 2, 1, 5, 6, 4, 7, 9, 5, 9, 6, 7, 2, 4, 8, 3, 1, 2, 7, 9, 4, 1, 5, 6, 8, 3, 4, 5, 8, 6, 3, 7, 1, 9, 2, 1, 6, 3, 2, 8, 9, 7, 4, 5 )
Visible( 1, 0, 0, 0, 0, 0, 0, 0, 1, 0, 0, 0, 1, 0, 1, 0, 0, 0, 0, 0, 1, 0, 1, 0, 1, 1, 0, 0, 0, 1, 0, 1, 0, 0, 0, 0, 0, 0, 0, 0, 0, 1, 1, 1, 0, 1, 1, 0, 0, 0, 0, 0, 0, 0, 0, 0, 1, 0, 1, 0, 1, 0, 1, 0, 0, 0, 0, 0, 1, 0, 0, 0, 0, 0, 1, 1, 0, 0, 0, 0, 0 )
Hint([8,1]+[8,6]+[5,8] add up to 16)
Hint([6,1]+[6,6]+[2,0] add up to 10)
Hint([6,7]+[7,3] add up to 4)
Hint([7,8]+[1,1] add up to 3)
Hint([5,7]+[5,4] add up to 11)
Hint([0,1]+[1,8] add up to 13)
Hint([2,8]+[5,3]+[4,3] add up to 17)
Hint([1,7]+[4,6]+[1,7] add up to 8)
Hint([7,0]+[8,0] add up to 8)
Hint([7,5]+[4,4]+[1,5] add up to 14)
