Level( 3, 1, 2, A, 7, C, 9, 6, 0, F, E, 4, 5, B, 8, D, 6, D, 9, F, 4, 2, E, 8, 7, 3, B, 5, A, 0, 1, C, C, B, 8, E, 3, 5, 0, D, 1, 9, A, 2, 4, F, 7, 6, 7, 4, 5, 0, F, B, 1, A, 6, C, 8, D, 9, 2, E, 3, D, 5, 6, B, C, 0, 3, 7, 8, E, 4, F, 1, A, 9, 2, 0, 9, 3, 4, 8, D, A, F, 2, 7, 6, 1, C, 5, B, E, 1, 2, E, 8, 5, 6, 4, B, 9, A, D, C, 0, 7, 3, F, F, C, A, 7, 1, 9, 2, E, 3, 5, 0, B, D, 8, 6, 4, 4, 8, B, 5, E, A, 6, C, F, D, 9, 0, 7, 3, 2, 1, 9, A, 7, C, 2, 8, D, 4, B, 1, 3, E, F, 6, 0, 5, E, 6, D, 3, 0, F, 5, 1, A, 8, 2, 7, B, 4, C, 9, 2, 0, F, 1, B, 3, 7, 9, C, 4, 5, 6, 8, E, D, A, A, 3, C, D, 6, 7, F, 5, E, B, 1, 8, 2, 9, 4, 0, B, F, 0, 2, 9, 1, C, 3, 4, 6, 7, A, E, D, 5, 8, 5, 7, 4, 9, A, E, 8, 2, D, 0, C, 3, 6, 1, F, B, 8, E, 1, 6, D, 4, B, 0, 5, 2, F, 9, 3, C, A, 7 )
Visible( 0, 0, 0, 0, 0, 0, 0, 1, 0, 0, 1, 0, 0, 0, 1, 1, 1, 1, 1, 1, 0, 0, 1, 1, 1, 0, 0, 0, 0, 0, 1, 1, 0, 1, 0, 0, 0, 1, 0, 1, 0, 0, 1, 0, 0, 1, 1, 1, 0, 0, 1, 0, 0, 0, 1, 1, 1, 0, 0, 1, 0, 0, 1, 1, 1, 0, 1, 0, 1, 1, 0, 1, 0, 0, 0, 1, 1, 1, 0, 1, 1, 1, 0, 1, 0, 1, 0, 1, 1, 1, 0, 0, 0, 1, 0, 1, 0, 0, 1, 0, 1, 0, 0, 1, 1, 0, 0, 0, 0, 0, 0, 1, 1, 0, 1, 1, 0, 0, 1, 1, 1, 1, 1, 1, 1, 0, 0, 1, 0, 0, 0, 0, 1, 1, 0, 1, 0, 1, 1, 0, 1, 1, 1, 0, 0, 1, 0, 0, 0, 1, 1, 0, 0, 1, 0, 1, 1, 1, 0, 1, 0, 1, 1, 1, 1, 0, 1, 0, 1, 0, 1, 0, 1, 0, 1, 0, 0, 1, 1, 1, 0, 1, 1, 0, 1, 0, 0, 1, 0, 1, 0, 1, 0, 1, 0, 0, 0, 0, 1, 0, 1, 1, 0, 0, 0, 1, 1, 1, 0, 0, 1, 1, 0, 1, 0, 1, 0, 1, 0, 1, 1, 1, 1, 0, 1, 0, 0, 0, 0, 1, 1, 0, 0, 1, 0, 0, 1, 0, 1, 1, 1, 1, 0, 0, 1, 1, 0, 1, 1, 1, 1, 0, 0, 1, 0, 1 )
Hint([13,0]+[14,15]+[10,12] add up to 22)
Hint([12,11]+[14,4]+[1,7] add up to 29)
Hint([7,6]+[11,12] add up to 19)
Hint([10,2]+[15,8] add up to 11)
Hint([11,15]+[10,6] add up to 22)
Hint([0,5]+[4,12] add up to 6)
Hint([4,9]+[7,14]+[10,1] add up to 15)
Hint([1,11]+[6,9] add up to 13)
Hint([0,14]+[14,0] add up to 13)
Hint([15,11]+[15,10]+[9,9] add up to 20)
