Level( 9, 8, 2, 5, 6, 4, 1, 3, 7, 4, 3, 5, 2, 7, 1, 8, 6, 9, 6, 1, 7, 9, 3, 8, 2, 4, 5, 7, 9, 1, 8, 5, 6, 4, 2, 3, 2, 4, 8, 1, 9, 3, 7, 5, 6, 5, 6, 3, 4, 2, 7, 9, 8, 1, 3, 5, 9, 7, 8, 2, 6, 1, 4, 1, 2, 6, 3, 4, 9, 5, 7, 8, 8, 7, 4, 6, 1, 5, 3, 9, 2 )
Visible( 1, 1, 0, 0, 0, 1, 0, 0, 0, 0, 0, 1, 0, 1, 1, 0, 1, 0, 0, 0, 0, 1, 0, 0, 1, 0, 1, 0, 0, 1, 0, 0, 1, 0, 0, 0, 0, 1, 0, 0, 0, 0, 0, 0, 0, 1, 0, 0, 1, 0, 1, 0, 0, 0, 0, 1, 0, 0, 1, 0, 0, 0, 0, 1, 0, 1, 0, 0, 1, 0, 1, 0, 0, 0, 0, 0, 0, 0, 0, 1, 0 )
Hint([6,3]+[8,1]+[3,1] add up to 12)
Hint([5,5]+[7,1]+[0,0] add up to 19)
Hint([4,1]+[5,8] add up to 10)
Hint([7,8]+[1,6] add up to 12)
Hint([6,6]+[5,7] add up to 13)
Hint([0,5]+[3,0] add up to 8)
Hint([1,6]+[4,3] add up to 8)
Hint([6,3]+[0,4]+[3,8] add up to 9)
Hint([8,5]+[7,6] add up to 0)
Hint([8,1]+[7,2] add up to 11)
