Level( 5, 8, 3, 7, 6, 2, 4, 9, 1, 7, 6, 2, 9, 1, 4, 3, 5, 8, 4, 9, 1, 3, 8, 5, 6, 2, 7, 3, 5, 6, 8, 9, 1, 7, 4, 2, 8, 2, 4, 5, 7, 6, 1, 3, 9, 9, 1, 7, 4, 2, 3, 5, 8, 6, 1, 4, 8, 2, 5, 7, 9, 6, 3, 2, 7, 5, 6, 3, 9, 8, 1, 4, 6, 3, 9, 1, 4, 8, 2, 7, 5 )
Visible( 0, 0, 1, 0, 1, 1, 0, 0, 0, 1, 0, 0, 0, 0, 1, 0, 1, 0, 0, 0, 0, 0, 1, 0, 1, 0, 0, 1, 1, 0, 0, 0, 0, 0, 1, 1, 0, 0, 1, 0, 0, 0, 0, 1, 0, 0, 0, 0, 0, 1, 0, 0, 1, 0, 0, 1, 0, 0, 0, 1, 0, 0, 1, 0, 0, 0, 1, 0, 1, 0, 0, 0, 1, 0, 0, 1, 0, 0, 0, 1, 1 )
Hint([7,7]+[0,0]+[3,4] add up to 8)
Hint([7,4]+[7,0]+[0,6] add up to 10)
Hint([5,1]+[5,4] add up to 8)
Hint([7,6]+[1,0] add up to 12)
Hint([6,7]+[5,5] add up to 9)
Hint([8,4]+[2,3] add up to 13)
Hint([2,3]+[4,6]+[5,5] add up to 11)
Hint([1,1]+[2,2]+[0,5] add up to 13)
Hint([8,5]+[0,6] add up to 5)
Hint([0,0]+[3,0]+[0,1] add up to 16)
