Level( 4, 9, 6, 8, 7, 5, 1, 2, 3, 2, 8, 7, 1, 3, 9, 6, 5, 4, 3, 5, 1, 4, 2, 6, 7, 8, 9, 6, 7, 2, 9, 8, 3, 5, 4, 1, 9, 1, 5, 7, 4, 2, 8, 3, 6, 8, 3, 4, 5, 6, 1, 2, 9, 7, 5, 2, 9, 3, 1, 7, 4, 6, 8, 7, 4, 3, 6, 5, 8, 9, 1, 2, 1, 6, 8, 2, 9, 4, 3, 7, 5 )
Visible( 1, 0, 0, 0, 0, 0, 1, 1, 0, 0, 1, 1, 0, 1, 1, 0, 0, 0, 0, 0, 0, 0, 0, 1, 0, 0, 0, 1, 0, 0, 0, 0, 0, 0, 0, 0, 0, 0, 1, 0, 1, 1, 1, 0, 0, 1, 1, 1, 0, 1, 0, 0, 0, 0, 1, 1, 0, 0, 0, 0, 0, 1, 1, 0, 0, 1, 0, 0, 0, 0, 0, 1, 0, 0, 0, 0, 0, 0, 0, 1, 0 )
Hint([6,3]+[0,6]+[5,2] add up to 13)
Hint([5,4]+[7,6]+[2,5] add up to 9)
Hint([6,8]+[7,0] add up to 3)
Hint([6,5]+[0,4] add up to 9)
Hint([7,4]+[4,5] add up to 7)
Hint([1,7]+[3,8] add up to 4)
Hint([2,0]+[3,2]+[4,7] add up to 12)
Hint([8,6]+[3,4]+[1,6] add up to 14)
Hint([8,2]+[8,3] add up to 8)
Hint([0,4]+[4,6]+[2,3] add up to 9)
