Level( 6, 1, 9, 2, 5, 3, 8, 4, 7, 7, 5, 4, 6, 1, 8, 2, 3, 9, 8, 3, 2, 9, 7, 4, 5, 6, 1, 3, 2, 8, 1, 4, 6, 9, 7, 5, 1, 6, 7, 5, 8, 9, 4, 2, 3, 4, 9, 5, 3, 2, 7, 1, 8, 6, 5, 4, 6, 8, 3, 1, 7, 9, 2, 9, 7, 1, 4, 6, 2, 3, 5, 8, 2, 8, 3, 7, 9, 5, 6, 1, 4 )
Visible( 0, 1, 0, 1, 0, 0, 0, 1, 0, 0, 0, 0, 1, 0, 0, 0, 0, 0, 1, 0, 0, 0, 0, 0, 1, 0, 1, 0, 0, 0, 0, 1, 1, 0, 0, 0, 0, 0, 0, 1, 1, 1, 1, 1, 0, 0, 0, 1, 0, 0, 0, 0, 0, 0, 0, 0, 1, 0, 0, 1, 0, 1, 0, 0, 1, 1, 0, 0, 0, 0, 0, 0, 1, 1, 0, 0, 1, 0, 0, 0, 1 )
Hint([8,3]+[8,4]+[4,5] add up to 7)
Hint([6,5]+[7,1]+[0,0] add up to 7)
Hint([6,2]+[5,5] add up to 10)
Hint([5,2]+[0,5] add up to 6)
Hint([5,7]+[5,7] add up to 2)
Hint([8,2]+[2,3] add up to 7)
Hint([1,5]+[4,6]+[5,5] add up to 16)
Hint([1,0]+[2,7]+[1,8] add up to 7)
Hint([7,5]+[0,3] add up to 9)
Hint([7,6]+[5,1]+[1,1] add up to 19)
