Level( 9, 8, 5, 4, 7, 6, 1, 3, 2, 6, 1, 2, 9, 8, 3, 7, 4, 5, 7, 4, 3, 1, 2, 5, 8, 9, 6, 1, 5, 4, 2, 3, 8, 6, 7, 9, 8, 9, 6, 7, 5, 4, 3, 2, 1, 3, 2, 7, 6, 1, 9, 4, 5, 8, 5, 6, 1, 3, 9, 7, 2, 8, 4, 2, 7, 9, 8, 4, 1, 5, 6, 3, 4, 3, 8, 5, 6, 2, 9, 1, 7 )
Visible( 0, 1, 0, 0, 0, 1, 0, 0, 0, 0, 0, 0, 1, 0, 0, 1, 1, 1, 0, 0, 0, 1, 1, 0, 0, 0, 0, 0, 0, 0, 1, 1, 0, 1, 0, 0, 0, 0, 0, 0, 0, 1, 1, 0, 0, 0, 1, 1, 0, 0, 1, 0, 0, 0, 0, 1, 1, 0, 0, 0, 0, 1, 0, 0, 1, 0, 0, 1, 0, 1, 1, 0, 0, 0, 0, 0, 0, 0, 1, 0, 1 )
Hint([8,8]+[1,2]+[4,2] add up to 10)
Hint([7,2]+[7,1]+[0,6] add up to 15)
Hint([4,6]+[6,5] add up to 11)
Hint([6,0]+[8,8] add up to 6)
Hint([5,0]+[3,1] add up to 13)
Hint([8,7]+[3,3] add up to 3)
Hint([3,5]+[4,4]+[4,4] add up to 13)
Hint([0,0]+[2,7]+[1,4] add up to 24)
Hint([6,1]+[8,2] add up to 11)
Hint([8,0]+[3,8]+[3,7] add up to 12)
