Level( 5, 2, 8, 1, 7, 3, 6, 9, 4, 6, 1, 3, 9, 2, 4, 8, 7, 5, 4, 7, 9, 5, 6, 8, 3, 1, 2, 8, 5, 1, 6, 3, 7, 2, 4, 9, 2, 3, 7, 4, 8, 9, 1, 5, 6, 9, 4, 6, 2, 1, 5, 7, 3, 8, 1, 9, 2, 3, 4, 6, 5, 8, 7, 7, 6, 5, 8, 9, 1, 4, 2, 3, 3, 8, 4, 7, 5, 2, 9, 6, 1 )
Visible( 0, 0, 0, 1, 0, 0, 0, 0, 0, 0, 0, 1, 0, 0, 1, 0, 0, 1, 0, 1, 0, 1, 0, 0, 0, 0, 1, 0, 1, 1, 0, 1, 1, 0, 0, 1, 0, 0, 0, 0, 1, 0, 0, 0, 0, 1, 0, 0, 0, 1, 0, 0, 0, 0, 1, 0, 0, 0, 1, 0, 0, 1, 0, 1, 0, 1, 0, 0, 0, 0, 1, 1, 0, 1, 1, 0, 0, 0, 0, 1, 0 )
Hint([8,7]+[1,3]+[4,4] add up to 13)
Hint([7,1]+[6,3]+[1,5] add up to 10)
Hint([5,8]+[7,5] add up to 3)
Hint([6,4]+[0,8] add up to 2)
Hint([6,0]+[3,4] add up to 8)
Hint([0,4]+[2,5] add up to 6)
Hint([2,5]+[4,0]+[3,2] add up to 15)
Hint([8,5]+[3,4]+[1,2] add up to 16)
Hint([7,2]+[8,6]+[8,6] add up to 12)
Hint([4,5]+[2,4] add up to 6)
