Level( 3, 7, 2, 6, 9, 8, 5, 1, 4, 8, 4, 1, 3, 2, 5, 9, 6, 7, 6, 9, 5, 7, 1, 4, 2, 8, 3, 7, 1, 6, 4, 3, 2, 8, 9, 5, 2, 5, 4, 1, 8, 9, 3, 7, 6, 9, 3, 8, 5, 7, 6, 4, 2, 1, 4, 8, 3, 2, 6, 1, 7, 5, 9, 5, 6, 9, 8, 4, 7, 1, 3, 2, 1, 2, 7, 9, 5, 3, 6, 4, 8 )
Visible( 0, 0, 1, 0, 0, 1, 0, 1, 0, 0, 1, 0, 1, 1, 0, 0, 0, 1, 1, 1, 0, 1, 0, 0, 0, 0, 0, 1, 0, 0, 0, 0, 0, 0, 1, 1, 0, 0, 1, 0, 0, 0, 1, 1, 0, 0, 0, 1, 0, 0, 1, 0, 1, 0, 0, 0, 0, 1, 0, 1, 0, 0, 0, 1, 0, 0, 0, 0, 0, 0, 0, 0, 0, 0, 0, 1, 1, 0, 0, 0, 0 )
Hint([7,7]+[1,5]+[4,4] add up to 11)
Hint([6,5]+[8,7]+[2,4] add up to 7)
Hint([4,7]+[7,0] add up to 3)
Hint([6,1]+[8,4] add up to 13)
Hint([6,4]+[4,6] add up to 7)
Hint([0,8]+[3,3] add up to 3)
Hint([1,7]+[5,6]+[5,5] add up to 10)
Hint([8,1]+[2,8]+[2,0] add up to 13)
Hint([8,4]+[0,8]+[8,7] add up to 6)
Hint([5,0]+[0,8] add up to 7)
