Level( 3, 5, 2, 4, 9, 7, 1, 8, 6, 7, 1, 8, 5, 6, 3, 9, 2, 4, 4, 9, 6, 1, 8, 2, 5, 7, 3, 9, 7, 3, 6, 1, 4, 2, 5, 8, 8, 2, 1, 3, 7, 5, 6, 4, 9, 6, 4, 5, 8, 2, 9, 7, 3, 1, 5, 6, 9, 7, 3, 8, 4, 1, 2, 1, 3, 4, 2, 5, 6, 8, 9, 7, 2, 8, 7, 9, 4, 1, 3, 6, 5 )
Visible( 0, 1, 0, 0, 1, 1, 1, 1, 0, 0, 0, 0, 1, 0, 0, 0, 0, 1, 0, 0, 1, 0, 1, 0, 0, 1, 0, 0, 0, 0, 1, 0, 1, 1, 0, 0, 1, 0, 0, 0, 0, 1, 0, 0, 0, 0, 0, 0, 0, 0, 0, 0, 1, 0, 0, 1, 0, 0, 1, 0, 0, 0, 0, 0, 0, 1, 0, 0, 0, 0, 0, 1, 1, 0, 1, 0, 0, 0, 1, 1, 0 )
Hint([6,7]+[1,7]+[5,5] add up to 17)
Hint([5,7]+[8,6]+[2,8] add up to 12)
Hint([5,4]+[6,1] add up to 12)
Hint([5,8]+[1,1] add up to 0)
Hint([7,3]+[4,1] add up to 9)
Hint([8,1]+[2,8] add up to 9)
Hint([1,0]+[3,4]+[4,8] add up to 9)
Hint([8,5]+[3,3]+[0,1] add up to 11)
Hint([6,7]+[1,4]+[7,1] add up to 9)
Hint([3,8]+[3,6]+[6,0] add up to 14)
