Level( 7, 9, 2, 1, 8, 6, 5, 3, 4, 1, 8, 5, 3, 4, 2, 7, 6, 9, 4, 3, 6, 5, 7, 9, 1, 8, 2, 9, 5, 4, 8, 2, 7, 6, 1, 3, 8, 2, 3, 6, 5, 1, 9, 4, 7, 6, 1, 7, 9, 3, 4, 2, 5, 8, 2, 6, 8, 7, 1, 3, 4, 9, 5, 3, 7, 9, 4, 6, 5, 8, 2, 1, 5, 4, 1, 2, 9, 8, 3, 7, 6 )
Visible( 0, 0, 1, 1, 0, 0, 0, 0, 0, 0, 1, 0, 1, 0, 0, 1, 0, 1, 0, 0, 0, 0, 1, 0, 1, 0, 0, 0, 0, 0, 0, 0, 1, 1, 1, 1, 0, 0, 0, 0, 1, 0, 0, 0, 0, 0, 0, 0, 1, 0, 1, 0, 0, 1, 0, 1, 0, 0, 0, 0, 1, 0, 0, 0, 0, 1, 0, 0, 0, 0, 0, 0, 1, 1, 0, 0, 0, 1, 0, 1, 0 )
Hint([8,4]+[0,1]+[3,0] add up to 6)
Hint([7,1]+[6,4]+[1,5] add up to 13)
Hint([5,2]+[6,2] add up to 8)
Hint([5,0]+[8,7] add up to 5)
Hint([6,5]+[4,5] add up to 3)
Hint([0,8]+[3,8] add up to 5)
Hint([2,5]+[4,5]+[5,5] add up to 11)
Hint([0,1]+[2,4]+[1,5] add up to 2)
Hint([6,5]+[0,7] add up to 3)
Hint([8,7]+[5,3]+[1,8] add up to 9)
