Level( 5, 1, 8, 3, 9, 6, 7, 2, 4, 4, 2, 3, 7, 8, 5, 9, 1, 6, 7, 6, 9, 2, 1, 4, 5, 3, 8, 6, 8, 5, 9, 4, 1, 3, 7, 2, 9, 7, 1, 8, 2, 3, 6, 4, 5, 3, 4, 2, 5, 6, 7, 8, 9, 1, 2, 5, 6, 1, 3, 9, 4, 8, 7, 8, 9, 4, 6, 7, 2, 1, 5, 3, 1, 3, 7, 4, 5, 8, 2, 6, 9 )
Visible( 1, 0, 0, 1, 1, 1, 0, 0, 1, 0, 1, 0, 0, 0, 1, 0, 1, 0, 0, 0, 1, 0, 0, 1, 0, 0, 0, 0, 0, 1, 0, 0, 0, 0, 0, 0, 0, 1, 0, 0, 0, 0, 1, 0, 1, 1, 0, 0, 0, 0, 0, 0, 0, 0, 1, 1, 0, 1, 0, 0, 0, 0, 0, 0, 1, 0, 0, 1, 0, 0, 0, 1, 1, 0, 0, 1, 0, 1, 0, 1, 0 )
Hint([6,0]+[8,8]+[5,5] add up to 20)
Hint([6,7]+[8,0]+[0,8] add up to 3)
Hint([4,2]+[5,4] add up to 2)
Hint([6,6]+[0,7] add up to 10)
Hint([5,2]+[4,0] add up to 11)
Hint([0,7]+[3,0] add up to 9)
Hint([1,7]+[5,5] add up to 14)
Hint([5,3]+[0,0]+[2,2] add up to 12)
Hint([8,5]+[7,6] add up to 7)
Hint([6,3]+[8,3] add up to 3)
