Level( 7, 4, 5, 2, 9, 8, 1, 6, 3, 2, 1, 6, 3, 4, 5, 9, 8, 7, 3, 9, 8, 1, 7, 6, 2, 5, 4, 6, 5, 9, 8, 3, 1, 7, 4, 2, 8, 7, 4, 9, 5, 2, 3, 1, 6, 1, 3, 2, 4, 6, 7, 5, 9, 8, 9, 6, 7, 5, 2, 4, 8, 3, 1, 5, 2, 1, 6, 8, 3, 4, 7, 9, 4, 8, 3, 7, 1, 9, 6, 2, 5 )
Visible( 1, 0, 0, 0, 0, 0, 0, 1, 0, 0, 0, 0, 0, 1, 1, 1, 0, 0, 1, 0, 0, 1, 1, 0, 0, 0, 0, 0, 0, 1, 0, 1, 0, 0, 0, 1, 1, 0, 0, 1, 0, 1, 1, 0, 0, 0, 0, 0, 0, 0, 0, 0, 0, 0, 0, 1, 0, 0, 0, 0, 0, 1, 0, 1, 0, 1, 0, 0, 0, 0, 1, 0, 1, 1, 0, 0, 1, 0, 0, 1, 1 )
Hint([7,0]+[8,6]+[5,0] add up to 12)
Hint([6,0]+[6,8]+[2,6] add up to 11)
Hint([6,8]+[7,6] add up to 7)
Hint([5,4]+[0,2] add up to 3)
Hint([7,0]+[3,2] add up to 5)
Hint([0,0]+[1,3] add up to 10)
Hint([3,1]+[3,7]+[5,1] add up to 11)
Hint([1,4]+[3,7]+[1,3] add up to 15)
Hint([7,3]+[0,6]+[8,1] add up to 17)
Hint([4,5]+[2,4]+[5,0] add up to 15)
