Level( 6, 9, 8, 7, 1, 2, 4, 3, 5, 2, 7, 4, 9, 3, 5, 6, 8, 1, 1, 3, 5, 8, 4, 6, 7, 9, 2, 9, 8, 6, 3, 5, 4, 2, 1, 7, 7, 4, 2, 1, 9, 8, 5, 6, 3, 3, 5, 1, 2, 6, 7, 9, 4, 8, 4, 2, 7, 6, 8, 1, 3, 5, 9, 8, 6, 3, 5, 2, 9, 1, 7, 4, 5, 1, 9, 4, 7, 3, 8, 2, 6 )
Visible( 0, 0, 0, 0, 0, 0, 0, 0, 1, 0, 1, 1, 0, 1, 1, 0, 0, 1, 0, 1, 0, 1, 1, 0, 0, 0, 1, 0, 1, 0, 0, 0, 0, 0, 0, 0, 0, 0, 0, 1, 0, 0, 1, 0, 0, 1, 0, 0, 1, 0, 0, 1, 0, 0, 0, 0, 1, 0, 1, 0, 0, 0, 0, 0, 0, 0, 0, 0, 0, 0, 0, 1, 1, 1, 0, 0, 0, 1, 1, 1, 0 )
Hint([7,0]+[8,6]+[5,0] add up to 11)
Hint([6,0]+[6,8]+[2,6] add up to 16)
Hint([6,8]+[7,6] add up to 11)
Hint([5,4]+[0,2] add up to 7)
Hint([7,0]+[3,2] add up to 9)
Hint([0,0]+[1,3] add up to 12)
Hint([3,1]+[3,7]+[5,1] add up to 16)
Hint([1,4]+[3,7]+[1,3] add up to 14)
Hint([7,3]+[0,6]+[8,1] add up to 3)
Hint([4,5]+[2,4]+[5,0] add up to 7)
