Level( 9, 4, 7, 3, 1, 6, 2, 8, 5, 3, 1, 5, 2, 4, 8, 7, 6, 9, 6, 8, 2, 9, 5, 7, 4, 3, 1, 8, 6, 1, 7, 9, 3, 5, 2, 4, 2, 9, 3, 4, 8, 5, 1, 7, 6, 5, 7, 4, 6, 2, 1, 8, 9, 3, 4, 3, 8, 5, 7, 9, 6, 1, 2, 1, 5, 9, 8, 6, 2, 3, 4, 7, 7, 2, 6, 1, 3, 4, 9, 5, 8 )
Visible( 0, 1, 0, 0, 0, 1, 0, 1, 0, 0, 0, 0, 1, 0, 0, 0, 0, 1, 1, 1, 0, 0, 1, 0, 0, 0, 1, 0, 0, 0, 1, 1, 0, 0, 0, 0, 0, 0, 0, 1, 0, 1, 0, 1, 0, 1, 0, 0, 0, 0, 0, 0, 1, 1, 0, 0, 0, 0, 0, 0, 0, 0, 0, 1, 1, 0, 0, 0, 1, 1, 0, 0, 1, 0, 0, 1, 0, 1, 0, 0, 1 )
Hint([8,5]+[0,6]+[5,0] add up to 10)
Hint([5,4]+[7,6]+[2,6] add up to 11)
Hint([6,3]+[6,3] add up to 8)
Hint([6,5]+[0,4] add up to 8)
Hint([6,6]+[5,6] add up to 13)
Hint([8,0]+[1,0] add up to 7)
Hint([1,7]+[5,3] add up to 6)
Hint([5,4]+[0,2]+[2,4] add up to 11)
Hint([0,5]+[7,7] add up to 7)
Hint([8,7]+[0,3] add up to 13)
