Level( 8, D, 2, 0, 5, C, F, 3, B, 4, 6, 1, 7, 9, E, A, F, 4, C, A, E, B, 7, 1, 0, 9, 3, 2, 5, 6, 8, D, 3, B, 7, E, 9, 6, 4, 8, D, F, 5, A, C, 1, 0, 2, 1, 6, 5, 9, 0, A, 2, D, 7, 8, C, E, B, 4, F, 3, B, 5, 0, C, D, 3, E, F, A, 1, 2, 4, 8, 7, 9, 6, E, 7, 6, 4, B, 2, A, C, 5, 0, 8, 9, D, F, 3, 1, 2, F, 9, 8, 1, 7, 5, 0, 3, B, D, 6, 4, A, C, E, A, 3, 1, D, 4, 8, 6, 9, C, E, F, 7, 2, 0, B, 5, 4, E, D, 3, 7, 0, C, B, 1, 5, 9, 8, A, 2, 6, F, 6, 2, F, 7, 8, 9, 1, A, E, D, 0, C, 3, B, 5, 4, 9, C, A, 5, 6, F, D, E, 4, 2, B, 3, 0, 8, 1, 7, 0, 1, 8, B, 2, 5, 3, 4, 6, 7, A, F, E, C, D, 9, 5, 9, 3, F, A, D, 0, 6, 2, C, 4, B, 1, E, 7, 8, C, 0, E, 1, F, 4, 9, 2, 8, 3, 7, 5, 6, D, A, B, D, 8, 4, 6, 3, E, B, 7, 9, A, 1, 0, F, 5, 2, C, 7, A, B, 2, C, 1, 8, 5, F, 6, E, D, 9, 3, 4, 0 )
Visible( 1, 1, 1, 1, 0, 1, 0, 0, 0, 0, 1, 0, 0, 0, 0, 1, 1, 1, 1, 1, 1, 1, 1, 1, 1, 0, 1, 0, 0, 0, 0, 0, 0, 1, 0, 1, 0, 1, 1, 0, 0, 0, 1, 1, 0, 0, 0, 0, 0, 0, 1, 0, 0, 0, 0, 0, 1, 1, 0, 1, 0, 0, 0, 1, 1, 1, 0, 0, 0, 1, 1, 0, 1, 1, 0, 0, 0, 1, 1, 1, 0, 1, 1, 0, 0, 0, 1, 0, 0, 1, 0, 0, 0, 1, 1, 0, 1, 1, 0, 1, 0, 1, 1, 0, 1, 0, 1, 0, 0, 1, 0, 0, 1, 1, 0, 1, 1, 1, 1, 0, 1, 1, 1, 1, 0, 1, 0, 1, 0, 1, 0, 0, 1, 0, 0, 0, 1, 1, 1, 0, 0, 0, 0, 0, 0, 0, 1, 1, 0, 0, 0, 1, 0, 0, 1, 0, 1, 1, 0, 1, 0, 0, 1, 0, 0, 1, 0, 1, 0, 0, 0, 0, 1, 1, 1, 1, 1, 0, 0, 0, 0, 1, 1, 0, 1, 0, 0, 1, 1, 0, 1, 1, 0, 1, 0, 0, 1, 0, 0, 0, 0, 0, 0, 0, 0, 1, 0, 1, 1, 0, 0, 1, 1, 0, 0, 0, 1, 1, 0, 0, 1, 0, 0, 0, 1, 1, 0, 0, 0, 1, 0, 0, 1, 1, 1, 1, 0, 0, 1, 1, 1, 1, 0, 1, 1, 0, 1, 0, 0, 1, 1, 1, 1, 1, 0, 0 )
Hint([12,9]+[0,5]+[7,9] add up to 27)
Hint([12,3]+[12,5]+[2,2] add up to 31)
Hint([11,4]+[10,13] add up to 11)
Hint([12,0]+[14,15] add up to 11)
Hint([10,11]+[9,4] add up to 11)
Hint([0,10]+[5,10] add up to 24)
Hint([4,12]+[8,12]+[9,1] add up to 21)
Hint([2,1]+[4,12] add up to 22)
Hint([0,5]+[11,10] add up to 17)
Hint([14,6]+[14,6] add up to 24)
