Level( 7, 6, 4, 9, 5, 8, 1, 3, 2, 8, 5, 3, 1, 7, 2, 9, 6, 4, 2, 1, 9, 3, 4, 6, 8, 5, 7, 1, 2, 8, 5, 3, 7, 6, 4, 9, 4, 3, 6, 2, 1, 9, 7, 8, 5, 5, 9, 7, 8, 6, 4, 3, 2, 1, 6, 7, 5, 4, 8, 1, 2, 9, 3, 3, 8, 2, 7, 9, 5, 4, 1, 6, 9, 4, 1, 6, 2, 3, 5, 7, 8 )
Visible( 0, 0, 1, 1, 0, 0, 1, 1, 1, 0, 0, 0, 0, 1, 0, 0, 0, 1, 0, 0, 0, 0, 0, 0, 1, 1, 0, 1, 0, 0, 1, 1, 0, 0, 0, 0, 1, 0, 0, 0, 0, 0, 1, 1, 0, 0, 0, 0, 0, 1, 0, 0, 0, 1, 1, 1, 0, 0, 0, 0, 1, 0, 1, 0, 0, 1, 0, 1, 1, 0, 0, 0, 0, 0, 0, 1, 0, 1, 0, 0, 0 )
Hint([8,2]+[8,1]+[3,8] add up to 14)
Hint([5,2]+[7,4]+[1,1] add up to 16)
Hint([5,7]+[7,2] add up to 8)
Hint([7,2]+[8,2] add up to 10)
Hint([5,1]+[3,7] add up to 7)
Hint([8,3]+[2,5] add up to 14)
Hint([2,0]+[3,3]+[4,3] add up to 9)
Hint([1,5]+[3,6]+[1,2] add up to 11)
Hint([8,8]+[1,5]+[8,1] add up to 18)
Hint([4,6]+[2,1]+[5,6] add up to 9)
