Level( 5, 6, 8, 7, 4, 9, 1, 3, 2, 4, 9, 1, 8, 2, 3, 5, 7, 6, 2, 7, 3, 6, 5, 1, 4, 8, 9, 6, 4, 7, 9, 8, 5, 3, 2, 1, 3, 1, 2, 4, 6, 7, 8, 9, 5, 9, 8, 5, 3, 1, 2, 6, 4, 7, 8, 2, 6, 1, 7, 4, 9, 5, 3, 7, 3, 4, 5, 9, 6, 2, 1, 8, 1, 5, 9, 2, 3, 8, 7, 6, 4 )
Visible( 0, 0, 1, 0, 0, 0, 1, 0, 0, 1, 1, 0, 0, 1, 0, 0, 0, 0, 0, 0, 1, 1, 1, 0, 0, 0, 1, 1, 0, 1, 1, 0, 0, 0, 0, 0, 1, 0, 0, 0, 0, 0, 0, 0, 0, 0, 0, 0, 1, 0, 1, 1, 0, 0, 0, 0, 0, 1, 0, 1, 0, 0, 1, 0, 0, 0, 0, 1, 0, 0, 1, 1, 0, 0, 0, 0, 1, 0, 1, 0, 1 )
Hint([6,5]+[0,1]+[3,6] add up to 8)
Hint([6,4]+[7,6]+[2,3] add up to 17)
Hint([4,3]+[6,2] add up to 10)
Hint([7,4]+[0,7] add up to 14)
Hint([7,7]+[5,0] add up to 8)
Hint([8,1]+[2,1] add up to 5)
Hint([2,6]+[4,8]+[6,1] add up to 11)
Hint([1,2]+[2,3]+[0,8] add up to 12)
Hint([8,3]+[0,5] add up to 8)
Hint([8,6]+[5,8]+[3,5] add up to 11)
