Level( 5, A, 9, 4, B, 2, 1, 3, 6, C, 8, E, D, 0, F, 7, 8, D, 0, 3, A, C, 4, F, 7, 5, 9, B, 1, 2, E, 6, 6, B, 1, 2, 7, E, D, 9, F, 0, 3, A, C, 4, 5, 8, F, 7, E, C, 8, 5, 0, 6, 2, 1, D, 4, 9, 3, B, A, 4, 8, 7, 1, 6, 9, 2, 5, C, 3, B, F, A, E, D, 0, D, 2, A, 0, C, F, 3, 4, 9, E, 5, 6, B, 7, 8, 1, B, 5, 3, 9, 1, A, E, 7, 0, D, 2, 8, 6, F, 4, C, E, C, F, 6, 0, 8, B, D, 1, A, 4, 7, 3, 5, 2, 9, 0, 9, 6, 5, 2, B, F, A, 3, 4, E, 1, 7, 8, C, D, C, 3, B, 8, 5, 6, 7, 0, D, 2, F, 9, E, 1, A, 4, 2, E, 4, 7, 3, D, 9, 1, 8, 6, A, C, 5, B, 0, F, 1, F, D, A, E, 4, C, 8, 5, B, 7, 0, 2, 9, 6, 3, 7, 4, C, D, F, 1, 6, B, E, 9, 0, 5, 8, A, 3, 2, 3, 0, 8, E, 9, 7, A, C, B, F, 6, 2, 4, D, 1, 5, 9, 1, 2, F, 4, 3, 5, E, A, 8, C, D, 0, 6, 7, B, A, 6, 5, B, D, 0, 8, 2, 4, 7, 1, 3, F, C, 9, E )
Visible( 1, 0, 0, 0, 1, 0, 0, 1, 0, 1, 0, 1, 0, 1, 0, 1, 0, 1, 0, 0, 1, 1, 1, 0, 1, 1, 1, 1, 0, 0, 0, 0, 0, 0, 0, 1, 1, 0, 1, 1, 1, 1, 1, 0, 1, 1, 1, 1, 1, 0, 1, 0, 0, 0, 1, 0, 0, 0, 0, 1, 1, 0, 0, 0, 0, 0, 1, 0, 0, 0, 1, 0, 1, 0, 1, 1, 0, 0, 1, 1, 0, 0, 0, 0, 0, 1, 0, 1, 1, 0, 1, 0, 0, 1, 1, 0, 1, 0, 1, 0, 1, 0, 0, 1, 0, 0, 0, 1, 1, 1, 1, 1, 1, 0, 0, 1, 0, 0, 0, 1, 0, 0, 0, 0, 1, 1, 0, 0, 1, 0, 1, 1, 0, 1, 0, 0, 0, 1, 0, 0, 1, 1, 1, 1, 1, 0, 1, 0, 1, 1, 1, 1, 1, 0, 1, 1, 0, 0, 1, 1, 0, 0, 1, 1, 1, 1, 0, 0, 0, 0, 0, 0, 1, 1, 0, 0, 0, 1, 1, 1, 1, 0, 1, 0, 1, 0, 0, 1, 0, 1, 0, 0, 0, 1, 0, 1, 1, 0, 1, 0, 1, 0, 1, 1, 0, 0, 1, 1, 1, 1, 0, 1, 0, 0, 0, 0, 0, 1, 0, 0, 0, 0, 0, 1, 1, 0, 0, 0, 0, 0, 0, 0, 0, 0, 0, 1, 0, 1, 1, 0, 0, 0, 0, 1, 0, 0, 0, 1, 0, 0, 1, 0, 1, 1, 0, 0 )
Hint([15,11]+[1,6]+[7,4] add up to 13)
Hint([10,4]+[12,2]+[1,3] add up to 30)
Hint([10,7]+[11,3] add up to 8)
Hint([13,4]+[15,10] add up to 29)
Hint([11,6]+[8,15] add up to 12)
Hint([1,2]+[3,0] add up to 15)
Hint([5,1]+[5,10] add up to 25)
Hint([8,11]+[2,11]+[6,2] add up to 31)
Hint([0,0]+[10,13] add up to 11)
Hint([12,13]+[0,7] add up to 18)
