Level( 3, 5, 9, 7, 8, 2, 6, 4, 1, 7, 2, 4, 5, 1, 6, 8, 9, 3, 6, 8, 1, 4, 3, 9, 7, 2, 5, 1, 7, 6, 2, 9, 5, 3, 8, 4, 9, 3, 5, 1, 4, 8, 2, 7, 6, 2, 4, 8, 6, 7, 3, 5, 1, 9, 8, 6, 3, 9, 2, 1, 4, 5, 7, 4, 1, 2, 3, 5, 7, 9, 6, 8, 5, 9, 7, 8, 6, 4, 1, 3, 2 )
Visible( 0, 0, 0, 0, 0, 0, 0, 0, 0, 1, 0, 0, 0, 0, 1, 0, 1, 0, 1, 0, 0, 1, 1, 0, 0, 0, 0, 0, 1, 0, 1, 0, 0, 0, 1, 1, 0, 1, 0, 1, 0, 0, 1, 0, 0, 0, 0, 1, 1, 0, 1, 0, 0, 0, 1, 0, 0, 1, 0, 1, 1, 1, 0, 1, 0, 1, 0, 0, 0, 1, 0, 0, 0, 1, 0, 0, 0, 0, 0, 0, 0 )
Hint([8,5]+[0,6]+[5,2] add up to 23)
Hint([5,0]+[6,5]+[1,6] add up to 10)
Hint([4,7]+[7,0] add up to 7)
Hint([7,6]+[0,5] add up to 5)
Hint([5,8]+[5,1] add up to 8)
Hint([8,0]+[1,2] add up to 7)
Hint([1,5]+[4,6]+[5,0] add up to 5)
Hint([0,4]+[3,8] add up to 15)
Hint([8,7]+[7,8] add up to 9)
Hint([8,8]+[0,3] add up to 1)
