Level( 5, 2, 7, 6, 9, 4, 1, 8, 3, 3, 8, 4, 5, 7, 1, 2, 9, 6, 9, 1, 6, 8, 2, 3, 7, 4, 5, 7, 4, 1, 2, 5, 9, 6, 3, 8, 2, 5, 9, 3, 6, 8, 4, 1, 7, 6, 3, 8, 1, 4, 7, 9, 5, 2, 4, 9, 5, 7, 8, 6, 3, 2, 1, 8, 7, 3, 4, 1, 2, 5, 6, 9, 1, 6, 2, 9, 3, 5, 8, 7, 4 )
Visible( 0, 1, 0, 0, 0, 0, 0, 0, 0, 1, 0, 0, 0, 1, 0, 0, 1, 0, 1, 0, 0, 1, 0, 1, 1, 0, 0, 0, 0, 1, 1, 0, 0, 1, 0, 1, 0, 1, 0, 0, 0, 1, 0, 0, 0, 1, 0, 0, 1, 0, 0, 0, 1, 0, 1, 0, 0, 0, 0, 0, 1, 1, 0, 0, 0, 0, 1, 0, 0, 0, 0, 0, 1, 1, 1, 1, 0, 0, 1, 0, 0 )
Hint([8,5]+[0,3]+[4,4] add up to 12)
Hint([6,6]+[8,8]+[2,6] add up to 9)
Hint([5,3]+[6,5] add up to 16)
Hint([6,6]+[0,1] add up to 4)
Hint([5,2]+[4,2] add up to 3)
Hint([8,1]+[2,4] add up to 13)
Hint([2,1]+[3,3]+[4,8] add up to 6)
Hint([0,0]+[2,7]+[1,4] add up to 10)
Hint([8,2]+[8,1] add up to 9)
Hint([7,8]+[5,1]+[1,2] add up to 6)
