Level( 9, 4, 7, 2, 3, 5, 1, 8, 6, 6, 8, 2, 9, 7, 1, 3, 5, 4, 3, 5, 1, 6, 4, 8, 9, 7, 2, 5, 1, 8, 4, 9, 6, 7, 2, 3, 4, 7, 9, 1, 2, 3, 8, 6, 5, 2, 3, 6, 8, 5, 7, 4, 1, 9, 8, 9, 3, 7, 6, 2, 5, 4, 1, 7, 6, 4, 5, 1, 9, 2, 3, 8, 1, 2, 5, 3, 8, 4, 6, 9, 7 )
Visible( 0, 1, 1, 0, 0, 1, 0, 1, 1, 0, 0, 0, 1, 1, 1, 1, 0, 0, 0, 0, 0, 0, 0, 0, 0, 0, 0, 1, 0, 1, 0, 0, 0, 0, 1, 0, 0, 0, 0, 0, 0, 0, 0, 0, 0, 1, 1, 0, 1, 0, 0, 0, 0, 0, 1, 0, 0, 0, 1, 1, 0, 1, 0, 0, 1, 0, 0, 1, 0, 0, 0, 0, 0, 0, 1, 0, 0, 1, 0, 0, 1 )
Hint([8,4]+[0,1]+[3,0] add up to 10)
Hint([7,1]+[6,4]+[1,5] add up to 13)
Hint([5,2]+[6,2] add up to 15)
Hint([5,0]+[8,7] add up to 11)
Hint([6,5]+[4,5] add up to 7)
Hint([0,8]+[3,8] add up to 2)
Hint([2,5]+[4,5]+[5,5] add up to 15)
Hint([0,1]+[2,4]+[1,5] add up to 15)
Hint([6,5]+[0,7] add up to 9)
Hint([8,7]+[5,3]+[1,8] add up to 13)
