Level( 8, 7, 2, 3, 6, 1, 9, 5, 4, 1, 5, 9, 8, 4, 2, 3, 7, 6, 4, 3, 6, 7, 5, 9, 1, 2, 8, 6, 2, 7, 5, 3, 8, 4, 1, 9, 9, 8, 3, 1, 7, 4, 5, 6, 2, 5, 4, 1, 2, 9, 6, 8, 3, 7, 3, 9, 8, 6, 2, 5, 7, 4, 1, 7, 6, 4, 9, 1, 3, 2, 8, 5, 2, 1, 5, 4, 8, 7, 6, 9, 3 )
Visible( 0, 1, 0, 0, 1, 0, 1, 0, 1, 1, 0, 0, 0, 0, 0, 1, 0, 0, 1, 1, 0, 1, 0, 0, 0, 0, 0, 0, 0, 0, 1, 0, 1, 0, 1, 0, 0, 0, 0, 0, 1, 0, 1, 1, 0, 0, 0, 0, 0, 1, 0, 1, 0, 0, 1, 0, 0, 1, 0, 0, 0, 0, 0, 0, 1, 0, 0, 0, 1, 0, 1, 0, 0, 0, 0, 0, 1, 0, 0, 1, 0 )
Hint([8,8]+[1,6]+[5,4] add up to 13)
Hint([6,0]+[6,8]+[2,4] add up to 15)
Hint([5,6]+[7,6] add up to 7)
Hint([6,5]+[0,3] add up to 12)
Hint([5,7]+[5,7] add up to 4)
Hint([0,2]+[2,5] add up to 3)
Hint([1,7]+[5,6]+[5,0] add up to 9)
Hint([1,2]+[2,8] add up to 6)
Hint([8,4]+[7,0] add up to 5)
Hint([8,5]+[8,6]+[5,2] add up to 14)
