Level( 1, 7, 9, 2, 6, 8, 4, 3, 5, 4, 6, 2, 3, 1, 5, 8, 9, 7, 8, 5, 3, 4, 7, 9, 6, 2, 1, 2, 3, 8, 9, 5, 1, 7, 6, 4, 7, 9, 6, 8, 2, 4, 5, 1, 3, 5, 4, 1, 6, 3, 7, 2, 8, 9, 3, 2, 7, 1, 4, 6, 9, 5, 8, 6, 8, 5, 7, 9, 3, 1, 4, 2, 9, 1, 4, 5, 8, 2, 3, 7, 6 )
Visible( 0, 0, 0, 0, 1, 0, 1, 0, 0, 1, 0, 0, 0, 0, 0, 0, 1, 1, 1, 0, 1, 0, 0, 1, 1, 0, 0, 0, 1, 0, 1, 0, 1, 0, 0, 0, 0, 1, 0, 1, 1, 0, 0, 0, 0, 1, 0, 1, 0, 1, 0, 0, 0, 1, 0, 0, 1, 0, 0, 0, 0, 0, 0, 0, 0, 0, 0, 0, 1, 1, 1, 1, 0, 0, 0, 0, 1, 0, 1, 0, 0 )
Hint([6,6]+[0,1]+[3,0] add up to 12)
Hint([7,8]+[8,1]+[0,7] add up to 17)
Hint([5,5]+[6,5] add up to 7)
Hint([6,5]+[0,7] add up to 6)
Hint([7,5]+[4,2] add up to 13)
Hint([8,8]+[4,7] add up to 13)
Hint([2,1]+[3,4]+[4,4] add up to 9)
Hint([8,5]+[3,6]+[1,3] add up to 10)
Hint([6,3]+[0,3]+[7,3] add up to 12)
Hint([5,4]+[1,1]+[4,6] add up to 11)
