Level( 8, 9, 3, 0, 5, 2, B, 1, D, 7, E, A, 6, C, 4, F, 7, F, E, 5, D, C, 6, 8, 4, 9, B, 3, 1, A, 2, 0, 6, A, 2, B, 4, E, F, 7, C, 5, 0, 1, 3, 9, D, 8, 1, 4, C, D, 9, A, 3, 0, 6, 8, 2, F, 5, E, 7, B, B, D, 4, 1, 3, 5, 8, F, 2, C, 9, 0, A, 6, E, 7, E, C, 0, 2, 1, 6, 7, 4, 3, A, F, B, D, 5, 8, 9, 9, 8, 5, 6, E, 0, A, 2, 7, 1, D, 4, C, F, B, 3, F, 3, A, 7, C, B, 9, D, 5, 6, 8, E, 0, 4, 1, 2, A, 1, D, 3, 2, 4, E, 9, B, F, C, 8, 7, 0, 6, 5, 5, 6, F, 8, B, 3, 1, A, 0, 4, 7, 9, E, 2, C, D, 2, E, 7, C, F, D, 0, 5, 1, 3, A, 6, 8, B, 9, 4, 0, B, 9, 4, 8, 7, C, 6, E, D, 5, 2, F, 1, 3, A, 3, 2, 8, 9, 6, 1, D, E, A, 0, 4, 5, B, 7, F, C, D, 5, B, E, 0, F, 4, C, 8, 2, 1, 7, 9, 3, A, 6, 4, 7, 1, F, A, 8, 5, 3, 9, B, 6, C, 2, D, 0, E, C, 0, 6, A, 7, 9, 2, B, F, E, 3, D, 4, 8, 5, 1 )
Visible( 0, 0, 1, 1, 0, 0, 0, 0, 1, 1, 1, 0, 1, 0, 1, 0, 0, 1, 0, 1, 0, 1, 1, 1, 0, 1, 1, 0, 0, 1, 1, 0, 1, 1, 0, 1, 0, 1, 0, 0, 0, 1, 0, 1, 0, 1, 1, 1, 0, 0, 0, 1, 0, 0, 0, 0, 0, 1, 1, 0, 1, 1, 0, 0, 0, 0, 1, 0, 1, 0, 1, 0, 0, 0, 1, 0, 0, 0, 0, 1, 0, 1, 0, 1, 0, 1, 0, 0, 1, 1, 1, 0, 0, 0, 1, 0, 0, 1, 0, 0, 1, 1, 1, 0, 1, 1, 0, 0, 1, 0, 0, 0, 0, 0, 0, 1, 1, 1, 1, 0, 0, 1, 1, 1, 0, 0, 1, 1, 0, 0, 1, 1, 0, 1, 1, 0, 0, 1, 1, 1, 1, 1, 0, 1, 1, 0, 0, 1, 0, 1, 1, 0, 0, 1, 0, 1, 0, 1, 0, 0, 1, 1, 0, 0, 1, 0, 1, 0, 1, 1, 0, 0, 1, 1, 0, 0, 1, 0, 0, 1, 0, 1, 0, 0, 0, 1, 0, 0, 1, 1, 0, 0, 0, 0, 0, 0, 1, 1, 1, 1, 1, 0, 1, 0, 0, 0, 0, 0, 0, 0, 0, 0, 1, 1, 1, 0, 1, 1, 0, 0, 0, 1, 0, 1, 0, 0, 0, 1, 0, 0, 1, 1, 0, 0, 0, 1, 0, 1, 0, 1, 1, 1, 0, 0, 0, 1, 0, 0, 0, 0, 0, 0, 0, 0, 1, 1 )
Hint([12,9]+[1,1]+[6,13] add up to 33)
Hint([12,14]+[15,1]+[1,6] add up to 10)
Hint([9,11]+[12,8] add up to 20)
Hint([12,7]+[0,2] add up to 6)
Hint([12,2]+[7,12] add up to 17)
Hint([14,4]+[4,0] add up to 19)
Hint([4,7]+[7,9] add up to 22)
Hint([8,0]+[15,1]+[4,13] add up to 13)
Hint([15,5]+[11,2] add up to 10)
Hint([14,0]+[13,15]+[10,7] add up to 20)
