Level( 7, 2, 3, 9, 8, 6, 1, 5, 4, 8, 9, 5, 1, 4, 2, 7, 3, 6, 1, 6, 4, 5, 3, 7, 9, 2, 8, 5, 4, 2, 8, 7, 9, 6, 1, 3, 3, 1, 6, 4, 2, 5, 8, 7, 9, 9, 8, 7, 6, 1, 3, 2, 4, 5, 2, 7, 8, 3, 9, 4, 5, 6, 1, 6, 3, 1, 2, 5, 8, 4, 9, 7, 4, 5, 9, 7, 6, 1, 3, 8, 2 )
Visible( 0, 1, 0, 0, 0, 1, 0, 0, 0, 0, 0, 1, 0, 1, 0, 0, 0, 0, 1, 0, 0, 1, 1, 0, 0, 1, 0, 0, 0, 0, 1, 0, 0, 1, 0, 1, 1, 1, 0, 0, 0, 0, 1, 0, 0, 0, 1, 0, 1, 1, 0, 0, 0, 1, 0, 0, 0, 0, 0, 0, 0, 0, 0, 0, 1, 0, 0, 1, 1, 0, 1, 0, 0, 1, 1, 0, 1, 0, 1, 0, 1 )
Hint([8,2]+[8,8]+[5,6] add up to 11)
Hint([6,2]+[7,4]+[1,4] add up to 14)
Hint([5,7]+[7,1] add up to 9)
Hint([7,6]+[1,7] add up to 7)
Hint([6,2]+[4,4] add up to 9)
Hint([0,8]+[4,5] add up to 3)
Hint([2,0]+[3,1]+[4,3] add up to 8)
Hint([1,0]+[2,5]+[1,7] add up to 9)
Hint([7,1]+[8,1] add up to 7)
Hint([8,4]+[4,4]+[1,3] add up to 12)
