Level( 5, B, 8, 4, A, E, D, 9, 6, F, 2, 3, C, 7, 0, 1, 6, F, C, 0, 4, 7, 3, B, E, D, 1, 9, A, 8, 5, 2, 1, 7, 9, D, 2, 5, 6, C, A, 8, B, 0, F, 3, E, 4, 3, E, 2, A, F, 1, 0, 8, 4, 7, C, 5, 9, 6, B, D, 7, 4, E, C, D, 8, 1, 5, 9, A, 3, B, 6, 0, 2, F, 0, 8, 3, 1, 7, F, 9, 6, 2, 5, 4, E, B, C, D, A, F, 2, 6, 9, C, A, B, E, D, 0, 8, 7, 4, 1, 3, 5, D, A, 5, B, 0, 3, 2, 4, 1, C, 6, F, 7, E, 8, 9, B, 5, 4, 8, 6, 2, 7, 0, C, 9, E, A, D, F, 1, 3, 9, 0, 1, E, 8, 4, C, A, B, 3, F, D, 5, 2, 6, 7, 2, D, 7, F, 3, 9, E, 1, 0, 6, 5, 4, 8, A, C, B, C, 3, A, 6, B, D, 5, F, 8, 2, 7, 1, E, 4, 9, 0, 8, 1, F, 3, 9, C, 4, 7, 5, E, D, 2, 0, B, A, 6, E, 9, B, 5, 1, 0, 8, 2, F, 4, A, 6, 3, D, 7, C, A, 6, 0, 7, E, B, F, D, 3, 1, 9, C, 2, 5, 4, 8, 4, C, D, 2, 5, 6, A, 3, 7, B, 0, 8, 1, 9, F, E )
Visible( 0, 0, 1, 1, 0, 1, 1, 0, 0, 0, 0, 1, 1, 0, 0, 0, 0, 0, 0, 0, 0, 0, 1, 0, 1, 0, 1, 0, 0, 0, 1, 0, 0, 0, 0, 0, 1, 1, 0, 1, 0, 0, 1, 0, 1, 0, 0, 0, 0, 0, 1, 1, 0, 1, 1, 0, 1, 1, 1, 1, 0, 0, 0, 0, 1, 0, 0, 0, 0, 0, 1, 0, 1, 0, 0, 0, 1, 1, 1, 1, 0, 1, 1, 1, 1, 0, 0, 1, 0, 1, 1, 0, 0, 0, 0, 0, 1, 0, 0, 1, 1, 1, 0, 1, 0, 0, 0, 1, 1, 1, 1, 0, 0, 0, 0, 1, 0, 1, 1, 0, 1, 0, 0, 1, 0, 0, 0, 0, 1, 0, 1, 1, 1, 0, 1, 1, 1, 1, 0, 1, 0, 0, 1, 0, 1, 1, 0, 0, 1, 0, 1, 0, 1, 1, 0, 1, 0, 1, 0, 1, 1, 1, 1, 0, 1, 1, 0, 1, 1, 1, 1, 0, 1, 1, 0, 1, 1, 1, 1, 0, 1, 0, 0, 1, 0, 1, 0, 0, 1, 1, 0, 0, 1, 1, 1, 1, 0, 0, 1, 1, 0, 0, 0, 0, 0, 0, 1, 1, 0, 0, 1, 1, 1, 0, 0, 0, 0, 1, 1, 1, 1, 0, 0, 0, 0, 0, 0, 0, 1, 1, 0, 0, 0, 0, 0, 0, 0, 1, 0, 1, 1, 0, 1, 0, 0, 0, 1, 0, 0, 1, 1, 0, 0, 1, 1, 1 )
Hint([12,14]+[2,1]+[6,2] add up to 20)
Hint([12,9]+[14,7]+[2,10] add up to 20)
Hint([7,6]+[11,2] add up to 14)
Hint([10,13]+[2,3] add up to 12)
Hint([9,9]+[8,11] add up to 11)
Hint([1,15]+[7,15] add up to 15)
Hint([4,7]+[7,5]+[7,3] add up to 14)
Hint([2,15]+[8,10]+[2,15] add up to 26)
Hint([10,10]+[1,2] add up to 12)
Hint([13,8]+[8,12]+[4,4] add up to 33)
