Level( 6, 5, 1, 3, 2, 7, 8, 4, 9, 9, 7, 2, 4, 1, 8, 3, 5, 6, 3, 8, 4, 5, 9, 6, 2, 7, 1, 7, 2, 5, 8, 3, 9, 6, 1, 4, 4, 6, 8, 1, 7, 5, 9, 2, 3, 1, 3, 9, 2, 6, 4, 7, 8, 5, 8, 1, 6, 9, 5, 2, 4, 3, 7, 2, 9, 3, 7, 4, 1, 5, 6, 8, 5, 4, 7, 6, 8, 3, 1, 9, 2 )
Visible( 0, 0, 0, 0, 1, 0, 1, 0, 0, 0, 0, 1, 1, 0, 0, 1, 1, 1, 0, 0, 0, 1, 0, 1, 0, 0, 1, 0, 0, 0, 0, 0, 0, 0, 1, 1, 0, 1, 0, 1, 0, 1, 0, 0, 0, 0, 0, 1, 0, 0, 0, 0, 0, 1, 0, 1, 0, 0, 0, 0, 0, 1, 1, 1, 1, 0, 0, 1, 0, 0, 0, 0, 1, 0, 0, 1, 0, 1, 0, 0, 0 )
Hint([7,2]+[8,3]+[4,0] add up to 10)
Hint([5,2]+[7,4]+[1,7] add up to 14)
Hint([4,7]+[7,2] add up to 9)
Hint([7,7]+[1,5] add up to 7)
Hint([5,1]+[3,2] add up to 11)
Hint([0,7]+[3,4] add up to 1)
Hint([2,1]+[3,5]+[5,4] add up to 6)
Hint([8,0]+[2,7]+[1,6] add up to 10)
Hint([6,5]+[0,1] add up to 14)
Hint([0,1]+[4,8]+[3,8] add up to 20)
