Level( 7, 9, 2, 5, 1, 3, 4, 8, 6, 8, 1, 6, 7, 2, 4, 3, 9, 5, 3, 5, 4, 9, 8, 6, 1, 2, 7, 6, 4, 9, 8, 7, 2, 5, 3, 1, 2, 3, 8, 1, 6, 5, 9, 7, 4, 1, 7, 5, 4, 3, 9, 2, 6, 8, 5, 2, 3, 6, 4, 8, 7, 1, 9, 9, 6, 7, 2, 5, 1, 8, 4, 3, 4, 8, 1, 3, 9, 7, 6, 5, 2 )
Visible( 0, 0, 0, 0, 0, 0, 0, 1, 0, 0, 0, 0, 0, 0, 1, 0, 0, 1, 1, 0, 0, 1, 0, 1, 0, 1, 0, 1, 1, 1, 0, 0, 1, 0, 1, 0, 1, 0, 0, 0, 0, 0, 0, 0, 1, 0, 0, 1, 0, 1, 0, 0, 0, 1, 0, 0, 1, 0, 0, 0, 0, 1, 0, 0, 1, 0, 0, 1, 1, 0, 0, 0, 0, 0, 0, 1, 0, 0, 0, 0, 0 )
Hint([7,0]+[8,3]+[4,3] add up to 13)
Hint([5,5]+[7,7]+[2,2] add up to 14)
Hint([5,2]+[6,8] add up to 10)
Hint([7,3]+[0,7] add up to 10)
Hint([5,8]+[5,1] add up to 9)
Hint([0,0]+[1,8] add up to 13)
Hint([1,2]+[3,6]+[5,5] add up to 17)
Hint([0,2]+[2,6]+[1,7] add up to 9)
Hint([5,4]+[0,5] add up to 4)
Hint([7,3]+[4,4]+[2,8] add up to 7)
