Level( 4, 3, 5, 1, 2, 7, 8, 6, 9, 9, 7, 6, 5, 8, 3, 4, 1, 2, 2, 1, 8, 4, 6, 9, 7, 3, 5, 5, 6, 7, 8, 9, 4, 3, 2, 1, 8, 9, 1, 2, 3, 6, 5, 7, 4, 3, 4, 2, 7, 5, 1, 6, 9, 8, 6, 8, 3, 9, 4, 2, 1, 5, 7, 7, 5, 9, 6, 1, 8, 2, 4, 3, 1, 2, 4, 3, 7, 5, 9, 8, 6 )
Visible( 0, 0, 0, 0, 0, 1, 0, 0, 0, 0, 1, 0, 0, 1, 0, 0, 1, 0, 0, 0, 0, 1, 0, 0, 0, 0, 0, 0, 0, 0, 0, 1, 0, 1, 0, 0, 0, 0, 1, 1, 0, 0, 1, 0, 1, 0, 1, 0, 1, 0, 0, 1, 0, 0, 0, 0, 1, 0, 0, 0, 0, 0, 0, 0, 0, 1, 0, 1, 1, 0, 1, 0, 0, 1, 0, 0, 0, 1, 0, 1, 1 )
Hint([7,7]+[1,6]+[5,8] add up to 14)
Hint([6,0]+[6,8]+[2,2] add up to 22)
Hint([6,4]+[6,6] add up to 4)
Hint([7,6]+[0,5] add up to 6)
Hint([6,5]+[5,4] add up to 10)
Hint([8,4]+[2,8] add up to 6)
Hint([3,5]+[4,5]+[5,0] add up to 16)
Hint([0,8]+[4,0] add up to 1)
Hint([8,2]+[6,6] add up to 4)
Hint([7,0]+[7,8] add up to 12)
