Level( 3, 7, 9, 1, 2, 6, 8, 4, 5, 6, 5, 2, 8, 3, 4, 1, 7, 9, 4, 1, 8, 7, 9, 5, 2, 6, 3, 7, 9, 3, 2, 6, 1, 4, 5, 8, 8, 6, 5, 4, 7, 9, 3, 2, 1, 2, 4, 1, 3, 5, 8, 7, 9, 6, 9, 3, 4, 5, 8, 7, 6, 1, 2, 1, 2, 6, 9, 4, 3, 5, 8, 7, 5, 8, 7, 6, 1, 2, 9, 3, 4 )
Visible( 0, 0, 0, 1, 1, 0, 0, 0, 0, 0, 1, 0, 0, 0, 0, 1, 1, 0, 1, 0, 1, 0, 1, 0, 0, 0, 0, 1, 1, 0, 1, 0, 0, 0, 1, 1, 0, 0, 0, 0, 0, 1, 0, 0, 1, 1, 1, 0, 1, 0, 0, 0, 0, 0, 0, 0, 0, 1, 1, 0, 0, 0, 1, 0, 0, 0, 0, 0, 1, 0, 0, 0, 0, 0, 0, 0, 0, 0, 1, 0, 1 )
Hint([7,5]+[0,6]+[5,6] add up to 22)
Hint([6,8]+[8,1]+[0,5] add up to 17)
Hint([4,5]+[6,3] add up to 7)
Hint([6,4]+[0,1] add up to 7)
Hint([5,6]+[5,5] add up to 13)
Hint([8,1]+[1,8] add up to 15)
Hint([2,0]+[3,0]+[3,2] add up to 14)
Hint([0,5]+[3,5]+[1,3] add up to 11)
Hint([7,8]+[1,2]+[7,8] add up to 4)
Hint([4,0]+[0,5] add up to 2)
