Level( 2, 4, 9, 3, 5, 7, 8, 1, 6, 6, 5, 8, 2, 9, 1, 4, 7, 3, 1, 3, 7, 8, 4, 6, 2, 9, 5, 5, 1, 6, 9, 3, 8, 7, 2, 4, 4, 7, 3, 5, 1, 2, 6, 8, 9, 8, 9, 2, 6, 7, 4, 5, 3, 1, 9, 8, 1, 7, 6, 5, 3, 4, 2, 3, 2, 5, 4, 8, 9, 1, 6, 7, 7, 6, 4, 1, 2, 3, 9, 5, 8 )
Visible( 1, 0, 1, 0, 0, 0, 0, 1, 0, 1, 0, 1, 1, 0, 0, 0, 0, 0, 0, 1, 0, 0, 0, 0, 0, 0, 0, 1, 1, 1, 0, 0, 1, 1, 0, 0, 0, 0, 0, 0, 0, 0, 0, 0, 1, 0, 0, 0, 1, 1, 0, 0, 1, 0, 0, 1, 0, 0, 1, 0, 0, 0, 1, 1, 0, 0, 0, 1, 1, 0, 1, 1, 1, 0, 0, 0, 0, 1, 1, 0, 0 )
Hint([6,5]+[0,4]+[4,6] add up to 12)
Hint([5,3]+[7,2]+[0,2] add up to 15)
Hint([4,2]+[5,3] add up to 10)
Hint([6,5]+[0,2] add up to 4)
Hint([6,6]+[5,3] add up to 9)
Hint([8,8]+[4,2] add up to 10)
Hint([1,8]+[5,5]+[5,0] add up to 14)
Hint([0,8]+[4,7] add up to 13)
Hint([0,8]+[8,2] add up to 10)
Hint([7,2]+[7,0]+[3,5] add up to 13)
