Level( 7, 6, 3, 8, 1, 4, 2, 9, 5, 9, 2, 4, 5, 7, 6, 3, 1, 8, 5, 8, 1, 2, 3, 9, 4, 7, 6, 2, 9, 8, 4, 5, 3, 7, 6, 1, 1, 4, 5, 7, 6, 2, 9, 8, 3, 6, 3, 7, 1, 9, 8, 5, 2, 4, 8, 5, 9, 6, 4, 7, 1, 3, 2, 4, 7, 2, 3, 8, 1, 6, 5, 9, 3, 1, 6, 9, 2, 5, 8, 4, 7 )
Visible( 0, 1, 0, 1, 1, 0, 1, 0, 0, 0, 0, 0, 0, 0, 0, 1, 0, 0, 0, 1, 1, 1, 0, 1, 0, 0, 0, 0, 1, 1, 0, 0, 1, 1, 1, 0, 0, 1, 0, 1, 0, 1, 0, 1, 0, 0, 0, 0, 0, 0, 0, 0, 0, 1, 0, 0, 0, 0, 0, 1, 1, 0, 0, 1, 0, 0, 0, 0, 1, 0, 0, 1, 0, 0, 1, 0, 0, 0, 0, 0, 1 )
Hint([7,5]+[0,1]+[3,4] add up to 15)
Hint([5,0]+[6,0]+[0,4] add up to 4)
Hint([5,0]+[5,5] add up to 10)
Hint([6,7]+[1,3] add up to 13)
Hint([6,2]+[4,0] add up to 3)
Hint([1,0]+[1,6] add up to 9)
Hint([1,0]+[3,8]+[6,6] add up to 13)
Hint([0,2]+[2,1]+[0,7] add up to 10)
Hint([6,5]+[0,3] add up to 5)
Hint([8,6]+[5,7]+[2,3] add up to 8)
