Level( 8, 2, 1, 6, 4, 3, 9, 7, 5, 6, 7, 4, 9, 1, 5, 8, 2, 3, 3, 5, 9, 8, 2, 7, 6, 4, 1, 2, 4, 6, 7, 3, 9, 1, 5, 8, 9, 3, 5, 1, 8, 2, 4, 6, 7, 1, 8, 7, 4, 5, 6, 2, 3, 9, 4, 9, 3, 2, 7, 1, 5, 8, 6, 7, 6, 8, 5, 9, 4, 3, 1, 2, 5, 1, 2, 3, 6, 8, 7, 9, 4 )
Visible( 0, 0, 0, 1, 0, 0, 0, 0, 0, 1, 0, 1, 0, 0, 1, 0, 1, 0, 1, 0, 0, 0, 0, 0, 0, 0, 1, 0, 1, 0, 0, 1, 0, 0, 0, 0, 1, 0, 0, 1, 1, 0, 0, 1, 0, 1, 0, 0, 0, 0, 1, 1, 0, 0, 0, 1, 0, 0, 1, 0, 0, 0, 0, 0, 0, 0, 0, 1, 0, 1, 0, 0, 0, 0, 1, 1, 0, 0, 1, 0, 1 )
Hint([6,4]+[0,6]+[5,4] add up to 7)
Hint([5,5]+[8,4]+[1,2] add up to 15)
Hint([5,8]+[7,3] add up to 11)
Hint([7,7]+[1,0] add up to 1)
Hint([5,4]+[4,3] add up to 3)
Hint([1,1]+[1,8] add up to 6)
Hint([3,5]+[4,8]+[5,5] add up to 13)
Hint([8,8]+[4,0]+[8,3] add up to 13)
Hint([7,0]+[8,5]+[8,7] add up to 15)
Hint([4,6]+[2,3] add up to 11)
