Level( 5, 1, 9, 2, 7, 3, 8, 4, 6, 7, 2, 3, 6, 4, 8, 1, 5, 9, 6, 4, 8, 5, 1, 9, 2, 7, 3, 2, 3, 4, 9, 5, 6, 7, 1, 8, 1, 8, 6, 7, 2, 4, 3, 9, 5, 9, 7, 5, 3, 8, 1, 6, 2, 4, 4, 5, 1, 8, 6, 7, 9, 3, 2, 3, 6, 2, 1, 9, 5, 4, 8, 7, 8, 9, 7, 4, 3, 2, 5, 6, 1 )
Visible( 0, 0, 1, 1, 0, 0, 1, 1, 0, 0, 0, 0, 0, 1, 0, 0, 0, 0, 1, 0, 0, 1, 0, 1, 1, 0, 0, 1, 1, 0, 0, 0, 1, 0, 0, 0, 0, 0, 1, 0, 0, 0, 0, 1, 0, 0, 1, 0, 0, 1, 1, 0, 0, 0, 0, 0, 0, 0, 0, 0, 0, 1, 1, 1, 0, 1, 0, 1, 0, 0, 0, 0, 0, 1, 0, 1, 0, 0, 0, 0, 1 )
Hint([6,6]+[0,7]+[5,4] add up to 13)
Hint([6,6]+[8,2]+[1,5] add up to 16)
Hint([6,0]+[5,4] add up to 10)
Hint([5,7]+[1,8] add up to 12)
Hint([5,7]+[5,2] add up to 12)
Hint([8,4]+[2,8] add up to 10)
Hint([0,2]+[3,6]+[5,0] add up to 14)
Hint([8,4]+[3,1] add up to 9)
Hint([8,0]+[6,3] add up to 11)
Hint([8,5]+[8,2] add up to 5)
