Level( 7, 5, 4, 1, 8, 2, 3, 6, 9, 9, 8, 1, 4, 6, 3, 2, 5, 7, 6, 2, 3, 5, 7, 9, 8, 4, 1, 5, 7, 2, 8, 9, 4, 1, 3, 6, 4, 3, 6, 7, 1, 5, 9, 8, 2, 1, 9, 8, 3, 2, 6, 5, 7, 4, 8, 6, 7, 9, 5, 1, 4, 2, 3, 2, 4, 9, 6, 3, 8, 7, 1, 5, 3, 1, 5, 2, 4, 7, 6, 9, 8 )
Visible( 0, 1, 0, 0, 0, 0, 0, 0, 1, 0, 0, 1, 0, 0, 1, 0, 0, 0, 1, 1, 0, 0, 0, 1, 0, 1, 1, 1, 0, 0, 1, 0, 0, 0, 0, 1, 0, 1, 0, 1, 0, 0, 1, 1, 0, 0, 0, 0, 0, 1, 1, 0, 1, 0, 0, 0, 1, 1, 1, 0, 0, 0, 0, 0, 0, 0, 0, 0, 1, 0, 1, 0, 1, 0, 0, 0, 0, 0, 1, 0, 0 )
Hint([6,3]+[0,4]+[4,8] add up to 6)
Hint([7,8]+[8,7]+[2,8] add up to 16)
Hint([6,5]+[6,3] add up to 4)
Hint([6,8]+[1,1] add up to 12)
Hint([5,3]+[4,6] add up to 7)
Hint([0,3]+[2,7] add up to 12)
Hint([2,1]+[3,6]+[5,0] add up to 9)
Hint([8,8]+[4,0] add up to 14)
Hint([1,4]+[7,4]+[0,5] add up to 9)
Hint([0,5]+[5,2]+[1,4] add up to 10)
