Level( 4, 5, 1, 7, 8, 3, C, A, 0, 9, D, 6, E, F, 2, B, 3, B, D, 6, 5, 4, F, E, 2, 1, 8, A, 9, 7, C, 0, C, 8, A, 9, 2, D, 0, 7, F, 4, E, B, 3, 5, 6, 1, E, F, 0, 2, 1, 6, 9, B, 7, 3, C, 5, A, 4, D, 8, 7, 6, 5, B, F, 8, A, 3, D, E, 0, 1, C, 2, 9, 4, A, E, 9, 4, B, 0, D, 2, C, 5, F, 8, 7, 6, 1, 3, D, 0, 3, C, 4, E, 7, 1, B, 6, 9, 2, 5, 8, F, A, 1, 2, 8, F, C, 9, 6, 5, 3, A, 4, 7, 0, D, B, E, F, 3, 7, E, 6, 1, B, 0, A, D, 2, C, 4, 9, 8, 5, 5, D, 6, 0, 7, 2, 4, F, E, 8, B, 9, 1, A, 3, C, 2, 1, B, 8, 9, A, 3, C, 4, 0, 5, F, 6, E, 7, D, 9, 4, C, A, E, 5, 8, D, 6, 7, 1, 3, 2, B, 0, F, 0, C, 4, 3, D, F, 5, 6, 8, 2, 7, E, B, 1, A, 9, 6, 9, 2, 1, 3, B, E, 8, 5, C, A, D, F, 0, 4, 7, 8, A, F, 5, 0, 7, 2, 9, 1, B, 3, 4, D, C, E, 6, B, 7, E, D, A, C, 1, 4, 9, F, 6, 0, 8, 3, 5, 2 )
Visible( 1, 0, 1, 0, 0, 1, 1, 0, 1, 1, 0, 1, 1, 0, 1, 0, 0, 0, 0, 0, 1, 1, 1, 0, 1, 1, 1, 1, 1, 0, 0, 0, 1, 0, 1, 0, 1, 1, 1, 1, 1, 0, 1, 1, 1, 1, 1, 1, 1, 0, 1, 0, 1, 0, 0, 0, 0, 0, 0, 1, 0, 0, 1, 1, 0, 0, 0, 1, 1, 0, 1, 1, 0, 0, 1, 0, 1, 1, 0, 1, 0, 0, 0, 0, 0, 0, 0, 0, 0, 0, 0, 0, 0, 0, 0, 0, 1, 1, 0, 1, 0, 0, 1, 1, 0, 1, 0, 0, 0, 1, 0, 0, 1, 1, 0, 0, 0, 1, 0, 0, 1, 1, 1, 1, 1, 1, 0, 1, 0, 0, 0, 0, 1, 1, 1, 1, 0, 0, 0, 1, 1, 1, 1, 1, 1, 0, 0, 1, 0, 1, 0, 0, 0, 1, 0, 1, 1, 1, 1, 1, 0, 0, 0, 1, 0, 1, 0, 0, 1, 0, 0, 0, 1, 0, 1, 0, 1, 0, 1, 1, 0, 0, 0, 0, 1, 1, 0, 0, 1, 0, 0, 1, 0, 1, 0, 0, 0, 1, 1, 0, 0, 0, 1, 0, 1, 1, 1, 1, 1, 0, 0, 0, 0, 1, 0, 1, 1, 1, 1, 0, 1, 1, 0, 0, 0, 1, 1, 0, 0, 1, 1, 0, 1, 0, 0, 0, 0, 1, 0, 1, 0, 0, 0, 0, 0, 1, 0, 1, 0, 1, 1, 1, 1, 1, 1, 1 )
Hint([15,10]+[1,3]+[7,7] add up to 33)
Hint([12,13]+[15,5]+[2,12] add up to 22)
Hint([8,8]+[11,2] add up to 21)
Hint([10,10]+[1,8] add up to 8)
Hint([9,14]+[10,1] add up to 19)
Hint([14,13]+[6,14] add up to 6)
Hint([4,11]+[8,12]+[9,14] add up to 33)
Hint([0,14]+[7,9]+[2,7] add up to 31)
Hint([14,9]+[1,11] add up to 7)
Hint([15,1]+[6,11]+[4,14] add up to 8)
