Level( 6, 7, 9, 5, 1, 4, 8, 3, 2, 3, 2, 4, 8, 7, 6, 9, 1, 5, 1, 8, 5, 9, 3, 2, 4, 6, 7, 8, 9, 1, 7, 6, 5, 2, 4, 3, 7, 4, 6, 2, 9, 3, 5, 8, 1, 2, 5, 3, 1, 4, 8, 6, 7, 9, 5, 3, 7, 4, 8, 9, 1, 2, 6, 4, 6, 2, 3, 5, 1, 7, 9, 8, 9, 1, 8, 6, 2, 7, 3, 5, 4 )
Visible( 0, 1, 1, 1, 0, 1, 0, 1, 0, 1, 0, 0, 0, 0, 0, 1, 0, 1, 0, 0, 0, 0, 0, 0, 0, 0, 0, 0, 0, 0, 0, 1, 0, 0, 1, 0, 0, 0, 0, 1, 0, 0, 1, 0, 0, 1, 1, 1, 0, 0, 0, 0, 0, 0, 0, 0, 1, 0, 1, 0, 0, 0, 0, 0, 1, 0, 1, 0, 0, 1, 0, 0, 0, 1, 0, 1, 1, 0, 0, 0, 0 )
Hint([6,6]+[0,5]+[4,0] add up to 1)
Hint([6,0]+[6,0]+[0,5] add up to 15)
Hint([5,2]+[5,0] add up to 4)
Hint([7,0]+[8,2] add up to 8)
Hint([7,2]+[4,4] add up to 13)
Hint([1,4]+[2,7] add up to 4)
Hint([1,5]+[4,3]+[4,3] add up to 14)
Hint([8,5]+[3,4]+[0,6] add up to 13)
Hint([6,1]+[8,4] add up to 8)
Hint([7,5]+[4,4]+[2,7] add up to 15)
