Level( 6, 7, 5, 9, 8, 4, 1, 2, 3, 8, 4, 1, 6, 2, 3, 5, 7, 9, 9, 3, 2, 7, 5, 1, 8, 4, 6, 2, 5, 4, 1, 3, 8, 9, 6, 7, 7, 8, 9, 5, 4, 6, 3, 1, 2, 1, 6, 3, 2, 7, 9, 4, 8, 5, 3, 2, 8, 4, 6, 5, 7, 9, 1, 4, 1, 6, 3, 9, 7, 2, 5, 8, 5, 9, 7, 8, 1, 2, 6, 3, 4 )
Visible( 1, 0, 0, 0, 1, 1, 0, 0, 1, 0, 0, 1, 0, 1, 0, 1, 0, 0, 0, 1, 0, 0, 0, 1, 0, 0, 0, 1, 1, 1, 0, 0, 0, 0, 1, 0, 0, 0, 0, 1, 0, 1, 1, 0, 0, 0, 0, 0, 0, 0, 0, 0, 1, 0, 1, 1, 1, 0, 0, 0, 0, 1, 0, 0, 0, 0, 0, 1, 0, 1, 0, 0, 0, 1, 0, 0, 0, 0, 0, 0, 1 )
Hint([6,6]+[0,0]+[3,6] add up to 14)
Hint([6,5]+[7,4]+[1,3] add up to 7)
Hint([5,3]+[6,4] add up to 9)
Hint([5,1]+[8,0] add up to 4)
Hint([6,8]+[5,4] add up to 10)
Hint([0,1]+[1,2] add up to 9)
Hint([3,1]+[3,3]+[4,7] add up to 13)
Hint([1,0]+[2,7]+[1,1] add up to 14)
Hint([6,4]+[0,2]+[7,6] add up to 18)
Hint([4,5]+[2,8] add up to 12)
