Level( 6, 9, 1, 7, 3, 2, 8, 5, 4, 8, 5, 2, 9, 4, 1, 3, 6, 7, 7, 4, 3, 5, 8, 6, 9, 1, 2, 9, 3, 6, 8, 2, 4, 1, 7, 5, 1, 2, 4, 3, 5, 7, 6, 9, 8, 5, 8, 7, 1, 6, 9, 4, 2, 3, 4, 7, 8, 6, 9, 5, 2, 3, 1, 3, 1, 9, 2, 7, 8, 5, 4, 6, 2, 6, 5, 4, 1, 3, 7, 8, 9 )
Visible( 1, 0, 0, 0, 0, 0, 0, 0, 0, 0, 0, 1, 1, 0, 0, 0, 0, 0, 0, 0, 0, 0, 1, 1, 0, 1, 0, 0, 1, 0, 0, 0, 0, 0, 1, 0, 0, 0, 0, 1, 0, 0, 1, 0, 1, 1, 0, 0, 0, 0, 0, 1, 0, 0, 0, 1, 1, 0, 0, 0, 1, 0, 0, 0, 1, 1, 1, 0, 0, 0, 1, 0, 0, 0, 0, 0, 1, 1, 0, 0, 0 )
Hint([6,1]+[8,8]+[5,8] add up to 12)
Hint([6,6]+[8,5]+[1,2] add up to 6)
Hint([4,1]+[5,4] add up to 9)
Hint([7,6]+[1,0] add up to 10)
Hint([7,7]+[5,6] add up to 7)
Hint([0,2]+[2,6] add up to 13)
Hint([1,8]+[5,7]+[5,5] add up to 20)
Hint([1,5]+[3,3]+[0,3] add up to 22)
Hint([6,6]+[0,7]+[8,7] add up to 8)
Hint([5,7]+[2,4] add up to 10)
