Level( 1, 8, 9, 5, 4, 3, 2, 6, 7, 6, 3, 5, 2, 7, 9, 8, 1, 4, 2, 7, 4, 6, 1, 8, 3, 5, 9, 5, 9, 3, 1, 8, 7, 6, 4, 2, 4, 6, 8, 9, 2, 5, 7, 3, 1, 7, 1, 2, 3, 6, 4, 9, 8, 5, 3, 5, 7, 4, 9, 6, 1, 2, 8, 8, 2, 6, 7, 5, 1, 4, 9, 3, 9, 4, 1, 8, 3, 2, 5, 7, 6 )
Visible( 0, 0, 0, 1, 0, 0, 0, 0, 1, 1, 0, 0, 0, 1, 0, 0, 0, 0, 1, 0, 0, 1, 1, 0, 1, 0, 1, 0, 1, 0, 0, 1, 1, 0, 0, 1, 1, 0, 0, 0, 0, 0, 0, 0, 0, 0, 0, 0, 0, 0, 1, 0, 1, 0, 0, 1, 1, 0, 0, 0, 0, 0, 1, 0, 0, 1, 0, 1, 1, 0, 0, 1, 1, 0, 0, 0, 0, 0, 0, 0, 0 )
Hint([7,5]+[0,4]+[4,1] add up to 16)
Hint([7,3]+[7,6]+[2,3] add up to 6)
Hint([6,4]+[6,0] add up to 7)
Hint([5,7]+[1,6] add up to 4)
Hint([6,0]+[3,8] add up to 8)
Hint([1,8]+[3,4] add up to 11)
Hint([2,4]+[4,2]+[4,7] add up to 11)
Hint([0,6]+[4,1]+[0,4] add up to 11)
Hint([6,2]+[8,0] add up to 8)
Hint([7,1]+[3,1]+[1,3] add up to 9)
