Level( 6, 1, 2, 3, 5, 4, 7, 9, 8, 8, 9, 3, 6, 2, 7, 1, 5, 4, 4, 5, 7, 8, 9, 1, 6, 2, 3, 5, 3, 6, 1, 7, 2, 8, 4, 9, 7, 8, 9, 4, 6, 5, 3, 1, 2, 1, 2, 4, 9, 3, 8, 5, 7, 6, 3, 4, 8, 5, 1, 9, 2, 6, 7, 2, 6, 5, 7, 4, 3, 9, 8, 1, 9, 7, 1, 2, 8, 6, 4, 3, 5 )
Visible( 0, 0, 0, 0, 1, 1, 1, 0, 0, 0, 0, 0, 1, 0, 0, 0, 0, 0, 0, 1, 0, 1, 1, 0, 0, 1, 0, 1, 1, 0, 0, 0, 1, 1, 1, 0, 0, 1, 0, 0, 1, 0, 0, 1, 0, 0, 1, 1, 0, 0, 0, 0, 0, 1, 1, 1, 0, 0, 1, 0, 0, 0, 0, 1, 0, 0, 0, 0, 0, 0, 0, 1, 0, 0, 0, 0, 1, 0, 0, 0, 0 )
Hint([7,1]+[8,7]+[5,0] add up to 7)
Hint([5,2]+[7,1]+[0,8] add up to 12)
Hint([5,1]+[5,4] add up to 10)
Hint([5,6]+[1,7] add up to 13)
Hint([5,4]+[4,2] add up to 12)
Hint([0,4]+[2,8] add up to 6)
Hint([1,0]+[3,2]+[4,3] add up to 13)
Hint([0,5]+[3,4]+[1,7] add up to 8)
Hint([6,3]+[0,3] add up to 11)
Hint([8,8]+[5,1]+[1,0] add up to 10)
