Level( A, 9, F, 2, 1, 4, D, 5, 0, 3, E, C, 6, B, 7, 8, 5, 8, E, D, 0, C, 6, B, 7, 2, 9, F, 3, A, 4, 1, 7, 1, B, 3, F, A, 2, E, 4, D, 8, 6, 0, 5, C, 9, 6, 4, C, 0, 8, 7, 9, 3, 1, 5, A, B, D, E, 2, F, 9, C, 6, 4, 5, 0, E, 7, 2, A, 1, 3, 8, F, D, B, 8, 2, 5, E, C, F, 4, A, B, 9, D, 0, 1, 6, 3, 7, D, 0, 3, F, B, 9, 1, 6, 8, 4, 5, 7, 2, C, E, A, 1, B, A, 7, 2, 8, 3, D, 6, C, F, E, 5, 4, 9, 0, E, A, D, 9, 4, 6, 7, C, 3, 8, 0, 2, F, 1, B, 5, C, F, 1, B, 9, E, A, 8, D, 7, 6, 5, 4, 3, 0, 2, 2, 6, 4, 8, 3, 5, F, 0, 9, B, C, 1, 7, D, A, E, 0, 3, 7, 5, D, 2, B, 1, F, E, 4, A, 9, 8, 6, C, F, E, 8, 6, 7, D, 0, 9, C, 1, B, 4, A, 2, 5, 3, 3, 5, 9, 1, 6, B, C, F, A, 0, 2, D, E, 7, 8, 4, 4, 7, 0, C, A, 1, 5, 2, E, 6, 3, 8, B, 9, F, D, B, D, 2, A, E, 3, 8, 4, 5, F, 7, 9, C, 0, 1, 6 )
Visible( 0, 0, 1, 0, 0, 0, 1, 1, 0, 0, 0, 1, 1, 0, 0, 1, 1, 0, 1, 1, 1, 0, 1, 1, 1, 1, 0, 0, 0, 0, 1, 0, 0, 0, 1, 1, 1, 1, 0, 0, 1, 0, 1, 0, 0, 0, 1, 0, 1, 0, 0, 1, 1, 0, 0, 0, 0, 0, 1, 0, 0, 0, 0, 0, 1, 1, 0, 1, 1, 1, 1, 0, 0, 0, 0, 1, 0, 0, 0, 1, 0, 1, 1, 1, 0, 1, 1, 0, 1, 0, 1, 0, 0, 0, 0, 0, 1, 0, 0, 0, 1, 0, 0, 1, 0, 1, 0, 1, 1, 0, 1, 1, 1, 0, 0, 0, 0, 0, 1, 1, 0, 1, 1, 0, 1, 1, 1, 0, 0, 0, 0, 0, 0, 0, 0, 0, 0, 0, 1, 0, 1, 0, 0, 0, 0, 1, 0, 1, 1, 0, 1, 0, 0, 1, 1, 1, 0, 1, 1, 0, 0, 0, 0, 0, 0, 1, 0, 0, 0, 1, 0, 0, 1, 0, 0, 1, 1, 1, 0, 1, 1, 1, 1, 0, 1, 1, 1, 1, 1, 1, 1, 1, 0, 0, 0, 0, 0, 0, 0, 0, 0, 0, 0, 0, 1, 1, 0, 0, 1, 1, 1, 1, 0, 0, 1, 1, 1, 1, 0, 0, 1, 0, 0, 0, 1, 0, 1, 0, 0, 0, 0, 0, 1, 0, 1, 0, 1, 1, 1, 0, 1, 1, 0, 0, 1, 1, 1, 1, 1, 0, 1, 1, 0, 0, 0, 0 )
Hint([11,2]+[14,8]+[8,5] add up to 28)
Hint([10,13]+[15,1]+[0,7] add up to 4)
Hint([9,4]+[10,4] add up to 11)
Hint([11,7]+[0,12] add up to 29)
Hint([10,13]+[9,15] add up to 17)
Hint([15,9]+[5,8] add up to 8)
Hint([4,3]+[6,15]+[10,1] add up to 25)
Hint([15,15]+[8,3] add up to 7)
Hint([14,1]+[10,4] add up to 5)
Hint([11,3]+[13,0]+[6,14] add up to 27)
