Level( 3, 4, 1, 5, 9, 8, 6, 2, 7, 5, 9, 8, 2, 7, 6, 4, 1, 3, 2, 6, 7, 4, 1, 3, 9, 8, 5, 1, 7, 3, 8, 6, 4, 5, 9, 2, 4, 8, 5, 1, 2, 9, 7, 3, 6, 9, 2, 6, 7, 3, 5, 1, 4, 8, 7, 5, 9, 3, 8, 1, 2, 6, 4, 6, 3, 2, 9, 4, 7, 8, 5, 1, 8, 1, 4, 6, 5, 2, 3, 7, 9 )
Visible( 0, 0, 0, 0, 0, 0, 1, 0, 0, 0, 0, 1, 1, 0, 0, 0, 0, 1, 0, 0, 1, 0, 0, 0, 1, 1, 0, 0, 1, 1, 0, 1, 0, 1, 0, 0, 0, 0, 0, 1, 0, 0, 0, 0, 0, 0, 0, 1, 0, 0, 0, 0, 1, 0, 0, 1, 0, 0, 0, 0, 0, 0, 0, 0, 0, 0, 0, 0, 1, 1, 0, 1, 0, 1, 0, 0, 0, 1, 0, 1, 1 )
Hint([7,8]+[1,8]+[5,1] add up to 11)
Hint([7,7]+[8,6]+[2,1] add up to 14)
Hint([6,7]+[7,1] add up to 7)
Hint([7,7]+[1,0] add up to 7)
Hint([6,5]+[4,5] add up to 2)
Hint([8,8]+[4,6] add up to 15)
Hint([2,2]+[3,5]+[5,0] add up to 19)
Hint([0,8]+[4,2] add up to 7)
Hint([8,5]+[7,1] add up to 7)
Hint([8,6]+[0,7]+[5,2] add up to 10)
