Level( 8, 5, 1, 2, 3, 6, 4, 7, 9, 3, 6, 9, 4, 5, 7, 8, 1, 2, 2, 4, 7, 8, 9, 1, 6, 5, 3, 5, 8, 4, 1, 2, 9, 3, 6, 7, 6, 1, 2, 3, 7, 8, 9, 4, 5, 9, 7, 3, 6, 4, 5, 2, 8, 1, 1, 9, 8, 7, 6, 3, 5, 2, 4, 4, 3, 6, 5, 1, 2, 7, 9, 8, 7, 2, 5, 9, 8, 4, 1, 3, 6 )
Visible( 0, 1, 0, 0, 0, 1, 0, 1, 0, 0, 0, 0, 0, 1, 0, 0, 0, 0, 0, 0, 1, 1, 0, 0, 0, 0, 1, 0, 0, 0, 1, 0, 0, 1, 0, 1, 0, 0, 0, 0, 0, 0, 0, 0, 1, 1, 0, 0, 1, 1, 0, 1, 0, 0, 1, 1, 0, 0, 0, 0, 0, 1, 0, 1, 0, 1, 1, 0, 1, 0, 0, 1, 0, 0, 0, 0, 1, 0, 0, 0, 0 )
Hint([7,2]+[8,0]+[3,6] add up to 18)
Hint([6,6]+[8,0]+[0,3] add up to 16)
Hint([4,6]+[7,4] add up to 8)
Hint([7,4]+[0,3] add up to 7)
Hint([6,6]+[5,7] add up to 5)
Hint([1,3]+[2,4] add up to 8)
Hint([1,2]+[3,7]+[5,5] add up to 11)
Hint([1,5]+[3,0]+[0,5] add up to 15)
Hint([6,3]+[0,2] add up to 3)
Hint([8,7]+[5,8]+[3,7] add up to 14)
