Level( 5, 3, 4, 6, 1, 7, 8, 9, 2, 1, 2, 8, 9, 4, 3, 7, 5, 6, 9, 7, 6, 5, 8, 2, 3, 4, 1, 3, 5, 9, 4, 6, 8, 1, 2, 7, 4, 6, 1, 2, 7, 9, 5, 8, 3, 7, 8, 2, 3, 5, 1, 4, 6, 9, 8, 4, 3, 1, 2, 6, 9, 7, 5, 6, 1, 7, 8, 9, 5, 2, 3, 4, 2, 9, 5, 7, 3, 4, 6, 1, 8 )
Visible( 0, 1, 0, 1, 1, 0, 0, 1, 0, 0, 0, 1, 0, 0, 0, 0, 0, 0, 0, 0, 1, 0, 0, 1, 0, 0, 1, 0, 0, 0, 0, 1, 1, 1, 1, 0, 0, 0, 0, 1, 1, 0, 0, 0, 1, 0, 1, 0, 0, 0, 0, 0, 0, 0, 0, 0, 0, 1, 0, 0, 0, 0, 0, 0, 0, 0, 0, 1, 1, 0, 1, 1, 1, 0, 1, 0, 0, 1, 0, 0, 0 )
Hint([8,4]+[0,7]+[5,2] add up to 8)
Hint([5,7]+[8,7]+[2,5] add up to 8)
Hint([6,8]+[7,7] add up to 7)
Hint([7,0]+[8,3] add up to 14)
Hint([6,8]+[5,6] add up to 10)
Hint([0,0]+[1,1] add up to 5)
Hint([0,0]+[3,2]+[4,3] add up to 13)
Hint([1,6]+[3,4]+[0,8] add up to 5)
Hint([7,7]+[1,1] add up to 3)
Hint([8,4]+[4,8]+[3,8] add up to 10)
