Level( 9, 8, 5, 7, 1, 3, 4, 6, 2, 1, 4, 3, 2, 9, 6, 5, 7, 8, 2, 7, 6, 5, 8, 4, 9, 3, 1, 8, 2, 7, 4, 3, 5, 6, 1, 9, 5, 6, 4, 1, 2, 9, 3, 8, 7, 3, 1, 9, 8, 6, 7, 2, 5, 4, 4, 9, 1, 3, 5, 8, 7, 2, 6, 7, 3, 8, 6, 4, 2, 1, 9, 5, 6, 5, 2, 9, 7, 1, 8, 4, 3 )
Visible( 1, 1, 1, 0, 0, 0, 0, 0, 1, 0, 0, 0, 0, 0, 1, 0, 1, 0, 1, 0, 0, 0, 1, 0, 0, 0, 0, 0, 0, 0, 0, 1, 1, 1, 1, 1, 0, 1, 0, 0, 0, 1, 1, 0, 0, 0, 0, 0, 0, 0, 0, 0, 0, 0, 1, 0, 1, 0, 0, 1, 0, 0, 0, 0, 0, 1, 0, 1, 0, 0, 0, 1, 1, 0, 0, 1, 0, 0, 0, 0, 0 )
Hint([6,2]+[8,0]+[3,4] add up to 9)
Hint([6,1]+[6,1]+[0,3] add up to 15)
Hint([4,3]+[6,7] add up to 2)
Hint([6,3]+[0,3] add up to 12)
Hint([6,4]+[4,3] add up to 4)
Hint([8,4]+[2,1] add up to 8)
Hint([1,4]+[4,4]+[4,8] add up to 12)
Hint([1,4]+[3,6]+[1,2] add up to 13)
Hint([8,2]+[0,0]+[6,4] add up to 10)
Hint([5,6]+[2,6]+[6,1] add up to 11)
