Level( 6, 3, 8, 7, 2, 1, 5, 4, 9, 4, 9, 7, 6, 5, 3, 1, 8, 2, 1, 5, 2, 9, 8, 4, 7, 3, 6, 3, 6, 4, 5, 1, 9, 2, 7, 8, 9, 8, 5, 2, 7, 6, 4, 1, 3, 2, 7, 1, 3, 4, 8, 6, 9, 5, 5, 2, 9, 1, 3, 7, 8, 6, 4, 8, 1, 6, 4, 9, 2, 3, 5, 7, 7, 4, 3, 8, 6, 5, 9, 2, 1 )
Visible( 0, 1, 1, 0, 0, 0, 0, 1, 0, 0, 0, 1, 1, 0, 0, 0, 1, 1, 0, 1, 0, 0, 0, 0, 1, 1, 0, 0, 0, 0, 1, 1, 1, 0, 0, 0, 1, 0, 0, 1, 0, 0, 0, 0, 0, 0, 0, 1, 0, 1, 0, 1, 0, 0, 0, 0, 0, 1, 0, 1, 0, 0, 0, 0, 0, 1, 0, 0, 1, 1, 1, 0, 0, 0, 0, 0, 0, 0, 0, 1, 1 )
Hint([8,1]+[8,3]+[4,2] add up to 15)
Hint([6,8]+[8,4]+[1,3] add up to 15)
Hint([6,8]+[7,5] add up to 16)
Hint([6,8]+[1,0] add up to 10)
Hint([5,6]+[5,4] add up to 11)
Hint([0,8]+[4,1] add up to 10)
Hint([1,1]+[3,7]+[5,0] add up to 11)
Hint([1,4]+[3,7] add up to 10)
Hint([7,8]+[8,6] add up to 4)
Hint([8,7]+[0,0] add up to 11)
